# n_walkers  560  n_cull  1  simple log(alpha)  -0.001784121793501292
#   T     log_Z(T)      F(T)        U(T)       Cvp(T)    low_pct_i(T) mode_i(T) high_pct_i(T) low_pct_iter(T)  mode_iter(T)   high_pct_iter(T) Z_fract(T)   V(T)   thermal_exp(T)
   0.01     69962.7    -709.318    -708.076     121.173   539588   539636   539637          539588          539636          539637 0.865002  3037.92     -0.0295584
  0.012     58141.5    -709.327    -707.833     121.154   539574   539636   539637          539574          539636          539637 0.870719  3037.83    -0.00292836
  0.014     49697.8    -709.336    -707.591     121.143   539557   539636   539637          539557          539636          539637 0.885755  3037.85     0.00840075
  0.016       43365    -709.346    -707.349     121.136   539540   539636   539637          539540          539636          539637 0.901856  3037.92      0.0127221
  0.018     38439.5    -709.355    -707.107     121.134   539532   539636   539637          539532          539636          539637 0.892831     3038      0.0138018
   0.02     34499.2    -709.365    -706.864     121.134   539518   539636   539637          539518          539636          539637 0.897066  3038.08      0.0134311
  0.022     31275.2    -709.376    -706.622     121.139   539504   539636   539637          539504          539636          539637 0.90123  3038.16      0.0124809
  0.024     28588.6    -709.386     -706.38     121.146   539493   539636   539637          539493          539636          539637 0.899066  3038.23      0.0113723
  0.026     26315.4    -709.397    -706.137     121.157   539475   539636   539637          539475          539636          539637 0.90718   3038.3      0.0103006
  0.028     24366.9    -709.407    -705.895     121.171   539466   539636   539637          539466          539636          539637 0.902562  3038.36     0.00934681
   0.03     22678.2    -709.418    -705.653     121.188   539451   539636   539637          539451          539636          539637 0.90581  3038.41     0.00853533
  0.032     21200.6     -709.43     -705.41     121.207   539437   539636   539637          539437          539636          539637 0.907117  3038.46     0.00786332
  0.034     19896.8    -709.441    -705.168     121.228   539424   539636   539637          539424          539636          539637 0.907451  3038.51      0.0073162
  0.036     18737.9    -709.452    -704.925     121.252   539408   539636   539637          539408          539636          539637 0.910776  3038.55     0.00687537
  0.038       17701    -709.464    -704.683     121.276   539388   539636   539637          539388          539636          539637 0.917899  3038.59     0.00652208
   0.04     16767.8    -709.476     -704.44     121.303   539374   539636   539637          539374          539636          539637 0.918921  3038.63     0.00623909
  0.042     15923.4    -709.487    -704.198      121.33   539364   539636   539637          539364          539636          539637 0.915969  3038.67     0.00601141
  0.044     15155.9    -709.499    -703.955     121.358   539354   539636   539637          539354          539636          539637 0.912814   3038.7     0.00582637
  0.046     14455.1    -709.511    -703.712     121.387   539343   539636   539637          539343          539636          539637 0.910096  3038.74     0.00567351
  0.048     13812.6    -709.524    -703.469     121.417   539323   539636   539637          539323          539636          539637 0.914112  3038.77     0.00554435
   0.05     13221.6    -709.536    -703.227     121.447   539316   539636   539637          539316          539636          539637 0.908478  3038.81     0.00543207
  0.052     12676.1    -709.548    -702.984     121.478   539305   539636   539637          539305          539636          539637 0.905282  3038.84     0.00533134
  0.054     12170.9    -709.561    -702.741     121.511   539293   539636   539637          539293          539636          539637 0.902531  3038.87     0.00523798
  0.056     11701.8    -709.574    -702.498     121.543   539283   539636   539637          539283          539636          539637 0.898188   3038.9     0.00514883
  0.058     11265.1    -709.586    -702.255     121.577   539266   539636   539637          539266          539636          539637 0.897846  3038.93     0.00506152
   0.06     10857.5    -709.599    -702.011     121.612   539251   539636   539637          539251          539636          539637 0.89627  3038.96     0.00497433
  0.062     10476.2    -709.612    -701.768     121.647   539224   539636   539637          539224          539636          539637 0.901192  3038.99     0.00488606
  0.064     10118.8    -709.625    -701.525     121.684   539192   539636   539637          539192          539636          539637 0.908577  3039.02     0.00479595
  0.066     9782.99    -709.638    -701.281     121.722   539173   539636   539637          539173          539636          539637 0.909351  3039.05     0.00470353
  0.068     9466.94    -709.652    -701.038     121.761   539158   539636   539637          539158          539636          539637 0.907921  3039.08     0.00460859
   0.07     9168.96    -709.665    -700.794     121.802   539136   539636   539637          539136          539636          539637 0.909516  3039.11     0.00451113
  0.072     8887.54    -709.679    -700.551     121.844   539119   539636   539637          539119          539636          539637 0.908644  3039.13     0.00441127
  0.074     8621.33    -709.692    -700.307     121.888   539094   539636   539637          539094          539636          539637 0.911227  3039.16     0.00430924
  0.076     8369.13    -709.706    -700.063     121.933   539077   539636   539637          539077          539636          539637 0.910248  3039.19     0.00420532
  0.078     8129.86     -709.72    -699.819      121.98   539059   539636   539637          539059          539636          539637 0.909594  3039.21     0.00409987
   0.08     7902.56    -709.734    -699.575     122.029   539044   539636   539637          539044          539636          539637 0.907398  3039.24     0.00399324
  0.082     7686.35    -709.748    -699.331      122.08   539024   539636   539637          539024          539636          539637 0.907011  3039.26     0.00388578
  0.084     7480.44    -709.762    -699.087     122.133   538997   539636   539637          538997          539636          539637 0.908991  3039.28     0.00377788
  0.086      7284.1    -709.776    -698.843     122.189   538971   539636   539637          538971          539636          539637 0.910568  3039.31     0.00366985
  0.088     7096.69     -709.79    -698.598     122.246   538953   539636   539637          538953          539636          539637 0.909087  3039.33     0.00356204
   0.09     6917.61    -709.805    -698.354     122.306   538937   539636   539637          538937          539636          539637 0.906769  3039.35     0.00345474
  0.092     6746.32    -709.819    -698.109     122.368   538920   539636   539637          538920          539636          539637 0.90461  3039.37      0.0033482
  0.094     6582.31    -709.834    -697.864     122.433   538890   539636   539637          538890          539636          539637 0.906286  3039.39     0.00324268
  0.096     6425.15    -709.849    -697.619       122.5   538868   539636   539637          538868          539636          539637 0.905396  3039.41     0.00313836
  0.098     6274.39    -709.863    -697.374      122.57   538851   539636   539637          538851          539636          539637 0.902826  3039.43     0.00303544
    0.1     6129.67    -709.878    -697.129     122.643   538803   539636   539637          538803          539636          539637 0.908576  3039.45     0.00293405
  0.102     5990.63    -709.893    -696.883     122.719   538785   539636   539637          538785          539636          539637 0.906256  3039.46      0.0028343
  0.104     5856.93    -709.909    -696.638     122.798   538751   539636   539637          538751          539636          539637 0.907881  3039.48     0.00273629
  0.106     5728.28    -709.924    -696.392      122.88   538721   539636   539637          538721          539636          539637 0.908352   3039.5     0.00264008
  0.108      5604.4    -709.939    -696.146     122.965   538687   539636   539637          538687          539636          539637 0.909557  3039.51     0.00254572
   0.11     5485.02    -709.955      -695.9     123.055   538668   539636   539637          538668          539636          539637 0.90701  3039.53     0.00245321
  0.112     5369.91     -709.97    -695.654     123.147   538638   539636   539637          538638          539636          539637 0.906673  3039.54     0.00236256
  0.114     5258.84    -709.986    -695.408     123.244   538611   539636   539637          538611          539636          539637 0.905555  3039.56     0.00227376
  0.116      5151.6    -710.002    -695.161     123.345   538594   539636   539637          538594          539636          539637 0.902022  3039.57     0.00218677
  0.118     5047.99    -710.018    -694.914      123.45   538568   539636   539637          538568          539636          539637 0.900102  3039.58     0.00210154
   0.12     4947.84    -710.034    -694.667     123.559   538547   539636   539637          538547          539636          539637 0.896949   3039.6     0.00201801
  0.122     4850.97     -710.05     -694.42     123.673   538516   539636   539637          538516          539636          539637 0.895467  3039.61     0.00193612
  0.124     4757.23    -710.066    -694.173     123.793   538485   539636   539637          538485          539636          539637 0.893821  3039.62     0.00185578
  0.126     4666.47    -710.083    -693.925     123.917   538457   539636   539637          538457          539636          539637 0.891393  3039.63      0.0017769
  0.128     4578.54    -710.099    -693.677     124.047   538406   539636   539637          538406          539636          539637 0.892904  3039.64     0.00169938
   0.13     4493.32    -710.116    -693.429     124.184   538358   539636   539637          538358          539636          539637 0.893668  3039.65      0.0016231
  0.132     4410.68    -710.133     -693.18     124.326   538326   539636   539637          538326          539636          539637 0.891445  3039.66     0.00154795
  0.134     4330.51     -710.15    -692.932     124.475   538298   539636   539637          538298          539636          539637 0.888252  3039.67     0.00147379
  0.136      4252.7    -710.167    -692.682     124.632   538226   539636   539637          538226          539636          539637 0.891964  3039.68     0.00140048
  0.138     4177.15    -710.184    -692.433     124.796   538140   539636   539637          538140          539636          539637 0.897641  3039.69     0.00132787
   0.14     4103.76    -710.201    -692.183     124.968   538076   539636   539637          538076          539636          539637 0.899754   3039.7     0.00125581
  0.142     4032.43    -710.219    -691.933     125.148   537992   539636   539637          537992          539636          539637 0.904625   3039.7     0.00118411
  0.144     3963.09    -710.236    -691.683     125.338   537972   539636   539637          537972          539636          539637 0.900102  3039.71     0.00111259
  0.146     3895.64    -710.254    -691.432     125.539   537934   539636   539637          537934          539636          539637 0.89776  3039.72     0.00104104
  0.148     3830.02    -710.272     -691.18     125.749   537869   539636   539637          537869          539636          539637 0.898775  3039.72    0.000969255
   0.15     3766.16     -710.29    -690.929     125.971   537812   539636   539637          537812          539636          539637 0.898519  3039.73     0.00089699
  0.152     3703.97    -710.308    -690.677     126.206   537768   539636   539637          537768          539636          539637 0.896311  3039.73    0.000823993
  0.154      3643.4    -710.327    -690.424     126.453   537704   539636   539637          537704          539636          539637 0.896184  3039.74     0.00074999
  0.156     3584.38    -710.345    -690.171     126.715   537632   539636   539637          537632          539636          539637 0.896703  3039.74    0.000674684
  0.158     3526.86    -710.364    -689.917     126.991   537568   539636   539637          537568          539636          539637 0.89604  3039.75    0.000597755
   0.16     3470.78    -710.383    -689.663     127.284   537501   539636   539637          537501          539636          539637 0.895399  3039.75    0.000518855
  0.162     3416.09    -710.402    -689.408     127.595   537400   539636   539637          537400          539636          539637 0.898157  3039.75    0.000437612
  0.164     3362.73    -710.421    -689.152     127.924   537311   539636   539637          537311          539636          539637 0.89923  3039.76    0.000353624
  0.166     3310.65    -710.441    -688.896     128.274   537207   539636   539637          537207          539636          539637 0.901425  3039.76    0.000266457
  0.168     3259.82     -710.46    -688.639     128.645   537085   539636   539637          537085          539636          539637 0.905035  3039.76    0.000175646
   0.17     3210.19     -710.48    -688.382      129.04   537020   539636   539637          537020          539636          539637 0.903133  3039.76    8.06928e-05
  0.172     3161.71      -710.5    -688.123      129.46   536962   539636   539637          536962          539636          539637 0.900166  3039.76   -1.89339e-05
  0.174     3114.34    -710.521    -687.864     129.908   536866   539636   539637          536866          539636          539637 0.90005  3039.76   -0.000123802
  0.176     3068.06    -710.541    -687.603     130.385   536765   539636   539637          536765          539636          539637 0.899978  3039.76   -0.000234514
  0.178     3022.81    -710.562    -687.342     130.894   536651   539636   539637          536651          539636          539637 0.900416  3039.76   -0.000351709
   0.18     2978.57    -710.583     -687.08     131.437   536563   539636   539637          536563          539636          539637 0.898539  3039.75   -0.000476061
  0.182     2935.31    -710.604    -686.816     132.017   536441   539636   539637          536441          539636          539637 0.898757  3039.75    -0.00060828
  0.184     2892.99    -710.626    -686.552     132.636   536251   539636   539637          536251          539636          539637 0.903247  3039.75    -0.00074911
  0.186     2851.58    -710.647    -686.286     133.299   536115   539636   539637          536115          539636          539637 0.903863  3039.74    -0.00089933
  0.188     2811.05     -710.67    -686.019     134.007   536011   539636   539637          536011          539636          539637 0.901821  3039.74    -0.00105975
   0.19     2771.37    -710.692     -685.75     134.766   535888   539636   539637          535888          539636          539637 0.900354  3039.73    -0.00123121
  0.192     2732.53    -710.715    -685.479     135.578   535737   539636   539637          535737          539636          539637 0.900047  3039.72    -0.00141459
  0.194     2694.49    -710.738    -685.207     136.448   535594   539636   539637          535594          539636          539637 0.898762  3039.71    -0.00161079
  0.196     2657.22    -710.761    -684.934     137.379   535326   539636   539637          535326          539636          539637 0.90393   3039.7    -0.00182075
  0.198     2620.71    -710.785    -684.658     138.378   535181   539636   539637          535181          539636          539637 0.901922  3039.69    -0.00204543
    0.2     2584.93    -710.809     -684.38     139.448   535084   539636   539637          535084          539636          539637 0.896801  3039.68    -0.00228583
  0.202     2549.87    -710.833      -684.1     140.596   534704   539636   539637          534704          539636          539637 0.904979  3039.66    -0.00254302
  0.204     2515.49    -710.858    -683.818     141.827   534434   539636   539637          534434          539636          539637 0.907625  3039.64     -0.0028181
  0.206     2481.78    -710.884    -683.533     143.148   534122   539636   539637          534122          539636          539637 0.911326  3039.63    -0.00311222
  0.208     2448.72    -710.909    -683.245     144.565   533842   539636   539637          533842          539636          539637 0.91298  3039.61    -0.00342667
   0.21      2416.3    -710.936    -682.954     146.087   533491   539636   539637          533491          539636          539637 0.917072  3039.59    -0.00376282
  0.212     2384.49    -710.962    -682.661     147.722   533127   539636   539637          533127          539636          539637 0.921055  3039.56    -0.00412221
  0.214     2353.27     -710.99    -682.363     149.479   532883   539636   539637          532883          539636          539637 0.919985  3039.54    -0.00450657
  0.216     2322.64    -711.017    -682.063     151.368   532669   539636   539637          532669          539636          539637 0.917127  3039.51    -0.00491792
  0.218     2292.57    -711.046    -681.758     153.402   532340   539636   539637          532340          539636          539637 0.917144  3039.48    -0.00535857
   0.22     2263.05    -711.075    -681.449     155.594   531808   539636   539637          531808          539636          539637 0.923026  3039.44    -0.00583129
  0.222     2234.06    -711.104    -681.135     157.959   531274   539636   539637          531274          539636          539637 0.927931   3039.4    -0.00633934
  0.224      2205.6    -711.135    -680.817     160.515   530849   539636   539637          530849          539636          539637 0.929473  3039.36    -0.00688663
  0.226     2177.64    -711.166    -680.493     163.281   530271   539636   539637          530271          539636          539637 0.934533  3039.32    -0.00747782
  0.228     2150.18    -711.198    -680.164      166.28   529632   539542   539637          529632          539542          539637 0.939978  3039.27    -0.00811849
   0.23      2123.2     -711.23    -679.828     169.539   528855   539542   539637          528855          539542          539637 0.948611  3039.22    -0.00881522
  0.232     2096.68    -711.264    -679.485     173.087   528537   539542   539637          528537          539542          539637 0.946412  3039.17    -0.00957583
  0.234     2070.63    -711.298    -679.135     176.959   527954   539542   539637          527954          539542          539637 0.94847  3039.11     -0.0104094
  0.236     2045.02    -711.334    -678.777     181.192   527326   539542   539637          527326          539542          539637 0.950798  3039.04     -0.0113265
  0.238     2019.84     -711.37     -678.41      185.83   526760   539542   539637          526760          539542          539637 0.951081  3038.97     -0.0123389
   0.24     1995.09    -711.408    -678.034     190.919   526174   539389   539637          526174          539389          539637 0.950857  3038.89     -0.0134603
  0.242     1970.75    -711.446    -677.646     196.509   525730   539389   539637          525730          539389          539637 0.947282   3038.8     -0.0147052
  0.244     1946.82    -711.486    -677.247     202.654   524740   539389   539637          524740          539389          539637 0.950098  3038.71     -0.0160894
  0.246     1923.28    -711.528    -676.835     209.407   523727   539389   539637          523727          539389          539637 0.951781  3038.61     -0.0176293
  0.248     1900.13    -711.571    -676.409      216.82   522040   539389   539637          522040          539389          539637 0.959811   3038.5     -0.0193412
   0.25     1877.35    -711.615    -675.967     224.941   520934   539389   539637          520934          539389          539637 0.961359  3038.37     -0.0212403
  0.252     1854.94    -711.661    -675.509     233.808   519450   539389   539637          519450          539389          539637 0.965745  3038.24     -0.0233399
  0.254     1832.89    -711.709    -675.032     243.445   517946   539389   539637          517946          539389          539637 0.969487  3038.09     -0.0256496
  0.256      1811.2    -711.759    -674.535     253.856   516212   533544   539637          516212          533544          539637 0.97462  3037.92     -0.0281735
  0.258     1789.85     -711.81    -674.016     265.017   515408   533163   539637          515408          533163          539637 0.973233  3037.75      -0.030909
   0.26     1768.83    -711.865    -673.474     276.875   513930   533163   539637          513930          533163          539637 0.975883  3037.55     -0.0338443
  0.262     1748.15    -711.921    -672.908     289.336   512574   529274   539637          512574          529274          539637 0.977582  3037.33     -0.0369577
  0.264     1727.79     -711.98    -672.316     302.267   511733   529274   539637          511733          529274          539637 0.975901   3037.1     -0.0402159
  0.266     1707.74    -712.042    -671.699     315.492   510762   529274   539637          510762          529274          539637 0.974516  3036.84     -0.0435744
  0.268     1688.01    -712.107    -671.054     328.801   509191   529274   539637          509191          529274          539637 0.976606  3036.57     -0.0469782
   0.27     1668.58    -712.175    -670.383     341.955   507480   529274   539637          507480          529274          539637 0.979881  3036.27     -0.0503646
  0.272     1649.44    -712.246    -669.687     354.698   506560   528965   539637          506560          528965          539637 0.978529  3035.96      -0.053666
  0.274      1630.6    -712.321    -668.965     366.779   504878   528965   539637          504878          528965          539637 0.980903  3035.62     -0.0568152
  0.276     1612.05    -712.399     -668.22     377.962   503538   528965   539637          503538          528965          539637 0.981306  3035.27     -0.0597502
  0.278     1593.77    -712.481    -667.454     388.051   501831   528940   539637          501831          528940          539637 0.983057   3034.9     -0.0624193
   0.28     1575.77    -712.567    -666.669     396.903   500142   519663   539637          500142          519663          539637 0.985032  3034.51     -0.0647852
  0.282     1558.04    -712.657    -665.867     404.431   498758   516754   539637          498758          516754          539637 0.98575  3034.11     -0.0668277
  0.284     1540.58    -712.751    -665.052     410.616   497875   516754   539637          497875          516754          539637 0.984699   3033.7      -0.068545
  0.286     1523.37    -712.849    -664.226     415.495   496957   515931   539106          496957          515931          539106 0.981456  3033.28     -0.0699524
  0.288     1506.41    -712.951    -663.391      419.16   495668   515603   537625          495668          515603          537625 0.977105  3032.85     -0.0710799
   0.29     1489.71    -713.057     -662.55     421.737   494300   515603   536503          494300          515603          536503 0.975526  3032.42     -0.0719691
  0.292     1473.24    -713.167    -661.705     423.382   493435   512613   535416          493435          512613          535416 0.972958  3031.98     -0.0726691
  0.294     1457.02    -713.282    -660.857     424.262   492362   512613   534372          492362          512613          534372 0.971935  3031.54      -0.073233
  0.296     1441.03    -713.401    -660.008     424.549   491470   512613   533472          491470          512613          533472 0.970687  3031.09     -0.0737148
  0.298     1425.26    -713.524    -659.159     424.414   490139   508404   532144          490139          508404          532144 0.969942  3030.64     -0.0741674
    0.3     1409.73     -713.65     -658.31     424.024   489512   508404   531095          489512          508404          531095 0.967544  3030.19      -0.074641
  0.302      1394.4    -713.781    -657.463     423.537   488616   508404   529866          488616          508404          529866 0.965267  3029.74     -0.0751825
  0.304      1379.3    -713.916    -656.616     423.106   487820   508404   529087          487820          508404          529087 0.963971  3029.28     -0.0758347
  0.306      1364.4    -714.055     -655.77     422.876   486359   508404   527523          486359          508404          527523 0.962385  3028.82     -0.0766365
  0.308     1349.72    -714.198    -654.924     422.984   484768   505094   525449          484768          505094          525449 0.959488  3028.35     -0.0776219
   0.31     1335.23    -714.345    -654.078     423.559   483556   505094   524314          483556          505094          524314 0.959535  3027.88     -0.0788199
  0.312     1320.94    -714.496     -653.23     424.714   481945   498789   523094          481945          498789          523094 0.96089   3027.4     -0.0802532
  0.314     1306.85    -714.651    -652.379     426.544   480418   498789   522234          480418          498789          522234 0.963482  3026.91     -0.0819374
  0.316     1292.94    -714.809    -651.523     429.123   479427   498532   520950          479427          498532          520950 0.961759  3026.41     -0.0838796
  0.318     1279.23    -714.972    -650.662     432.491   478748   498532   519948          478748          498532          519948 0.959491  3025.89     -0.0860779
   0.32      1265.7    -715.138    -649.793     436.659   476908   498532   518845          476908          498532          518845 0.961671  3025.36     -0.0885201
  0.322     1252.35    -715.309    -648.915     441.598   475790   498532   517886          475790          498532          517886 0.961622  3024.82     -0.0911843
  0.324     1239.17    -715.483    -648.026     447.243   474506   496248   517152          474506          496248          517152 0.962941  3024.26     -0.0940395
  0.326     1226.17    -715.661    -647.125     453.494   472963   493879   516221          472963          493879          516221 0.964736  3023.68     -0.0970476
  0.328     1213.34    -715.844    -646.212     460.219   471971   493879   514923          471971          493879          514923 0.962408  3023.09      -0.100166
   0.33     1200.68    -716.031    -645.284     467.267   470504   493879   513944          470504          493879          513944 0.963888  3022.47      -0.103352
  0.332     1188.18    -716.221    -644.342     474.477   469919   493879   512968          469919          493879          512968 0.961034  3021.84      -0.106567
  0.334     1175.85    -716.417    -643.386      481.69   468736   493879   512018          468736          493879          512018 0.960269  3021.18      -0.109782
  0.336     1163.68    -716.616    -642.416     488.766   466393   490322   510876          466393          490322          510876 0.963224  3020.51       -0.11298
  0.338     1151.66     -716.82    -641.431     495.597   464490   490322   510013          464490          490322          510013 0.966137  3019.82      -0.116163
   0.34      1139.8    -717.028    -640.433     502.111   463543   490322   509215          463543          490322          509215 0.96535  3019.11      -0.119355
  0.342     1128.09    -717.241    -639.423     508.288   461194   490322   508568          461194          490322          508568 0.969937  3018.38      -0.122599
  0.344     1116.53    -717.458    -638.401     514.154   460103   480488   507302          460103          480488          507302 0.967898  3017.63      -0.125965
  0.346     1105.11     -717.68    -637.367     519.786   458851   480488   505738          458851          480488          505738 0.965467  3016.86      -0.129542
  0.348     1093.84    -717.907    -636.321     525.307   457614   480488   504651          457614          480488          504651 0.964525  3016.06      -0.133445
   0.35     1082.71    -718.138    -635.265     530.884   456154   480488   503402          456154          480488          503402 0.964186  3015.24       -0.13781
  0.352     1071.73    -718.374    -634.198     536.726   454926   476608   502409          454926          476608          502409 0.963841   3014.4      -0.142806
  0.354     1060.88    -718.615    -633.118     543.095   453145   476608   501444          453145          476608          501444 0.965462  3013.52       -0.14864
  0.356     1050.16     -718.86    -632.025     550.324   451613   476608   500388          451613          476608          500388 0.965767   3012.6      -0.155583
  0.358     1039.58     -719.11    -630.916     558.852   450637   476608   499286          450637          476608          499286 0.963602  3011.64      -0.164004
   0.36     1029.13    -719.366    -629.788      569.29   449048   473689   498211          449048          473689          498211 0.963064  3010.62      -0.174428
  0.362     1018.81    -719.626    -628.637     582.522   447544   471175   496927          447544          471175          496927 0.961429  3009.54      -0.187636
  0.364     1008.61    -719.891    -627.455     599.859   446174   471175   495858          446174          471175          495858 0.959362  3008.36      -0.204809
  0.366     998.545    -720.162    -626.233     623.286   445025   471175   494747          445025          471175          494747 0.955206  3007.06      -0.227773
  0.368     988.601    -720.438    -624.956      655.81   442957   471175   493507          442957          471175          493507 0.952041   3005.6      -0.259357
   0.37     978.781     -720.72    -623.601     701.961   441045   471175   492311          441045          471175          492311 0.946884  3003.92      -0.303922
  0.372     969.083    -721.008    -622.135     768.418   438401   464622   490889          438401          464622          490889 0.941226  3001.91      -0.368076
  0.374     959.508    -721.303    -620.508     864.615   432071   464621   489307          432071          464621          489307 0.94306  2999.44      -0.461465
  0.376     950.056    -721.606    -618.648     1002.87   428501   461135   487399          428501          461135          487399 0.933909  2996.29      -0.597233
  0.378     940.728    -721.919    -616.459     1196.89   422779   461135   486216          422779          461135          486216 0.927084  2992.17      -0.791094
   0.38      931.53    -722.243    -613.817     1456.77   416864   460129   485021          416864          460129          485021 0.914403  2986.68       -1.05698
  0.382     922.464    -722.581     -610.59     1778.48   391513   456616   483903          391513          456616          483903 0.965537  2979.39       -1.39681
  0.384     913.538    -722.937    -606.682     2129.21   384737   456616   482934          384737          456616          482934 0.974631  2969.94       -1.78474
  0.386     904.759    -723.313      -602.1     2439.34   379756   453344   481585          379756          453344          481585 0.980617  2958.23       -2.15533
  0.388     896.132    -723.714    -597.012     2619.41   375805   453329   480625          375805          453329          480625 0.986502  2944.66       -2.41524
   0.39     887.659     -724.14    -591.752     2606.44   373780   396459   477771          373780          396459          477771 0.986373  2930.16        -2.4877
  0.392     879.337    -724.591    -586.713     2405.87   373177   396459   473692          373177          396459          473692 0.982381   2915.9        -2.3606
  0.394     871.159    -725.066    -582.209     2086.47   372351   395316   466882          372351          395316          466882 0.974291   2902.9       -2.09114
  0.396     863.113     -725.56    -578.388     1734.58   371303   395316   461326          371303          395316          461326 0.970615  2891.72       -1.76445
  0.398      855.19    -726.071    -575.249     1413.14   370836   389942   452429          370836          389942          452429 0.958211  2882.46       -1.44935
    0.4     847.378    -726.595    -572.696     1150.41   370224   389942   432724          370224          389942          432724 0.929108  2874.91       -1.18167
  0.402      839.67    -727.129    -570.606     949.396   369763   386148   423480          369763          386148          423480 0.923732  2868.76      -0.970386
  0.404     832.058    -727.672    -568.863     801.043   369181   386148   417853          369181          386148          417853 0.926122  2863.68      -0.810119
  0.406     824.539    -728.221    -567.375     693.197   368604   386148   414887          368604          386148          414887 0.933493   2859.4      -0.690581
  0.408     817.107    -728.776    -566.071     614.832   367611   386148   412904          367611          386148          412904 0.942523  2855.72      -0.601497
   0.41     809.759    -729.336    -564.902     557.322   367128   386148   409595          367128          386148          409595 0.942001  2852.49      -0.534422
  0.412     802.493      -729.9    -563.832     514.399   366465   386148   408359          366465          386148          408359 0.948846  2849.59      -0.483006
  0.414     795.307    -730.468    -562.837     481.675   365837   380775   406982          365837          380775          406982 0.953014  2846.96      -0.442697
  0.416     788.198     -731.04    -561.901     456.142   365585   380775   405835          365585          380775          405835 0.955121  2844.54      -0.410305
  0.418     781.164    -731.615    -561.009     435.746   365239   380775   405023          365239          380775          405023 0.957727  2842.28      -0.383619
   0.42     774.206    -732.192    -560.155     419.089   364959   378682   403899          364959          378682          403899 0.95761  2840.17       -0.36111
  0.422     767.319    -732.773    -559.331     405.213   364657   378682   402445          364657          378682          402445 0.955375  2838.17      -0.341718
  0.424     760.504    -733.356    -558.533     393.454   364138   378682   401539          364138          378682          401539 0.956203  2836.28      -0.324701
  0.426     753.759    -733.942    -557.756     383.348   363585   378682   400909          363585          378682          400909 0.958031  2834.49      -0.309534
  0.428     747.083    -734.531    -556.999     374.561   362728   378682   399608          362728          378682          399608 0.957915  2832.77      -0.295843
   0.43     740.475    -735.121    -556.257     366.854   362108   376166   398934          362108          376166          398934 0.959762  2831.13      -0.283352
  0.432     733.933    -735.714    -555.531     360.047   361606   376166   397781          361606          376166          397781 0.958431  2829.56      -0.271858
  0.434     727.457     -736.31    -554.817     354.003   360991   376166   396818          360991          376166          396818 0.958774  2828.05      -0.261205
  0.436     721.044    -736.907    -554.114     348.615   360775   376166   396161          360775          376166          396161 0.958336   2826.6      -0.251272
  0.438     714.696    -737.507    -553.422     343.797   360215   376166   395369          360215          376166          395369 0.958985  2825.21      -0.241963
   0.44     708.409    -738.108    -552.739     339.477   359485   376166   394389          359485          376166          394389 0.959667  2823.87      -0.233198
  0.442     702.184    -738.712    -552.064     335.594   359075   376166   393743          359075          376166          393743 0.960305  2822.57      -0.224911
  0.444      696.02    -739.317    -551.396     332.094   358694   376166   393136          358694          376166          393136 0.960894  2821.33      -0.217045
  0.446     689.915    -739.925    -550.735     328.931   358269   373998   392371          358269          373998          392371 0.960774  2820.12       -0.20955
  0.448     683.868    -740.534     -550.08     326.062   357821   373998   391628          357821          373998          391628 0.960873  2818.96      -0.202384
   0.45      677.88    -741.145    -549.431     323.448   357232   373998   390916          357232          373998          390916 0.961955  2817.84      -0.195507
  0.452     671.948    -741.758    -548.786     321.055   356943   373998   390481          356943          373998          390481 0.962797  2816.76      -0.188886
  0.454     666.073    -742.373    -548.146     318.851   356586   371469   389989          356586          371469          389989 0.963474  2815.71       -0.18249
  0.456     660.253     -742.99    -547.511     316.806   356122   371469   389006          356122          371469          389006 0.962115   2814.7      -0.176292
  0.458     654.488    -743.608    -546.879     314.894   355826   371469   388320          355826          371469          388320 0.961512  2813.73      -0.170268
   0.46     648.777    -744.228    -546.251     313.093   355403   371469   387836          355403          371469          387836 0.962657  2812.79      -0.164397
  0.462     643.118    -744.849    -545.626     311.379   354913   371469   387412          354913          371469          387412 0.964399  2811.88       -0.15866
  0.464     637.512    -745.473    -545.005     309.736   354625   371469   386890          354625          371469          386890 0.964407     2811      -0.153042
  0.466     631.958    -746.097    -544.387     308.146   354333   371469   386643          354333          371469          386643 0.965723  2810.16      -0.147528
  0.468     626.454    -746.724    -543.773     306.595   354181   367702   386257          354181          367702          386257 0.965258  2809.34      -0.142108
   0.47     621.001    -747.352    -543.161     305.073   353792   367702   385569          353792          367702          385569 0.964359  2808.56      -0.136771
  0.472     615.597    -747.982    -542.552      303.57   353448   367702   385005          353448          367702          385005 0.963849  2807.81      -0.131511
  0.474     610.243    -748.613    -541.947     302.079   352988   367702   384401          352988          367702          384401 0.963801  2807.08       -0.12632
  0.476     604.936    -749.246    -541.344     300.594   352554   367702   383943          352554          367702          383943 0.964444  2806.39      -0.121194
  0.478     599.677     -749.88    -540.744     299.111   352323   365850   383568          352323          365850          383568 0.964307  2805.72       -0.11613
   0.48     594.465    -750.516    -540.148      297.63   352006   365850   383183          352006          365850          383183 0.964468  2805.08      -0.111125
  0.482     589.299    -751.153    -539.554     296.149   351517   365850   382541          351517          365850          382541 0.964169  2804.48      -0.106177
  0.484     584.179    -751.792    -538.963     294.669   351176   365850   382091          351176          365850          382091 0.96413  2803.89      -0.101286
  0.486     579.104    -752.432    -538.375     293.191   350780   365850   381670          350780          365850          381670 0.964579  2803.34       -0.09645
  0.488     574.074    -753.074     -537.79     291.719   350477   365850   381305          350477          365850          381305 0.964714  2802.81     -0.0916701
   0.49     569.088    -753.717    -537.208     290.255   349915   365850   380965          349915          365850          380965 0.966452  2802.31     -0.0869461
  0.492     564.144    -754.361    -536.629     288.803   349562   361094   380445          349562          361094          380445 0.965987  2801.84     -0.0822782
  0.494     559.244    -755.007    -536.053     287.367   349364   361094   380035          349364          361094          380035 0.965255  2801.39     -0.0776668
  0.496     554.386    -755.654     -535.48     285.951   349099   361094   379454          349099          361094          379454 0.963854  2800.97     -0.0731122
  0.498      549.57    -756.302    -534.909     284.559   348770   361094   379132          348770          361094          379132 0.964364  2800.57     -0.0686145
    0.5     544.795    -756.952    -534.342     283.195   348577   361094   378788          348577          361094          378788 0.963766   2800.2     -0.0641739
  0.502      540.06    -757.603    -533.777     281.862   348079   361094   378257          348079          361094          378257 0.96396  2799.85     -0.0597902
  0.504     535.366    -758.256    -533.214     280.565   347750   361094   377851          347750          361094          377851 0.963928  2799.53     -0.0554632
  0.506     530.711    -758.909    -532.654     279.305   347148   359688   377513          347148          359688          377513 0.966096  2799.23     -0.0511922
  0.508     526.095    -759.564    -532.097     278.086   346882   359688   376960          346882          359688          376960 0.96505  2798.96     -0.0469765
   0.51     521.519     -760.22    -531.542     276.909   346645   359688   376639          346645          359688          376639 0.965204   2798.7     -0.0428153
  0.512      516.98    -760.878    -530.989     275.776   346501   359688   376325          346501          359688          376325 0.964674  2798.48     -0.0387075
  0.514     512.479    -761.536    -530.439     274.687   346305   359688   375963          346305          359688          375963 0.964047  2798.27     -0.0346518
  0.516     508.015    -762.196     -529.89     273.644   345906   359688   375253          345906          359688          375253 0.962605  2798.09     -0.0306469
  0.518     503.588    -762.857    -529.344     272.646   345670   359688   374923          345670          359688          374923 0.962675  2797.93     -0.0266912
   0.52     499.197    -763.519      -528.8     271.693   345156   359688   374545          345156          359688          374545 0.964275  2797.79     -0.0227833
  0.522     494.842    -764.183    -528.257     270.784   344867   359688   374307          344867          359688          374307 0.965344  2797.67     -0.0189215
  0.524     490.522    -764.847    -527.717     269.918   344651   359634   374062          344651          359634          374062 0.965813  2797.58     -0.0151042
  0.526     486.238    -765.513    -527.178     269.092   344271   357435   373560          344271          357435          373560 0.965685   2797.5     -0.0113297
  0.528     481.988     -766.18     -526.64     268.306   343991   357435   373046          343991          357435          373046 0.964998  2797.45    -0.00759657
   0.53     477.773    -766.848    -526.104     267.556   343887   357435   372738          343887          357435          372738 0.964467  2797.42    -0.00390313
  0.532     473.591    -767.517     -525.57     266.842   343687   357435   372370          343687          357435          372370 0.964106  2797.41   -0.000247908
  0.534     469.442    -768.187    -525.037      266.16   343535   357435   372091          343535          357435          372091 0.963899  2797.42     0.00337054
  0.536     465.327    -768.858    -524.505     265.508   343271   357435   371816          343271          357435          371816 0.964355  2797.44     0.00695355
  0.538     461.244     -769.53    -523.975     264.884   342969   357235   371586          342969          357235          371586 0.965294  2797.49      0.0105024
   0.54     457.193    -770.204    -523.446     264.285   342783   357235   371183          342783          357235          371183 0.964314  2797.56      0.0140183
  0.542     453.175    -770.878    -522.918     263.709   342575   357235   370722          342575          357235          370722 0.963111  2797.65      0.0175023
  0.544     449.187    -771.554    -522.391     263.154   342224   357235   370353          342224          357235          370353 0.96347  2797.76      0.0209553
  0.546     445.231     -772.23    -521.865     262.619   341934   354976   369923          341934          354976          369923 0.963033  2797.88      0.0243784
  0.548     441.306    -772.908     -521.34       262.1   341815   354976   369575          341815          354976          369575 0.96205  2798.03      0.0277722
   0.55     437.411    -773.586    -520.817     261.597   341636   354976   369316          341636          354976          369316 0.961877   2798.2      0.0311377
  0.552     433.546    -774.266    -520.294     261.108   341227   354976   369003          341227          354976          369003 0.962823  2798.38      0.0344753
  0.554     429.711    -774.947    -519.772     260.632   341010   354976   368661          341010          354976          368661 0.962328  2798.58      0.0377857
  0.556     425.906    -775.628    -519.251     260.168   340628   354952   368400          340628          354952          368400 0.963354   2798.8      0.0410696
  0.558     422.129    -776.311    -518.732     259.717   340258   354952   368207          340258          354952          368207 0.964679  2799.04      0.0443272
   0.56     418.381    -776.995    -518.213     259.276   339929   354952   367985          339929          354952          367985 0.96558   2799.3      0.0475591
  0.562     414.662     -777.68    -517.695     258.846   339765   354952   367874          339765          354952          367874 0.966039  2799.57      0.0507656
  0.564     410.971    -778.365    -517.177     258.427   339577   354952   367674          339577          354952          367674 0.965956  2799.87      0.0539472
  0.566     407.307    -779.052    -516.661      258.02   339012   354952   367343          339012          354952          367343 0.967383  2800.18       0.057104
  0.568     403.672     -779.74    -516.145     257.624   338608   350934   366992          338608          350934          366992 0.967849  2800.51      0.0602363
   0.57     400.063    -780.428     -515.63      257.24   338439   349679   366723          338439          349679          366723 0.967394  2800.85      0.0633444
  0.572     396.481    -781.118    -515.116      256.87   338244   349679   366370          338244          349679          366370 0.966544  2801.22      0.0664285
  0.574     392.926    -781.808    -514.603     256.512   337951   349679   366051          337951          349679          366051 0.966499   2801.6      0.0694886
  0.576     389.397      -782.5     -514.09      256.17   337803   349679   365792          337803          349679          365792 0.965854  2801.99      0.0725248
  0.578     385.895    -783.192    -513.578     255.842   337666   349679   365268          337666          349679          365268 0.963538  2802.41      0.0755371
   0.58     382.418    -783.886    -513.067     255.531   337441   347025   364543          337441          347025          364543 0.96058  2802.84      0.0785255
  0.582     378.966     -784.58    -512.556     255.236   337027   347025   364310          337027          347025          364310 0.961909  2803.29      0.0814898
  0.584      375.54    -785.275    -512.046     254.959   336704   347025   363989          336704          347025          363989 0.962121  2803.75      0.0844299
  0.586     372.139    -785.972    -511.536       254.7   336485   347025   363763          336485          347025          363763 0.962256  2804.24      0.0873453
  0.588     368.762    -786.669    -511.027     254.461   336194   347025   363347          336194          347025          363347 0.961624  2804.73      0.0902357
   0.59      365.41    -787.367    -510.518     254.241   336017   347025   363145          336017          347025          363145 0.961623  2805.25      0.0931007
  0.592     362.082    -788.066     -510.01      254.04   335924   347025   362990          335924          347025          362990 0.961257  2805.78      0.0959395
  0.594     358.778    -788.765    -509.502      253.86   335550   347025   362692          335550          347025          362692 0.961723  2806.33      0.0987514
  0.596     355.498    -789.466    -508.995     253.699   335260   347025   362483          335260          347025          362483 0.962332  2806.89       0.101535
  0.598     352.241    -790.168    -508.487     253.558   335125   347025   362200          335125          347025          362200 0.96128  2807.47       0.104291
    0.6     349.008     -790.87     -507.98     253.437   334786   347025   361943          334786          347025          361943 0.961814  2808.06       0.107016
  0.602     345.797    -791.574    -507.474     253.334   334612   346960   361745          334612          346960          361745 0.961624  2808.67       0.109711
  0.604     342.609    -792.278    -506.967     253.249   334440   346960   361465          334440          346960          361465 0.960784  2809.29       0.112372
  0.606     339.444    -792.983    -506.461     253.182   334081   346960   361279          334081          346960          361279 0.961967  2809.93          0.115
  0.608       336.3    -793.689    -505.954      253.13   333710   346960   361124          333710          346960          361124 0.963449  2810.58       0.117592
   0.61     333.179    -794.396    -505.448     253.093   333453   346960   360654          333453          346960          360654 0.96198  2811.25       0.120146
  0.612      330.08    -795.104    -504.942     253.069   333144   346960   360501          333144          346960          360501 0.963212  2811.93       0.122661
  0.614     327.002    -795.813    -504.436     253.057   332994   346940   360255          332994          346940          360255 0.962621  2812.63       0.125135
  0.616     323.946    -796.522     -503.93     253.054   332484   346940   360064          332484          346940          360064 0.965086  2813.34       0.127565
  0.618     320.911    -797.233    -503.423     253.059   332162   346940   359901          332162          346940          359901 0.966449  2814.07        0.12995
   0.62     317.897    -797.944    -502.917     253.069   331885   346940   359747          331885          346940          359747 0.967574   2814.8       0.132288
  0.622     314.903    -798.656    -502.411     253.083   331747   345099   359520          331747          345099          359520 0.967181  2815.56       0.134575
  0.624      311.93    -799.369    -501.905     253.098   331542   345099   359226          331542          345099          359226 0.966838  2816.32        0.13681
  0.626     308.978    -800.083    -501.399     253.112   331397   345099   358957          331397          345099          358957 0.966224   2817.1       0.138992
  0.628     306.046    -800.798    -500.893     253.122   331141   344298   358629          331141          344298          358629 0.96603  2817.89       0.141117
   0.63     303.133    -801.513    -500.386     253.127   330957   344298   358451          330957          344298          358451 0.9664  2818.69       0.143184
  0.632     300.241    -802.229     -499.88     253.124   330752   344298   358166          330752          344298          358166 0.966177   2819.5        0.14519
  0.634     297.368    -802.947    -499.374      253.11   330618   344298   357940          330618          344298          357940 0.965852  2820.33       0.147135
  0.636     294.514    -803.665    -498.868     253.084   330377   344298   357745          330377          344298          357745 0.966524  2821.16       0.149015
  0.638      291.68    -804.384    -498.362     253.044   330167   344298   357592          330167          344298          357592 0.967239  2822.01       0.150831
   0.64     288.864    -805.103    -497.855     252.987   329945   344298   357340          329945          344298          357340 0.967344  2822.86        0.15258
  0.642     286.068    -805.824     -497.35     252.912   329834   344298   357142          329834          344298          357142 0.967046  2823.73       0.154261
  0.644      283.29    -806.545    -496.844     252.817   329703   344298   356771          329703          344298          356771 0.965725  2824.61       0.155873
  0.646     280.531    -807.268    -496.338       252.7   329481   344298   356596          329481          344298          356596 0.966352  2825.49       0.157416
  0.648     277.789    -807.991    -495.833      252.56   329165   344018   356418          329165          344018          356418 0.967616  2826.38       0.158888
   0.65     275.066    -808.714    -495.328     252.396   329025   344018   356236          329025          344018          356236 0.967659  2827.29       0.160291
  0.652     272.361    -809.439    -494.823     252.207   328760   344018   356044          328760          344018          356044 0.968441   2828.2       0.161625
  0.654     269.674    -810.165    -494.319     251.993   328569   344018   355772          328569          344018          355772 0.968261  2829.11       0.162888
  0.656     267.005    -810.891    -493.816     251.752   328378   344018   355636          328378          344018          355636 0.968948  2830.04       0.164083
  0.658     264.352    -811.618    -493.312     251.484   328209   344018   355409          328209          344018          355409 0.968893  2830.97        0.16521
   0.66     261.717    -812.346     -492.81      251.19   327947   344018   355247          327947          344018          355247 0.969828  2831.91       0.166271
  0.662       259.1    -813.075    -492.308     250.869   327863   344018   355122          327863          344018          355122 0.969836  2832.86       0.167267
  0.664     256.499    -813.804    -491.806     250.522   327727   344014   354983          327727          344014          354983 0.970003  2833.81       0.168201
  0.666     253.915    -814.534    -491.305     250.149   327571   340059   354682          327571          340059          354682 0.969317  2834.76       0.169073
  0.668     251.348    -815.265    -490.806     249.752   327249   338677   354343          327249          338677          354343 0.969429  2835.72       0.169887
   0.67     248.797    -815.997    -490.306     249.331   326964   338677   353934          326964          338677          353934 0.969029  2836.69       0.170646
  0.672     246.262     -816.73    -489.808     248.887   326866   338677   353679          326866          338677          353679 0.968419  2837.66       0.171352
  0.674     243.744    -817.463    -489.311     248.422   326661   338677   353518          326661          338677          353518 0.968975  2838.63       0.172008
  0.676     241.241    -818.197    -488.815     247.937   326432   338677   353252          326432          338677          353252 0.969054  2839.61       0.172619
  0.678     238.755    -818.932    -488.319     247.434   326274   338677   353062          326274          338677          353062 0.969152  2840.59       0.173187
   0.68     236.284    -819.668    -487.825     246.915   326150   338677   352846          326150          338677          352846 0.968857  2841.58       0.173716
  0.682     233.829    -820.404    -487.332     246.381   326071   336300   352687          326071          336300          352687 0.968579  2842.57        0.17421
  0.684     231.389    -821.141    -486.839     245.835   325931   336300   352346          325931          336300          352346 0.967531  2843.56       0.174673
  0.686     228.965    -821.879    -486.348     245.279   325682   336300   352056          325682          336300          352056 0.967471  2844.56       0.175109
  0.688     226.556    -822.618    -485.858     244.715   325487   336300   351903          325487          336300          351903 0.967959  2845.55       0.175522
   0.69     224.161    -823.357    -485.369     244.146   325274   336300   351693          325274          336300          351693 0.968187  2846.55       0.175917
  0.692     221.782    -824.097    -484.882     243.572   325182   336300   351404          325182          336300          351404 0.967128  2847.56       0.176298
  0.694     219.418    -824.838    -484.395     242.998   325071   335415   351224          325071          335415          351224 0.966856  2848.56       0.176668
  0.696     217.068    -825.579     -483.91     242.425   324972   335415   351003          324972          335415          351003 0.966182  2849.57       0.177033
  0.698     214.732    -826.321    -483.425     241.855   324925   335415   350787          324925          335415          350787 0.96513  2850.58       0.177397
    0.7     212.411    -827.064    -482.942     241.292   324788   335415   350525          324788          335415          350525 0.964355  2851.59       0.177763
  0.702     210.104    -827.808     -482.46     240.736   324598   335415   350299          324598          335415          350299 0.964125  2852.61       0.178136
  0.704     207.811    -828.552    -481.979     240.191   324329   335415   350203          324329          335415          350203 0.965277  2853.62        0.17852
  0.706     205.532    -829.297    -481.499     239.658   324173   335415   349964          324173          335415          349964 0.964702  2854.64       0.178919
  0.708     203.267    -830.043    -481.021      239.14   324055   333603   349776          324055          333603          349776 0.964175  2855.67       0.179336
   0.71     201.016    -830.789    -480.543     238.639   323963   333603   349573          323963          333603          349573 0.963323  2856.69       0.179776
  0.712     198.778    -831.536    -480.066     238.156   323766   332544   349250          323766          332544          349250 0.962356  2857.72       0.180242
  0.714     196.553    -832.283     -479.59     237.694   323728   332544   349024          323728          332544          349024 0.960923  2858.75       0.180737
  0.716     194.342    -833.032    -479.115     237.254   323560   332544   348855          323560          332544          348855 0.960741  2859.79       0.181265
  0.718     192.145    -833.781    -478.641     236.838   323284   332180   348511          323284          332180          348511 0.960063  2860.83       0.181829
   0.72      189.96     -834.53    -478.168     236.447   322991   332180   348352          322991          332180          348352 0.960912  2861.87       0.182432
  0.722     187.788     -835.28    -477.695     236.084   322802   332180   348180          322802          332180          348180 0.960907  2862.92       0.183076
  0.724      185.63    -836.031    -477.224     235.749   322632   332180   347888          322632          332180          347888 0.959891  2863.97       0.183764
  0.726     183.484    -836.783    -476.752     235.444   322506   332180   347722          322506          332180          347722 0.959477  2865.02       0.184499
  0.728      181.35    -837.535    -476.282     235.169   322374   332180   347560          322374          332180          347560 0.959088  2866.08       0.185282
   0.73      179.23    -838.288    -475.812     234.927   322198   332180   347392          322198          332180          347392 0.958923  2867.15       0.186116
  0.732     177.121    -839.041    -475.342     234.717   322062   332180   347222          322062          332180          347222 0.958406  2868.22       0.187003
  0.734     175.025    -839.795    -474.873     234.541   321928   332180   347082          321928          332180          347082 0.958054  2869.29       0.187944
  0.736     172.942     -840.55    -474.404     234.399   321584   332180   346842          321584          332180          346842 0.958548  2870.37        0.18894
  0.738      170.87    -841.305    -473.935     234.291   321318   332180   346517          321318          332180          346517 0.957892  2871.46       0.189994
   0.74     168.811    -842.061    -473.467     234.219   321162   332180   346237          321162          332180          346237 0.956768  2872.55       0.191104
  0.742     166.763    -842.817    -472.998     234.182   320977   332180   346043          320977          332180          346043 0.956558  2873.66       0.192274
  0.744     164.727    -843.575     -472.53     234.181   320825   332180   345865          320825          332180          345865 0.956194  2874.76       0.193502
  0.746     162.703    -844.332    -472.062     234.216   320718   332180   345630          320718          332180          345630 0.954972  2875.88        0.19479
  0.748     160.691    -845.091    -471.593     234.287   320572   331890   345486          320572          331890          345486 0.954737  2877.01       0.196137
   0.75      158.69     -845.85    -471.124     234.393   320197   331890   345353          320197          331890          345353 0.956451  2878.14       0.197544
  0.752       156.7    -846.609    -470.655     234.535   319993   331890   345229          319993          331890          345229 0.956861  2879.28        0.19901
  0.754     154.722    -847.369    -470.186     234.712   319783   331890   345094          319783          331890          345094 0.957169  2880.43       0.200535
  0.756     152.756     -848.13    -469.717     234.924   319528   331890   344869          319528          331890          344869 0.957204  2881.59       0.202119
  0.758       150.8    -848.892    -469.246      235.17   319318   331890   344571          319318          331890          344571 0.956311  2882.76       0.203759
   0.76     148.856    -849.654    -468.776     235.449   319139   331890   344426          319139          331890          344426 0.956399  2883.94       0.205456
  0.762     146.922    -850.416    -468.305     235.761   318944   331890   344346          318944          331890          344346 0.957101  2885.13       0.207208
  0.764         145    -851.179    -467.833     236.105   318734   331890   344138          318734          331890          344138 0.956847  2886.33       0.209013
  0.766     143.088    -851.943     -467.36      236.48   318512   331890   344024          318512          331890          344024 0.957476  2887.54        0.21087
  0.768     141.187    -852.708    -466.887     236.885   318236   331890   343443          318236          331890          343443 0.954943  2888.77       0.212778
   0.77     139.296    -853.473    -466.413     237.319   317999   331890   343350          317999          331890          343350 0.956007     2890       0.214734
  0.772     137.417    -854.238    -465.938     237.781   317665   331890   343150          317665          331890          343150 0.957022  2891.25       0.216736
  0.774     135.548    -855.005    -465.462      238.27   317453   331890   343056          317453          331890          343056 0.957872  2892.51       0.218782
  0.776     133.689    -855.772    -464.984     238.783   317236   331890   342805          317236          331890          342805 0.957596  2893.78        0.22087
  0.778      131.84    -856.539    -464.506     239.321   317163   330975   342557          317163          330975          342557 0.95624  2895.07       0.222996
   0.78     130.002    -857.307    -464.027     239.882   316951   330975   342416          316951          330975          342416 0.956721  2896.36       0.225158
  0.782     128.174    -858.076    -463.547     240.463   316809   330975   342312          316809          330975          342312 0.956901  2897.67       0.227354
  0.784     126.356    -858.845    -463.065     241.064   316639   330975   342131          316639          330975          342131 0.956669     2899        0.22958
  0.786     124.548    -859.615    -462.583     241.683   316337   330975   342001          316337          330975          342001 0.957795  2900.34       0.231834
  0.788      122.75    -860.386    -462.099     242.319   315917   330975   341727          315917          330975          341727 0.95874  2901.69       0.234111
   0.79     120.962    -861.157    -461.613     242.969   315561   329980   341570          315561          329980          341570 0.960232  2903.05       0.236409
  0.792     119.184    -861.929    -461.127     243.632   315381   329980   341465          315381          329980          341465 0.960805  2904.43       0.238725
  0.794     117.416    -862.701    -460.639     244.307   315128   329980   341327          315128          329980          341327 0.961641  2905.83       0.241055
  0.796     115.657    -863.474    -460.149     244.991   314982   329980   341177          314982          329980          341177 0.961606  2907.24       0.243395
  0.798     113.908    -864.248    -459.659     245.683   314809   329980   340969          314809          329980          340969 0.96133  2908.66       0.245743
    0.8     112.168    -865.022    -459.167     246.382   314600   329980   340846          314600          329980          340846 0.961921  2910.09       0.248094
  0.802     110.438    -865.797    -458.673     247.085   314391   329980   340771          314391          329980          340771 0.962814  2911.55       0.250445
  0.804     108.717    -866.573    -458.178     247.791   314232   329980   340660          314232          329980          340660 0.963057  2913.01       0.252792
  0.806     107.006    -867.349    -457.682     248.497   314124   329980   340502          314124          329980          340502 0.962591  2914.49       0.255132
  0.808     105.304    -868.126    -457.184     249.204   313965   328701   340382          313965          328701          340382 0.962675  2915.99       0.257462
   0.81     103.611    -868.903    -456.685     249.908   313537   328701   340272          313537          328701          340272 0.964638  2917.49       0.259778
  0.812     101.927    -869.681    -456.185     250.608   313319   328701   340149          313319          328701          340149 0.965167  2919.02       0.262076
  0.814     100.252     -870.46    -455.683     251.303   312953   328701   340064          312953          328701          340064 0.966935  2920.55       0.264354
  0.816     98.5861     -871.24     -455.18      251.99   312762   328701   339906          312762          328701          339906 0.967087  2922.11       0.266608
  0.818     96.9292     -872.02    -454.675      252.67   312593   328701   339591          312593          328701          339591 0.966102  2923.67       0.268835
   0.82     95.2812    -872.801    -454.169     253.339   312378   328701   339480          312378          328701          339480 0.966752  2925.25       0.271031
  0.822     93.6421    -873.582    -453.662     253.998   312190   328701   339417          312190          328701          339417 0.967481  2926.84       0.273195
  0.824     92.0116    -874.364    -453.153     254.644   312058   328701   339304          312058          328701          339304 0.967504  2928.45       0.275323
  0.826     90.3899    -875.147    -452.643     255.276   311895   326287   339192          311895          326287          339192 0.967691  2930.07       0.277413
  0.828     88.7768     -875.93    -452.132     255.893   311837   326287   339074          311837          326287          339074 0.967136   2931.7       0.279463
   0.83     87.1722    -876.714    -451.619     256.495   311652   326287   338952          311652          326287          338952 0.967284  2933.34       0.281469
  0.832     85.5762    -877.499    -451.106     257.079   311449   326287   338831          311449          326287          338831 0.967537     2935        0.28343
  0.834     83.9886    -878.284    -450.591     257.646   311279   326287   338714          311279          326287          338714 0.967598  2936.67       0.285345
  0.836     82.4094     -879.07    -450.075     258.195   310895   326287   338575          310895          326287          338575 0.968811  2938.35       0.287211
  0.838     80.8385    -879.857    -449.558     258.724   310796   325250   338403          310796          325250          338403 0.968136  2940.05       0.289027
   0.84     79.2759    -880.644     -449.04     259.234   310591   325250   338196          310591          325250          338196 0.96786  2941.75       0.290792
  0.842     77.7214    -881.432    -448.521     259.723   310393   325250   338130          310393          325250          338130 0.968383  2943.47       0.292505
  0.844     76.1752     -882.22    -448.001     260.191   309758   325250   337972          309758          325250          337972 0.97099   2945.2       0.294164
  0.846      74.637     -883.01    -447.481     260.639   309527   325250   337761          309527          325250          337761 0.97104  2946.93        0.29577
  0.848     73.1069      -883.8    -446.959     261.066   309342   325250   337555          309342          325250          337555 0.970877  2948.68       0.297321
   0.85     71.5848     -884.59    -446.436     261.471   309156   325250   337417          309156          325250          337417 0.97111  2950.44       0.298818
  0.852     70.0706    -885.382    -445.913     261.855   309038   325250   337338          309038          325250          337338 0.971258  2952.21       0.300261
  0.854     68.5642    -886.173    -445.389     262.217   308801   321396   337215          308801          321396          337215 0.971815  2953.99        0.30165
  0.856     67.0657    -886.966    -444.864     262.559   308739   321396   337076          308739          321396          337076 0.971262  2955.77       0.302984
  0.858      65.575    -887.759    -444.339      262.88   308606   321396   336920          308606          321396          336920 0.970985  2957.57       0.304266
   0.86     64.0919    -888.553    -443.813      263.18   308387   321396   336796          308387          321396          336796 0.97138  2959.37       0.305495
  0.862     62.6165    -889.348    -443.286     263.461   308323   321396   336639          308323          321396          336639 0.970657  2961.18       0.306673
  0.864     61.1487    -890.143    -442.759     263.722   308150   321396   336492          308150          321396          336492 0.970613  2963.01         0.3078
  0.866     59.6885    -890.939    -442.231     263.964   308046   321396   336379          308046          321396          336379 0.970331  2964.83       0.308879
  0.868     58.2357    -891.736    -441.703     264.187   307948   321396   336223          307948          321396          336223 0.969731  2966.67        0.30991
   0.87     56.7904    -892.533    -441.174     264.393   307831   321396   336036          307831          321396          336036 0.969039  2968.51       0.310895
  0.872     55.3525    -893.331    -440.645     264.582   307565   321396   335771          307565          321396          335771 0.968792  2970.36       0.311835
  0.874     53.9219     -894.13    -440.116     264.755   307347   321396   335670          307347          321396          335670 0.96923  2972.22       0.312734
  0.876     52.4986    -894.929    -439.586     264.912   307179   321396   335562          307179          321396          335562 0.969331  2974.08       0.313592
  0.878     51.0826    -895.729    -439.057     265.055   307100   319349   335448          307100          319349          335448 0.968819  2975.95       0.314411
   0.88     49.6737    -896.529    -438.526     265.185   306836   319349   335278          306836          319349          335278 0.969064  2977.82       0.315195
  0.882      48.272    -897.331    -437.996     265.302   306744   319349   335046          306744          319349          335046 0.967933   2979.7       0.315944
  0.884     46.8774    -898.133    -437.465     265.407   306588   319349   334882          306588          319349          334882 0.967572  2981.59       0.316662
  0.886     45.4898    -898.935    -436.934     265.502   306545   319349   334789          306545          319349          334789 0.966907  2983.48        0.31735
  0.888     44.1092    -899.738    -436.403     265.588   306290   319349   334580          306290          319349          334580 0.9668  2985.37       0.318011
   0.89     42.7355    -900.542    -435.872     265.665   305774   317765   334387          305774          317765          334387 0.968433  2987.27       0.318647
  0.892     41.3687    -901.347     -435.34     265.734   305656   317765   334231          305656          317765          334231 0.967951  2989.18       0.319261
  0.894     40.0088    -902.152    -434.809     265.797   305502   317765   334090          305502          317765          334090 0.967747  2991.09       0.319855
  0.896     38.6557    -902.958    -434.277     265.854   305255   317765   333923          305255          317765          333923 0.967976  2993.01       0.320431
  0.898     37.3093    -903.764    -433.745     265.907   304985   317765   333815          304985          317765          333815 0.968724  2994.93       0.320992
    0.9     35.9696    -904.571    -433.214     265.956   304753   317765   333649          304753          317765          333649 0.968909  2996.85       0.321541
  0.902     34.6366    -905.379    -432.682     266.003   304650   317765   333535          304650          317765          333535 0.968598  2998.78       0.322078
  0.904     33.3102    -906.188     -432.15     266.048   304507   317765   333362          304507          317765          333362 0.96814  3000.72       0.322607
  0.906     31.9904    -906.997    -431.617     266.092   304182   317765   333190          304182          317765          333190 0.968855  3002.65        0.32313
  0.908     30.6771    -907.806    -431.085     266.137   304100   317765   332981          304100          317765          332981 0.967843   3004.6       0.323649
   0.91     29.3703    -908.617    -430.553     266.183   304003   317765   332873          304003          317765          332873 0.967531  3006.54       0.324166
  0.912     28.0699    -909.428     -430.02      266.23   303873   317765   332767          303873          317765          332767 0.967394   3008.5       0.324683
  0.914     26.7759    -910.239    -429.488      266.28   303716   317765   332637          303716          317765          332637 0.967252  3010.45       0.325202
  0.916     25.4883    -911.052    -428.955     266.334   303438   315620   332533          303438          315620          332533 0.968047  3012.41       0.325724
  0.918     24.2069    -911.865    -428.423     266.392   303171   315620   332339          303171          315620          332339 0.968241  3014.38       0.326252
   0.92     22.9319    -912.678     -427.89     266.455   302994   315620   332204          302994          315620          332204 0.968254  3016.35       0.326787
  0.922      21.663    -913.492    -427.357     266.523   302820   315620   331979          302820          315620          331979 0.967669  3018.32       0.327331
  0.924     20.4004    -914.307    -426.824     266.597   302716   315620   331890          302716          315620          331890 0.967508   3020.3       0.327884
  0.926     19.1438    -915.123     -426.29     266.678   302658   315620   331602          302658          315620          331602 0.965748  3022.28        0.32845
  0.928     17.8934    -915.939    -425.757     266.765   302419   315620   331415          302419          315620          331415 0.965827  3024.27       0.329028
   0.93      16.649    -916.756    -425.223     266.861   302156   315620   331273          302156          315620          331273 0.966397  3026.26       0.329619
  0.932     15.4107    -917.573     -424.69     266.964   302105   315620   331089          302105          315620          331089 0.965284  3028.26       0.330226
  0.934     14.1783    -918.391    -424.156     267.075   301976   315620   330872          301976          315620          330872 0.964453  3030.26       0.330848
  0.936     12.9519     -919.21    -423.621     267.196   301612   315620   330645          301612          315620          330645 0.965151  3032.27       0.331488
  0.938     11.7313    -920.029    -423.087     267.324   301361   315620   330506          301361          315620          330506 0.965721  3034.28       0.332144
   0.94     10.5167    -920.849    -422.552     267.463   301274   315620   330327          301274          315620          330327 0.964947   3036.3       0.332819
  0.942     9.30783    -921.669    -422.017      267.61   301161   315620   330172          301161          315620          330172 0.964495  3038.32       0.333512
  0.944     8.10477     -922.49    -421.481     267.767   300996   315620   330008          300996          315620          330008 0.964311  3040.35       0.334224
  0.946     6.90746    -923.312    -420.946     267.933   300897   315620   329663          300897          315620          329663 0.962512  3042.39       0.334955
  0.948     5.71586    -924.135     -420.41     268.108   300767   315620   329487          300767          315620          329487 0.962007  3044.43       0.335706
   0.95     4.52994    -924.958    -419.873     268.294   300653   315620   329370          300653          315620          329370 0.961758  3046.48       0.336477
  0.952     3.34965    -925.781    -419.337     268.489   300286   315620   329258          300286          315620          329258 0.963149  3048.53       0.337268
  0.954     2.17497    -926.606    -418.799     268.693   300080   315620   329086          300080          315620          329086 0.963138  3050.59       0.338078
  0.956     1.00585     -927.43    -418.262     268.907   299804   312979   328857          299804          312979          328857 0.963261  3052.65       0.338908
  0.958    -0.15773    -928.256    -417.724      269.13   299627   312979   328741          299627          312979          328741 0.963468  3054.73       0.339757
   0.96    -1.31582    -929.082    -417.185     269.362   299518   312979   328482          299518          312979          328482 0.962318  3056.81       0.340626
  0.962    -2.46844    -929.909    -416.646     269.603   299323   312979   328227          299323          312979          328227 0.961735  3058.89       0.341513
  0.964    -3.61564    -930.736    -416.107     269.852   299035   312979   328104          299035          312979          328104 0.962643  3060.99       0.342419
  0.966    -4.75744    -931.564    -415.567      270.11   298919   312979   327781          298919          312979          327781 0.961154  3063.08       0.343343
  0.968    -5.89388    -932.393    -415.026     270.377   298662   312979   327468          298662          312979          327468 0.960725  3065.19       0.344284
   0.97      -7.025    -933.222    -414.485     270.651   298306   312979   327368          298306          312979          327368 0.962288  3067.31       0.345243
  0.972    -8.15082    -934.052    -413.944     270.933   298066   312979   327224          298066          312979          327224 0.962853  3069.43       0.346217
  0.974    -9.27138    -934.882    -413.402     271.222   297866   312979   327112          297866          312979          327112 0.96339  3071.56       0.347207
  0.976    -10.3867    -935.714    -412.859     271.518   297680   312979   327018          297680          312979          327018 0.963916  3073.69       0.348212
  0.978    -11.4968    -936.545    -412.316      271.82   297462   312979   326755          297462          312979          326755 0.963576  3075.84       0.349232
   0.98    -12.6018    -937.378    -411.772     272.129   297213   312979   326647          297213          312979          326647 0.964444  3077.99       0.350264
  0.982    -13.7017    -938.211    -411.227     272.443   297010   312979   326504          297010          312979          326504 0.964791  3080.15       0.351309
  0.984    -14.7964    -939.044    -410.682     272.763   296721   312979   326373          296721          312979          326373 0.965745  3082.32       0.352366
  0.986    -15.8861    -939.878    -410.136     273.088   296543   312979   326169          296543          312979          326169 0.965578   3084.5       0.353433
  0.988    -16.9707    -940.713    -409.589     273.417   296438   309624   325871          296438          309624          325871 0.964414  3086.68        0.35451
   0.99    -18.0503    -941.549    -409.042     273.751   296256   309624   325726          296256          309624          325726 0.964653  3088.87       0.355597
  0.992    -19.1249    -942.385    -408.494     274.088   296183   309624   325603          296183          309624          325603 0.964324  3091.07       0.356691
  0.994    -20.1946    -943.222    -407.946     274.429   296059   309624   325423          296059          309624          325423 0.963929  3093.28       0.357793
  0.996    -21.2594    -944.059    -407.397     274.772   295906   309624   325278          295906          309624          325278 0.963916   3095.5         0.3589
  0.998    -22.3192    -944.897    -406.847     275.118   295743   309624   324834          295743          309624          324834 0.962122  3097.73       0.360013
      1    -23.3743    -945.735    -406.296     275.466   295555   309401   324627          295555          309401          324627 0.962021  3099.96       0.361131
  1.002    -24.4244    -946.575    -405.745     275.816   295300   309401   324473          295300          309401          324473 0.962674   3102.2       0.362252
  1.004    -25.4698    -947.414    -405.193     276.167   295089   309401   324355          295089          309401          324355 0.963268  3104.46       0.363376
  1.006    -26.5104    -948.255     -404.64     276.519   294960   309401   324175          294960          309401          324175 0.962948  3106.72       0.364501
  1.008    -27.5463    -949.096    -404.087     276.871   294823   309401   323908          294823          309401          323908 0.962125  3108.99       0.365627
   1.01    -28.5774    -949.938    -403.533     277.224   294616   309401   323766          294616          309401          323766 0.962512  3111.26       0.366754
  1.012    -29.6039     -950.78    -402.978     277.576   294471   309401   323511          294471          309401          323511 0.961834  3113.55        0.36788
  1.014    -30.6256    -951.623    -402.423     277.928   294311   309401   323368          294311          309401          323368 0.961942  3115.85       0.369004
  1.016    -31.6428    -952.466    -401.866     278.279   294156   309401   323295          294156          309401          323295 0.962425  3118.15       0.370126
  1.018    -32.6553     -953.31    -401.309     278.629   293948   309401   323169          293948          309401          323169 0.962862  3120.46       0.371245
   1.02    -33.6633    -954.155    -400.752     278.978   293762   309401   323075          293762          309401          323075 0.963368  3122.78        0.37236
  1.022    -34.6667    -955.001    -400.194     279.325   293588   309401   322935          293588          309401          322935 0.963473  3125.11       0.373471
  1.024    -35.6656    -955.847    -399.635     279.669   293424   309401   322852          293424          309401          322852 0.963866  3127.45       0.374578
  1.026    -36.6599    -956.693    -399.075     280.012   293321   309401   322709          293321          309401          322709 0.963464   3129.8       0.375678
  1.028    -37.6498    -957.541    -398.514     280.352   293179   309401   322587          293179          309401          322587 0.963404  3132.15       0.376773
   1.03    -38.6353    -958.389    -397.953     280.689   292802   309401   322388          292802          309401          322388 0.964312  3134.52       0.377862
  1.032    -39.6163    -959.237    -397.392     281.024   292703   309401   322253          292703          309401          322253 0.963947  3136.89       0.378943
  1.034    -40.5929    -960.086    -396.829     281.355   292497   309401   322106          292497          309401          322106 0.964125  3139.27       0.380017
  1.036    -41.5652    -960.936    -396.266     281.684   292283   309401   321937          292283          309401          321937 0.964222  3141.66       0.381084
  1.038    -42.5331    -961.786    -395.703     282.009   291883   309401   321810          291883          309401          321810 0.965694  3144.06       0.382143
   1.04    -43.4966    -962.638    -395.138     282.331   291768   309401   321709          291768          309401          321709 0.965631  3146.47       0.383193
  1.042    -44.4559    -963.489    -394.573     282.649   291646   309401   321629          291646          309401          321629 0.965702  3148.89       0.384235
  1.044    -45.4109    -964.341    -394.008     282.964   291428   304841   321508          291428          304841          321508 0.966066  3151.31       0.385269
  1.046    -46.3617    -965.194    -393.441     283.276   291063   304841   321418          291063          304841          321418 0.967418  3153.74       0.386294
  1.048    -47.3082    -966.048    -392.875     283.583   290801   304841   321181          290801          304841          321181 0.967422  3156.18        0.38731
   1.05    -48.2505    -966.902    -392.307     283.887   290670   304841   321029          290670          304841          321029 0.967169  3158.63       0.388317
  1.052    -49.1887    -967.757    -391.739     284.188   290572   304841   320879          290572          304841          320879 0.966707  3161.09       0.389316
  1.054    -50.1227    -968.612     -391.17     284.485   290382   304841   320584          290382          304841          320584 0.965952  3163.55       0.390306
  1.056    -51.0526    -969.468    -390.601     284.778   290207   304841   320467          290207          304841          320467 0.966157  3166.03       0.391287
  1.058    -51.9783    -970.325    -390.031     285.068   290031   304841   320365          290031          304841          320365 0.966422  3168.51       0.392259
   1.06       -52.9    -971.182    -389.461     285.355   289892   304841   320228          289892          304841          320228 0.966255     3171       0.393224
  1.062    -53.8177     -972.04     -388.89     285.639   289563   304841   320072          289563          304841          320072 0.967056   3173.5        0.39418
  1.064    -54.7313    -972.899    -388.318     285.919   289286   304234   319845          289286          304234          319845 0.967224     3176       0.395128
  1.066    -55.6408    -973.758    -387.746     286.196   289181   304234   319751          289181          304234          319751 0.967168  3178.52       0.396068
  1.068    -56.5464    -974.618    -387.173      286.47   289076   304234   319607          289076          304234          319607 0.966785  3181.04       0.397001
   1.07     -57.448    -975.478      -386.6     286.742   288968   304234   319481          288968          304234          319481 0.966499  3183.57       0.397927
  1.072    -58.3457    -976.339    -386.027     287.011   288920   304234   319364          288920          304234          319364 0.965871  3186.11       0.398847
  1.074    -59.2395    -977.201    -385.452     287.277   288717   304234   319162          288717          304234          319162 0.965626  3188.65        0.39976
  1.076    -60.1293    -978.063    -384.877     287.541   288504   304234   319018          288504          304234          319018 0.965791   3191.2       0.400667
  1.078    -61.0153    -978.926    -384.302     287.803   288420   304234   318798          288420          304234          318798 0.964761  3193.77       0.401568
   1.08    -61.8974    -979.789    -383.726     288.063   288212   304234   318698          288212          304234          318698 0.965124  3196.34       0.402465
  1.082    -62.7757    -980.653     -383.15     288.322   288063   302869   318617          288063          302869          318617 0.965229  3198.91       0.403357
  1.084    -63.6501    -981.518    -382.573     288.579   287689   302869   318410          287689          302869          318410 0.965903   3201.5       0.404244
  1.086    -64.5208    -982.383    -381.996     288.834   287458   302869   318283          287458          302869          318283 0.966261  3204.09       0.405128
  1.088    -65.3877    -983.249    -381.418     289.089   287059   302869   318146          287059          302869          318146 0.96755  3206.69       0.406009
   1.09    -66.2508    -984.116    -380.839     289.342   286775   302869   318001          286775          302869          318001 0.9682   3209.3       0.406887
  1.092    -67.1102    -984.983     -380.26     289.595   286678   302869   317887          286678          302869          317887 0.967948  3211.91       0.407763
  1.094    -67.9659    -985.851    -379.681     289.847   286374   301406   317783          286374          301406          317783 0.968913  3214.54       0.408637
  1.096    -68.8179     -986.72    -379.101     290.099   286268   301406   317534          286268          301406          317534 0.967954  3217.17       0.409509
  1.098    -69.6663    -987.589     -378.52     290.351   286079   301406   317453          286079          301406          317453 0.968422   3219.8       0.410381
    1.1     -70.511    -988.459    -377.939     290.603   285754   301406   317270          285754          301406          317270 0.969086  3222.45       0.411253
  1.102     -71.352    -989.329    -377.358     290.855   285606   301406   317006          285606          301406          317006 0.968339  3225.11       0.412125
  1.104    -72.1895      -990.2    -376.776     291.108   285370   301406   316785          285370          301406          316785 0.968359  3227.77       0.412997
  1.106    -73.0234    -991.071    -376.194     291.362   285284   301406   316579          285284          301406          316579 0.967625  3230.44       0.413871
  1.108    -73.8537    -991.944    -375.611     291.616   285135   301406   316494          285135          301406          316494 0.967914  3233.12       0.414746
