# n_walkers  560  n_cull  1  simple log(alpha)  -0.001784121793501292
#   T     log_Z(T)      F(T)        U(T)       Cvp(T)    low_pct_i(T) mode_i(T) high_pct_i(T) low_pct_iter(T)  mode_iter(T)   high_pct_iter(T) Z_fract(T)   V(T)   thermal_exp(T)
   0.01     63671.4    -647.507    -646.263      121.29   601360   601416   601416          601360          601416          601416 0.870139  3046.79      0.0550834
  0.012     52880.3    -647.516     -646.02     121.347   601348   601416   601416          601348          601416          601416 0.85083  3047.07      0.0394095
  0.014     45172.5    -647.526    -645.778     121.374   601323   601416   601416          601323          601416          601416 0.871119  3047.28       0.030828
  0.016     39391.6    -647.535    -645.535     121.385   601307   601416   601416          601307          601416          601416 0.868307  3047.45      0.0257574
  0.018     34895.4    -647.546    -645.292     121.387   601283   601416   601416          601283          601416          601416 0.879389   3047.6      0.0225258
   0.02     31298.5    -647.556    -645.049     121.389   601267   601416   601416          601267          601416          601416 0.875511  3047.73      0.0202811
  0.022     28355.5    -647.567    -644.806     121.392   601247   601416   601416          601247          601416          601416 0.877824  3047.85       0.018571
  0.024     25903.1    -647.578    -644.564       121.4   601228   601416   601416          601228          601416          601416 0.87864  3047.96      0.0171536
  0.026       23828     -647.59    -644.321     121.413   601200   601416   601416          601200          601416          601416 0.890821  3048.06      0.0159012
  0.028     22049.3    -647.601    -644.078     121.432   601180   601416   601416          601180          601416          601416 0.89267  3048.15      0.0147488
   0.03     20507.8    -647.613    -643.835     121.455   601160   601416   601416          601160          601416          601416 0.893757  3048.24      0.0136651
  0.032     19158.9    -647.625    -643.592     121.482   601137   601416   601416          601137          601416          601416 0.896999  3048.32      0.0126366
  0.034     17968.8    -647.637    -643.349     121.512   601117   601416   601416          601117          601416          601416 0.897292  3048.39      0.0116585
  0.036     16910.9    -647.649    -643.106     121.545   601087   601416   601416          601087          601416          601416 0.905508  3048.46      0.0107301
  0.038     15964.4    -647.662    -642.863      121.58   601066   601416   601416          601066          601416          601416 0.906031  3048.52     0.00985204
   0.04     15112.5    -647.674     -642.62     121.618   601051   601416   601416          601051          601416          601416 0.901421  3048.58     0.00902494
  0.042     14341.8    -647.687    -642.377     121.656   601036   601416   601416          601036          601416          601416 0.8966  3048.63     0.00824904
  0.044     13641.1      -647.7    -642.133     121.696   601012   601416   601416          601012          601416          601416 0.897041  3048.68     0.00752389
  0.046     13001.4    -647.713     -641.89     121.738   600993   601416   601416          600993          601416          601416 0.893969  3048.72     0.00684839
  0.048       12415    -647.727    -641.646      121.78   600970   601416   601416          600970          601416          601416 0.892813  3048.76     0.00622087
   0.05     11875.5     -647.74    -641.403     121.825   600953   601416   601416          600953          601416          601416 0.888086   3048.8     0.00563923
  0.052     11377.5    -647.754    -641.159      121.87   600925   601416   601416          600925          601416          601416 0.888128  3048.83     0.00510107
  0.054     10916.4    -647.767    -640.915     121.917   600889   601416   601416          600889          601416          601416 0.891527  3048.86     0.00460379
  0.056     10488.2    -647.781    -640.671     121.966   600847   601416   601416          600847          601416          601416 0.897483  3048.89     0.00414472
  0.058     10089.5    -647.795    -640.427     122.017   600818   601416   601416          600818          601416          601416 0.897771  3048.91     0.00372116
   0.06     9717.49    -647.809    -640.183      122.07   600785   601416   601416          600785          601416          601416 0.899271  3048.93     0.00333047
  0.062     9369.43    -647.823    -639.939     122.125   600744   601416   601416          600744          601416          601416 0.903599  3048.95      0.0029701
  0.064     9043.14    -647.838    -639.695     122.182   600713   601416   601416          600713          601416          601416 0.903845  3048.97     0.00263763
  0.066     8736.61    -647.852     -639.45     122.242   600683   601416   601416          600683          601416          601416 0.903717  3048.98     0.00233077
  0.068     8448.13    -647.867    -639.206     122.304   600639   601416   601416          600639          601416          601416 0.907647     3049     0.00204738
   0.07     8176.12    -647.882    -638.961      122.37   600598   601416   601416          600598          601416          601416 0.910356  3049.01     0.00178548
  0.072     7919.24    -647.897    -638.716     122.438   600547   601416   601416          600547          601416          601416 0.915747  3049.02     0.00154325
  0.074     7676.24    -647.912    -638.471     122.509   600519   601416   601416          600519          601416          601416 0.914581  3049.03     0.00131902
  0.076     7446.03    -647.927    -638.226     122.584   600487   601416   601416          600487          601416          601416 0.914092  3049.04     0.00111123
  0.078     7227.62    -647.942    -637.981     122.663   600459   601416   601416          600459          601416          601416 0.912233  3049.04    0.000918496
   0.08     7020.14    -647.958    -637.736     122.745   600406   601416   601416          600406          601416          601416 0.916137  3049.05     0.00073952
  0.082     6822.79    -647.974     -637.49     122.831   600374   601416   601416          600374          601416          601416 0.914889  3049.05    0.000573129
  0.084     6634.83    -647.989    -637.244     122.921   600337   601416   601416          600337          601416          601416 0.914486  3049.05    0.000418244
  0.086     6455.61    -648.005    -636.998     123.016   600298   601416   601416          600298          601416          601416 0.9142  3049.06    0.000273879
  0.088     6284.55    -648.021    -636.752     123.116   600268   601416   601416          600268          601416          601416 0.911712  3049.06    0.000139123
   0.09     6121.09    -648.038    -636.506     123.221   600209   601416   601416          600209          601416          601416 0.914528  3049.06    1.31371e-05
  0.092     5964.73    -648.054    -636.259     123.332   600168   601416   601416          600168          601416          601416 0.913738  3049.06   -0.000104859
  0.094     5815.03     -648.07    -636.013     123.448   600127   601416   601416          600127          601416          601416 0.912693  3049.06   -0.000215591
  0.096     5671.57    -648.087    -635.765     123.571   600088   601416   601416          600088          601416          601416 0.910969  3049.06   -0.000319742
  0.098     5533.97    -648.104    -635.518       123.7   600052   601416   601416          600052          601416          601416 0.90837  3049.05   -0.000417954
    0.1     5401.88    -648.121    -635.271     123.837   599983   601416   601416          599983          601416          601416 0.910831  3049.05   -0.000510841
  0.102     5274.96    -648.138    -635.023     123.983   599929   601416   601416          599929          601416          601416 0.910588  3049.05   -0.000598988
  0.104     5152.93    -648.155    -634.775     124.136   599861   601416   601416          599861          601416          601416 0.912182  3049.04   -0.000682961
  0.106      5035.5    -648.172    -634.526     124.299   599806   601416   601416          599806          601416          601416 0.911568  3049.04   -0.000763308
  0.108     4922.43     -648.19    -634.278     124.472   599723   601416   601416          599723          601416          601416 0.914459  3049.03   -0.000840567
   0.11     4813.47    -648.208    -634.028     124.656   599669   601416   601416          599669          601416          601416 0.913316  3049.03    -0.00091527
  0.112      4708.4    -648.226    -633.779     124.852   599518   601416   601416          599518          601416          601416 0.923926  3049.02   -0.000987944
  0.114     4607.02    -648.244    -633.529     125.061   599434   601416   601416          599434          601416          601416 0.926276  3049.02    -0.00105912
  0.116     4509.13    -648.262    -633.279     125.283   599387   601416   601416          599387          601416          601416 0.924042  3049.01    -0.00112933
  0.118     4414.57     -648.28    -633.028     125.521   599317   601416   601416          599317          601416          601416 0.924014     3049    -0.00119912
   0.12     4323.16    -648.299    -632.777     125.775   599264   601416   601416          599264          601416          601416 0.921733  3048.99    -0.00126904
  0.122     4234.75    -648.318    -632.525     126.046   599196   601416   601416          599196          601416          601416 0.92063  3048.99    -0.00133967
  0.124     4149.19    -648.337    -632.272     126.337   599124   601416   601416          599124          601416          601416 0.919528  3048.98     -0.0014116
  0.126     4066.35    -648.356    -632.019     126.648   599050   601416   601416          599050          601416          601416 0.918132  3048.97    -0.00148547
  0.128      3986.1    -648.375    -631.766     126.983   598973   601416   601416          598973          601416          601416 0.916513  3048.96    -0.00156191
   0.13     3908.32    -648.395    -631.511     127.342   598789   601416   601416          598789          601416          601416 0.923772  3048.95    -0.00164163
  0.132      3832.9    -648.415    -631.256     127.727   598701   601416   601416          598701          601416          601416 0.922591  3048.94    -0.00172536
  0.134     3759.74    -648.435    -631.001     128.142   598639   601416   601416          598639          601416          601416 0.918981  3048.93    -0.00181389
  0.136     3688.72    -648.455    -630.744     128.589   598552   601416   601416          598552          601416          601416 0.916745  3048.92    -0.00190806
  0.138     3619.77    -648.476    -630.486     129.071   598426   601416   601416          598426          601416          601416 0.916754  3048.91    -0.00200877
   0.14     3552.79    -648.497    -630.227     129.591   598242   601416   601416          598242          601416          601416 0.920347  3048.89    -0.00211701
  0.142      3487.7    -648.518    -629.968     130.153   598098   601416   601416          598098          601416          601416 0.920904  3048.88    -0.00223385
  0.144     3424.41    -648.539    -629.707      130.76   597967   601416   601416          597967          601416          601416 0.91997  3048.87    -0.00236043
  0.146     3362.87    -648.561    -629.445     131.418   597831   601416   601416          597831          601416          601416 0.918747  3048.85      -0.002498
  0.148     3302.99    -648.583    -629.181      132.13   597619   601416   601416          597619          601416          601416 0.921462  3048.84    -0.00264795
   0.15      3244.7    -648.605    -628.916     132.903   597390   601415   601416          597390          601415          601416 0.9246  3048.82    -0.00281176
  0.152     3187.96    -648.628    -628.649     133.742   597249   601415   601416          597249          601415          601416 0.922372   3048.8    -0.00299106
  0.154     3132.69    -648.651    -628.381     134.654   597025   601415   601416          597025          601415          601416 0.92359  3048.78    -0.00318762
  0.156     3078.84    -648.674    -628.111     135.647   596871   601415   601416          596871          601415          601416 0.920889  3048.76    -0.00340338
  0.158     3026.35    -648.698    -627.838     136.729   596468   601415   601416          596468          601415          601416 0.928434  3048.74    -0.00364045
   0.16     2975.19    -648.723    -627.564      137.91   596182   601415   601416          596182          601415          601416 0.930872  3048.72    -0.00390113
  0.162     2925.28    -648.747    -627.287     139.199   595909   601415   601416          595909          601415          601416 0.932007  3048.69    -0.00418789
  0.164      2876.6    -648.772    -627.007     140.609   595580   601415   601416          595580          601415          601416 0.934646  3048.67    -0.00450341
  0.166     2829.09    -648.798    -626.724     142.153   595367   601415   601416          595367          601415          601416 0.932347  3048.64     -0.0048506
  0.168     2782.72    -648.824    -626.438     143.844   595020   601415   601416          595020          601415          601416 0.933681  3048.61    -0.00523254
   0.17     2737.44    -648.851    -626.149     145.701   594730   601415   601416          594730          601415          601416 0.932482  3048.57    -0.00565254
  0.172     2693.22    -648.879    -625.855     147.739   594265   601415   601416          594265          601415          601416 0.935901  3048.54     -0.0061141
  0.174     2650.02    -648.907    -625.558     149.981   593861   601415   601416          593861          601415          601416 0.93673   3048.5    -0.00662092
  0.176      2607.8    -648.935    -625.255     152.447   593292   601415   601416          593292          601415          601416 0.940592  3048.46    -0.00717686
  0.178     2566.54    -648.965    -624.948     155.162   592696   601090   601416          592696          601090          601416 0.944699  3048.41    -0.00778595
   0.18      2526.2    -648.995    -624.634     158.154   592154   601069   601416          592154          601069          601416 0.94662  3048.36    -0.00845235
  0.182     2486.75    -649.026    -624.315     161.451   591547   600543   601416          591547          600543          601416 0.949209  3048.31    -0.00918031
  0.184     2448.16    -649.058    -623.988     165.086   591144   600543   601416          591144          600543          601416 0.946941  3048.25    -0.00997418
  0.186     2410.41    -649.091    -623.654     169.092   590543   600543   601416          590543          600543          601416 0.947068  3048.19     -0.0108384
  0.188     2373.46    -649.125    -623.312     173.507   589669   600543   601416          589669          600543          601416 0.951173  3048.12     -0.0117773
   0.19      2337.3     -649.16     -622.96     178.367   588858   600543   601416          588858          600543          601416 0.953427  3048.04     -0.0127955
  0.192      2301.9    -649.197    -622.598     183.712   587876   600543   601416          587876          600543          601416 0.957613  3047.96     -0.0138974
  0.194     2267.24    -649.235    -622.225      189.58   586883   600543   601416          586883          600543          601416 0.961098  3047.87     -0.0150873
  0.196     2233.29    -649.274    -621.839     196.009   586171   599438   601416          586171          599438          601416 0.960096  3047.78     -0.0163697
  0.198     2200.04    -649.315     -621.44     203.031   584910   599438   601416          584910          599438          601416 0.964647  3047.67     -0.0177486
    0.2     2167.45    -649.357    -621.027     210.672   584068   599438   601416          584068          599438          601416 0.963714  3047.56     -0.0192279
  0.202     2135.53    -649.401    -620.597      218.95   582690   599438   601416          582690          599438          601416 0.967384  3047.44     -0.0208106
  0.204     2104.23    -649.447     -620.15     227.868   581082   599438   601416          581082          599438          601416 0.973161  3047.31     -0.0224989
  0.206     2073.56    -649.496    -619.685     237.409   579985   596266   601416          579985          596266          601416 0.973312  3047.17     -0.0242933
  0.208     2043.49    -649.546      -619.2     247.538   578929   595591   601416          578929          595591          601416 0.972488  3047.01     -0.0261921
   0.21        2014    -649.599    -618.695      258.19   577343   595591   601416          577343          595591          601416 0.974893  3046.85     -0.0281903
  0.212     1985.08    -649.655    -618.167     269.273   575712   592803   601416          575712          592803          601416 0.977605  3046.67     -0.0302794
  0.214     1956.71    -649.714    -617.617     280.663   573960   592803   601416          573960          592803          601416 0.981276  3046.48     -0.0324459
  0.216     1928.89    -649.775    -617.045     292.211   572725   591857   601416          572725          591857          601416 0.982137  3046.27     -0.0346714
  0.218     1901.59     -649.84    -616.449     303.743   571630   591857   601416          571630          591857          601416 0.98161  3046.05     -0.0369322
   0.22      1874.8    -649.908     -615.83     315.074   570663   587331   601416          570663          587331          601416 0.9798  3045.82     -0.0392003
  0.222      1848.5    -649.979    -615.189     326.015   569020   587331   601416          569020          587331          601416 0.981105  3045.58     -0.0414444
  0.224      1822.7    -650.055    -614.526     336.387   567654   587331   601416          567654          587331          601416 0.981076  3045.32     -0.0436314
  0.226     1797.37    -650.134    -613.844     346.036   566176   587331   601416          566176          587331          601416 0.981387  3045.05     -0.0457291
  0.228      1772.5    -650.217    -613.143     354.841   564549   581955   601416          564549          581955          601416 0.982497  3044.76     -0.0477077
   0.23     1748.08    -650.304    -612.425     362.717   563040   581955   601229          563040          581955          601229 0.982659  3044.46      -0.049542
  0.232      1724.1    -650.396    -611.692     369.621   561792   581955   600565          561792          581955          600565 0.980031  3044.16     -0.0512128
  0.234     1700.55    -650.492    -610.947     375.548   560219   581559   599579          560219          581559          599579 0.978488  3043.84     -0.0527073
  0.236     1677.41    -650.592    -610.191     380.522   559092   574936   598340          559092          574936          598340 0.974738  3043.52      -0.054019
  0.238     1654.69    -650.696    -609.426     384.592   558008   574936   597033          558008          574936          597033 0.971377  3043.18     -0.0551477
   0.24     1632.36    -650.805    -608.653     387.823   556844   574936   595946          556844          574936          595946 0.969768  3042.85     -0.0560991
  0.242     1610.42    -650.919    -607.875     390.292   555677   573225   594518          555677          573225          594518 0.96724   3042.5      -0.056884
  0.244     1588.85    -651.037    -607.092     392.088   554561   573225   593317          554561          573225          593317 0.965806  3042.15      -0.057518
  0.246     1567.66    -651.159    -606.307     393.309   553272   573225   592191          553272          573225          592191 0.96558   3041.8     -0.0580218
  0.248     1546.82    -651.286    -605.519     394.063   552135   573225   590736          552135          573225          590736 0.963331  3041.45     -0.0584207
   0.25     1526.34    -651.418    -604.731     394.468   550660   573225   589791          550660          573225          589791 0.965239  3041.09     -0.0587438
  0.252      1506.2    -651.553    -603.942     394.651   549130   573225   588933          549130          573225          588933 0.967646  3040.73     -0.0590234
  0.254     1486.39    -651.693    -603.152     394.738   547633   563350   587690          547633          563350          587690 0.968272  3040.37     -0.0592932
  0.256     1466.91    -651.838    -602.363     394.853   546820   563350   585912          546820          563350          585912 0.963626  3040.01     -0.0595861
  0.258     1447.75    -651.986    -601.573     395.103   545983   563350   584829          545983          563350          584829 0.961887  3039.65     -0.0599317
   0.26      1428.9    -652.139    -600.782     395.573   544468   563350   583414          544468          563350          583414 0.961924  3039.28     -0.0603533
  0.262     1410.35    -652.296     -599.99     396.312   543261   563350   582394          543261          563350          582394 0.962029  3038.91     -0.0608655
  0.264      1392.1    -652.458    -599.197      397.33   541848   560480   581447          541848          560480          581447 0.963688  3038.54      -0.061472
  0.266     1374.14    -652.623    -598.401     398.591   540479   560480   579781          540479          560480          579781 0.961953  3038.17      -0.062164
  0.268     1356.46    -652.793    -597.602     400.014   539088   560480   578642          539088          560480          578642 0.963443  3037.79     -0.0629201
   0.27     1339.07    -652.967    -596.801     401.479   537332   560480   577765          537332          560480          577765 0.96798   3037.4     -0.0637073
  0.272     1321.94    -653.145    -595.996     402.836   536485   555845   576850          536485          555845          576850 0.968252  3037.01     -0.0644832
  0.274     1305.08    -653.328    -595.189     403.918   535451   555845   575830          535451          555845          575830 0.968744  3036.62     -0.0651994
  0.276     1288.47    -653.514    -594.381     404.557   533945   555845   574969          533945          555845          574969 0.97243  3036.22     -0.0658063
  0.278     1272.12    -653.705    -593.572     404.602   533049   555845   574023          533049          555845          574023 0.973144  3035.82     -0.0662577
   0.28     1256.02    -653.899    -592.763     403.939   532442   553482   572969          532442          553482          572969 0.971916  3035.42     -0.0665159
  0.282     1240.17    -654.098    -591.956     402.498   531616   547763   571305          531616          547763          571305 0.969331  3035.01      -0.066556
  0.284     1224.54    -654.301    -591.154     400.267   530568   547763   569906          530568          547763          569906 0.969049  3034.61     -0.0663682
  0.286     1209.16    -654.507    -590.356     397.294   530063   547763   568840          530063          547763          568840 0.96772  3034.21     -0.0659602
  0.288     1193.99    -654.718    -589.565     393.685   529156   547763   567764          529156          547763          567764 0.967736  3033.81      -0.065356
   0.29     1179.06    -654.932    -588.781     389.596   527979   547763   566609          527979          547763          566609 0.968597  3033.42     -0.0645946
  0.292     1164.33     -655.15    -588.007      385.22   527441   542535   565672          527441          542535          565672 0.967602  3033.03     -0.0637268
  0.294     1149.83    -655.372    -587.241     380.777   526800   542535   564663          526800          542535          564663 0.966113  3032.64     -0.0628119
  0.296     1135.52    -655.597    -586.483     376.499   526235   539963   563626          526235          539963          563626 0.963695  3032.26     -0.0619134
  0.298     1121.43    -655.826    -585.734     372.614   525698   539963   562409          525698          539963          562409 0.959598  3031.89     -0.0610958
    0.3     1107.53    -656.058    -584.992     369.344   524841   537434   561125          524841          537434          561125 0.95637  3031.52     -0.0604212
  0.302     1093.83    -656.293    -584.256     366.885   523387   537434   560000          523387          537434          560000 0.956938  3031.16     -0.0599471
  0.304     1080.31    -656.532    -583.524      365.41   522741   537434   558744          522741          537434          558744 0.952771   3030.8     -0.0597239
  0.306     1066.99    -656.774    -582.794     365.058   521635   537434   557656          521635          537434          557656 0.951646  3030.43     -0.0597941
  0.308     1053.85    -657.019    -582.063     365.931   520725   537434   556487          520725          537434          556487 0.948813  3030.07     -0.0601904
   0.31     1040.89    -657.267    -581.329      368.09   518968   537434   555457          518968          537434          555457 0.951829   3029.7     -0.0609352
  0.312      1028.1    -657.519     -580.59     371.553   517688   537434   554544          517688          537434          554544 0.952589  3029.33     -0.0620394
  0.314     1015.49    -657.774    -579.842      376.29   516657   534492   553547          516657          534492          553547 0.951569  3028.95     -0.0635014
  0.316     1003.05    -658.032    -579.084     382.218   515288   534492   552440          515288          534492          552440 0.951593  3028.56     -0.0653063
  0.318     990.773    -658.293    -578.313     389.204   513995   534492   551498          513995          534492          551498 0.95196  3028.16     -0.0674252
   0.32     978.662    -658.558    -577.527     397.061   512170   534492   550819          512170          534492          550819 0.957513  3027.74     -0.0698153
  0.322     966.713    -658.826    -576.724     405.551   511066   533244   549893          511066          533244          549893 0.957895  3027.31     -0.0724199
  0.324     954.921    -659.098    -575.904     414.397   509625   533244   549245          509625          533244          549245 0.961269  3026.87     -0.0751707
  0.326     943.286    -659.373    -575.067     423.289   508760   533244   548458          508760          533244          548458 0.961091   3026.4     -0.0779903
  0.328     931.804    -659.652    -574.211     431.909   507319   533244   547999          507319          533244          547999 0.964829  3025.92     -0.0807969
   0.33     920.472    -659.935    -573.339     439.946   506015   533244   547316          506015          533244          547316 0.966996  3025.43     -0.0835092
  0.332     909.289    -660.222    -572.452     447.122   504852   533244   546510          504852          533244          546510 0.968002  3024.91     -0.0860532
  0.334     898.252    -660.513    -571.552     453.215   503470   527881   545796          503470          527881          545796 0.970078  3024.38     -0.0883681
  0.336     887.358    -660.807     -570.64     458.078   502491   527881   545170          502491          527881          545170 0.970959  3023.84     -0.0904123
  0.338     876.604    -661.106     -569.72     461.652   501132   519371   544413          501132          519371          544413 0.972324  3023.29     -0.0921674
   0.34     865.989    -661.409    -568.794     463.977   500654   519371   543331          500654          519371          543331 0.969238  3022.73     -0.0936406
  0.342      855.51    -661.716    -567.865     465.178   499444   519371   542661          499444          519371          542661 0.970132  3022.16     -0.0948653
  0.344     845.165    -662.026    -566.934     465.465   498663   519371   541497          498663          519371          541497 0.967189  3021.58     -0.0958983
  0.346      834.95    -662.341    -566.003      465.11   497613   513293   540696          497613          513293          540696 0.966525     3021     -0.0968168
  0.348     824.865     -662.66    -565.074     464.427   496017   513293   539606          496017          513293          539606 0.966897  3020.41     -0.0977131
   0.35     814.906    -662.983    -564.146     463.748   495303   513293   538655          495303          513293          538655 0.964389  3019.82     -0.0986893
  0.352     805.072     -663.31    -563.219     463.408   494076   513293   537826          494076          513293          537826 0.964298  3019.22     -0.0998522
  0.354     795.359     -663.64    -562.292      463.72   493160   513293   536758          493160          513293          536758 0.961634  3018.61      -0.101308
  0.356     785.767    -663.975    -561.363     464.964   492343   511494   535588          492343          511494          535588 0.957861     3018      -0.103158
  0.358     776.293    -664.313    -560.431     467.374   490957   511494   534738          490957          511494          534738 0.957932  3017.37      -0.105496
   0.36     766.935    -664.656    -559.493      471.13   489269   511494   533778          489269          511494          533778 0.958937  3016.72      -0.108403
  0.362     757.691    -665.002    -558.546      476.35   488089   511494   532064          488089          511494          532064 0.954515  3016.06      -0.111947
  0.364     748.559    -665.352    -557.586     483.085   486955   509449   530890          486955          509449          530890 0.952384  3015.37      -0.116177
  0.366     739.538    -665.706    -556.612     491.314   485018   509449   529540          485018          509449          529540 0.952842  3014.66      -0.121123
  0.368     730.626    -666.064     -555.62     500.943   483112   506487   528528          483112          506487          528528 0.954772  3013.91       -0.12679
   0.37     721.822    -666.427    -554.608     511.802   480378   506487   527374          480378          506487          527374 0.959849  3013.13      -0.133161
  0.372     713.124    -666.793    -553.572     523.646   478964   506487   525524          478964          506487          525524 0.957761   3012.3      -0.140189
  0.374      704.53    -667.164    -552.513     536.166   477740   506487   524726          477740          506487          524726 0.959419  3011.44      -0.147802
  0.376      696.04    -667.539    -551.427     549.002   476173   506487   524054          476173          506487          524054 0.962434  3010.52      -0.155909
  0.378     687.651    -667.919    -550.317     561.763   473806   506487   523567          473806          506487          523567 0.968993  3009.56      -0.164401
   0.38     679.364    -668.304    -549.181      574.06   472685   502720   522592          472685          502720          522592 0.969146  3008.54      -0.173169
  0.382     671.175    -668.693    -548.021     585.547   471549   502720   521686          471549          502720          521686 0.969372  3007.47      -0.182123
  0.384     663.085    -669.088    -546.839     595.966   470275   496017   520613          470275          496017          520613 0.969148  3006.35      -0.191214
  0.386     655.091    -669.487    -545.638     605.203   468807   496017   519992          468807          496017          519992 0.971044  3005.17      -0.200471
  0.388     647.192    -669.891    -544.419     613.349   466955   496017   519248          466955          496017          519248 0.97348  3003.94      -0.210041
   0.39     639.388      -670.3    -543.185     620.763   466056   496017   518099          466056          496017          518099 0.971651  3002.65      -0.220249
  0.392     631.676    -670.715    -541.936     628.155   464738   489928   517009          464738          489928          517009 0.97062  3001.29      -0.231667
  0.394     624.056    -671.134    -540.672     636.675   463526   488510   515872          463526          488510          515872 0.968725  2999.86       -0.24522
  0.396     616.526    -671.559    -539.388     648.047   462367   480420   514312          462367          480420          514312 0.964932  2998.34      -0.262325
  0.398     609.085    -671.989    -538.076     664.741   461372   480420   513473          461372          480420          513473 0.961864  2996.71      -0.285088
    0.4     601.732    -672.425    -536.723     690.214   460387   480420   512240          460387          480420          512240 0.955759  2994.91      -0.316575
  0.402     594.467    -672.867    -535.306     729.195   459798   480420   510710          459798          480420          510710 0.9449  2992.89      -0.361144
  0.404     587.288    -673.314    -533.793     787.963   458635   480420   509454          458635          480420          509454 0.934091  2990.55      -0.424795
  0.406     580.197    -673.768    -532.136     874.448   457120   478607   507543          457120          478607          507543 0.91832  2987.75      -0.515391
  0.408     573.193     -674.23     -530.27     997.757   453998   478607   506581          453998          478607          506581 0.906234  2984.32      -0.642359
   0.41     566.279      -674.7    -528.114     1166.45   445813   478607   504371          445813          478607          504371 0.901603  2979.99      -0.815228
  0.412     559.457    -675.181    -525.571     1384.67   424412   478607   503234          424412          478607          503234 0.94181   2974.5       -1.04003
  0.414      552.73    -675.673    -522.547     1645.79   416138   474545   501572          416138          474545          501572 0.952623  2967.53       -1.31297
  0.416     546.104    -676.181    -518.976     1925.02   407428   474545   499880          407428          474545          499880 0.968832  2958.86       -1.61263
  0.418     539.582    -676.706    -514.865     2176.74   404432   474545   498266          404432          474545          498266 0.972452  2948.48       -1.89572
   0.42      533.17     -677.25    -510.325      2343.9   401503   473806   497263          401503          473806          497263 0.977851  2936.66       -2.10452
  0.422     526.868    -677.816    -505.577     2381.02   398270   473806   496235          398270          473806          496235 0.98347  2924.01       -2.18877
  0.424     520.675    -678.403    -500.896     2277.96   396839   419814   492350          396839          419814          492350 0.980921  2911.34       -2.13076
  0.426     514.589     -679.01    -496.539     2065.02   395856   419435   488601          395856          419435          488601 0.978568  2899.42       -1.95402
  0.428     508.602    -679.635    -492.673     1795.23   394790   419435   484121          394790          419435          484121 0.975587   2888.8       -1.70837
   0.43     502.707    -680.276    -489.361     1519.46   394241   408935   480555          394241          408935          480555 0.973729  2879.71       -1.44528
  0.432     496.897     -680.93    -486.577      1271.3   393737   407987   474013          393737          407987          474013 0.963812  2872.11       -1.20115
  0.434     491.165    -681.595    -484.247     1065.42   393311   407987   447136          393311          407987          447136 0.908503  2865.83      -0.993807
  0.436     485.505    -682.269    -482.286     903.151   392804   407987   442622          392804          407987          442622 0.916677  2860.64      -0.827127
  0.438     479.914    -682.949    -480.609     779.068   392389   407977   440045          392389          407977          440045 0.926237   2856.3      -0.697367
   0.44     474.388    -683.636    -479.149     685.593   391948   407977   437797          391948          407977          437797 0.933143  2852.61      -0.597919
  0.442     468.923    -684.328    -477.851     615.438   391511   407977   435934          391511          407977          435934 0.938137  2849.43      -0.521979
  0.444     463.517    -685.025    -476.676     562.546   390950   407977   433427          390950          407977          433427 0.938307  2846.63      -0.463682
  0.446     458.169    -685.725    -475.593     522.246   390173   407938   432070          390173          407938          432070 0.943735  2844.13      -0.418403
  0.448     452.877    -686.429    -474.581     491.089   389752   407938   429410          389752          407938          429410 0.940059  2841.85      -0.382662
   0.45     447.639    -687.136    -473.624     466.582   389187   407938   428569          389187          407938          428569 0.945255  2839.76      -0.353914
  0.452     442.454    -687.847    -472.711     446.947   388551   407938   427855          388551          407938          427855 0.950225  2837.82       -0.33032
  0.454     437.321     -688.56    -471.834     430.919   387875   406556   427312          387875          406556          427312 0.955405  2836.01      -0.310558
  0.456      432.24    -689.276    -470.986     417.596   387341   406556   426256          387341          406556          426256 0.956806  2834.29      -0.293679
  0.458     427.208    -689.995    -470.162     406.328   387050   406556   425773          387050          406556          425773 0.959264  2832.67      -0.278998
   0.46     422.226    -690.716    -469.359     396.644   386353   406405   425158          386353          406405          425158 0.962527  2831.13      -0.266015
  0.462     417.292     -691.44    -468.575     388.198   386087   406405   424493          386087          406405          424493 0.963146  2829.66      -0.254363
  0.464     412.406    -692.166    -467.806     380.734   385562   406405   423482          385562          406405          423482 0.963265  2828.25       -0.24377
  0.466     407.566    -692.894    -467.051     374.056   385073   406405   422935          385073          406405          422935 0.965142   2826.9       -0.23403
  0.468     402.772    -693.624    -466.309     368.016   384719   403169   422049          384719          403169          422049 0.964727   2825.6      -0.224988
   0.47     398.024    -694.357    -465.579     362.499   384117   402439   421296          384117          402439          421296 0.965826  2824.35      -0.216526
  0.472      393.32    -695.091    -464.859     357.418   383719   396521   420575          383719          396521          420575 0.966007  2823.15      -0.208553
  0.474      388.66    -695.828    -464.149     352.703   383339   396521   419815          383339          396521          419815 0.965852     2822      -0.200997
  0.476     384.044    -696.566    -463.448     348.298   383186   396521   418643          383186          396521          418643 0.962545  2820.88      -0.193803
  0.478      379.47    -697.307    -462.756     344.162   382691   394598   417742          382691          394598          417742 0.962202  2819.81      -0.186929
   0.48     374.938    -698.049    -462.071     340.261   382364   394598   416940          382364          394598          416940 0.961261  2818.77       -0.18034
  0.482     370.448    -698.793    -461.395     336.569   381813   394598   415882          381813          394598          415882 0.96024  2817.78       -0.17401
  0.484     365.998    -699.539    -460.725     333.066   381556   394530   415167          381556          394530          415167 0.959447  2816.81      -0.167917
  0.486     361.589    -700.287    -460.062     329.737   381338   394530   414585          381338          394530          414585 0.958958  2815.88      -0.162044
  0.488     357.219    -701.036    -459.406     326.571   380634   394530   413919          380634          394530          413919 0.960575  2814.99      -0.156376
   0.49     352.888    -701.787    -458.756     323.557   380279   394530   413168          380279          394530          413168 0.959854  2814.12      -0.150901
  0.492     348.596     -702.54    -458.112      320.69   379967   394530   412477          379967          394530          412477 0.959303  2813.29      -0.145608
  0.494     344.343    -703.295    -457.473     317.965   379542   394530   412014          379542          394530          412014 0.960513  2812.48      -0.140488
  0.496     340.126    -704.051     -456.84     315.377   379250   394530   411665          379250          394530          411665 0.961414  2811.71      -0.135532
  0.498     335.947    -704.808    -456.211     312.923   379015   394530   411263          379015          394530          411263 0.961481  2810.96       -0.13073
    0.5     331.804    -705.567    -455.588       310.6   378561   394530   410868          378561          394530          410868 0.962678  2810.24      -0.126074
  0.502     327.697    -706.328    -454.969     308.406   378141   394530   410494          378141          394530          410494 0.963778  2809.54      -0.121556
  0.504     323.626     -707.09    -454.354     306.337   377601   394530   410073          377601          394530          410073 0.965205  2808.87      -0.117167
  0.506      319.59    -707.854    -453.743      304.39   377379   393537   409845          377379          393537          409845 0.965881  2808.22      -0.112898
  0.508     315.589    -708.619    -453.136     302.562   377189   390198   409411          377189          390198          409411 0.965015   2807.6      -0.108741
   0.51     311.621    -709.386    -452.533      300.85   377019   390198   408995          377019          390198          408995 0.96396     2807      -0.104687
  0.512     307.688    -710.154    -451.933     299.248   376663   390198   408600          376663          390198          408600 0.9639  2806.43      -0.100728
  0.514     303.788    -710.923    -451.336     297.753   376303   390198   408236          376303          390198          408236 0.964028  2805.87     -0.0968546
  0.516     299.921    -711.694    -450.742     296.359   376019   390198   407735          376019          390198          407735 0.962823  2805.34     -0.0930595
  0.518     296.086    -712.466     -450.15     295.061   375531   390198   407098          375531          390198          407098 0.962155  2804.83     -0.0893348
   0.52     292.283    -713.239    -449.562     293.853   375088   390198   406715          375088          390198          406715 0.962766  2804.34     -0.0856729
  0.522     288.512    -714.014    -448.975     292.729   374599   387543   406202          374599          387543          406202 0.962845  2803.87      -0.082067
  0.524     284.773     -714.79    -448.391     291.682   373981   387543   405426          373981          387543          405426 0.9624  2803.42     -0.0785106
  0.526     281.064    -715.568    -447.808     290.706   373521   387543   404910          373521          387543          404910 0.962905  2802.99      -0.074998
  0.528     277.386    -716.346    -447.228     289.795   373175   387543   404318          373175          387543          404318 0.962371  2802.58     -0.0715241
   0.53     273.738    -717.127    -446.649      288.94   372995   387543   403921          372995          387543          403921 0.962011  2802.18     -0.0680845
  0.532      270.12    -717.908    -446.072     288.136   372442   387543   403560          372442          387543          403560 0.96411  2801.81     -0.0646754
  0.534     266.531     -718.69    -445.496     287.376   372161   387543   403178          372161          387543          403178 0.96449  2801.46     -0.0612939
  0.536     262.972    -719.474    -444.922     286.652   371927   387543   402667          371927          387543          402667 0.963798  2801.13     -0.0579377
  0.538     259.441    -720.259     -444.35     285.959   371594   387543   402363          371594          387543          402363 0.964927  2800.81     -0.0546052
   0.54     255.939    -721.046    -443.779      285.29   371311   387543   401815          371311          387543          401815 0.96437  2800.51     -0.0512955
  0.542     252.465    -721.833    -443.209     284.638   371049   387543   401389          371049          387543          401389 0.964374  2800.24     -0.0480082
  0.544     249.018    -722.622     -442.64     283.999   370761   386441   401107          370761          386441          401107 0.965395  2799.98     -0.0447437
  0.546     245.599    -723.412    -442.073     283.367   370532   386441   400713          370532          386441          400713 0.965387  2799.73     -0.0415029
  0.548     242.207    -724.203    -441.507     282.737   370251   386415   400485          370251          386415          400485 0.96654  2799.51     -0.0382868
   0.55     238.842    -724.995    -440.942     282.104   369950   386415   400131          369950          386415          400131 0.967047  2799.31     -0.0350974
  0.552     235.504    -725.789    -440.378     281.464   369756   386415   399888          369756          386415          399888 0.967505  2799.12     -0.0319365
  0.554     232.192    -726.583    -439.816     280.814   369401   386415   399557          369401          386415          399557 0.968265  2798.95     -0.0288064
  0.556     228.905    -727.379    -439.255      280.15   369194   381852   399105          369194          381852          399105 0.96756   2798.8     -0.0257096
  0.558     225.645    -728.176    -438.695     279.471   368967   381852   398803          368967          381852          398803 0.967788  2798.66     -0.0226488
   0.56     222.409    -728.974    -438.137     278.774   368815   380677   398442          368815          380677          398442 0.967165  2798.54     -0.0196264
  0.562     219.199    -729.774     -437.58     278.057   368670   380677   398178          368670          380677          398178 0.966942  2798.44     -0.0166451
  0.564     216.013    -730.574    -437.025      277.32   368287   380677   397811          368287          380677          397811 0.967504  2798.36     -0.0137074
  0.566     212.852    -731.376    -436.471     276.562   368186   380677   397418          368186          380677          397418 0.966268  2798.29     -0.0108157
  0.568     209.715    -732.178    -435.919     275.782   367740   380677   397057          367740          380677          397057 0.967212  2798.23    -0.00797226
   0.57     206.602    -732.982    -435.368     274.982   367587   380677   396775          367587          380677          396775 0.966875   2798.2    -0.00517894
  0.572     203.513    -733.787    -434.819     274.162   367346   380677   396546          367346          380677          396546 0.96731  2798.18    -0.00243745
  0.574     200.447    -734.593    -434.271     273.324   367204   380677   396245          367204          380677          396245 0.966667  2798.17     0.00025084
  0.576     197.404      -735.4    -433.725     272.468   367047   379832   395937          367047          379832          395937 0.965963  2798.18     0.00288488
  0.578     194.385    -736.208    -433.181     271.597   366787   379775   395564          366787          379775          395564 0.965495   2798.2     0.00546397
   0.58     191.387    -737.017    -432.639     270.713   366523   379775   395262          366523          379775          395262 0.965434  2798.24     0.00798779
  0.582     188.413    -737.827    -432.098     269.818   366246   379607   395053          366246          379607          395053 0.965991  2798.29      0.0104564
  0.584      185.46    -738.638     -431.56     268.916   365899   379607   394819          365899          379607          394819 0.966798  2798.36      0.0128701
  0.586     182.529     -739.45    -431.023     268.008   365412   379607   394604          365412          379607          394604 0.968616  2798.44      0.0152297
  0.588      179.62    -740.263    -430.488     267.099   365104   379607   394121          365104          379607          394121 0.967818  2798.53      0.0175363
   0.59     176.732    -741.077    -429.954      266.19   364948   377637   393850          364948          377637          393850 0.967415  2798.63      0.0197914
  0.592     173.866    -741.892    -429.423     265.285   364769   377637   393567          364769          377637          393567 0.96704  2798.75      0.0219966
  0.594      171.02    -742.709    -428.893     264.388   364615   377637   393128          364615          377637          393128 0.965512  2798.88       0.024154
  0.596     168.195    -743.526    -428.365     263.501   364356   377637   392896          364356          377637          392896 0.965898  2799.02      0.0262658
  0.598     165.391    -744.344    -427.839     262.627   364197   377637   392622          364197          377637          392622 0.965366  2799.17      0.0283346
    0.6     162.607    -745.163    -427.315      261.77   363842   377637   392265          363842          377637          392265 0.965557  2799.34      0.0303631
  0.602     159.843    -745.983    -426.792     260.932   363619   373546   391862          363619          373546          391862 0.964712  2799.51      0.0323541
  0.604     157.099    -746.804    -426.271     260.117   363428   373450   391460          363428          373450          391460 0.963611   2799.7      0.0343106
  0.606     154.375    -747.625    -425.752     259.326   363197   373450   391111          363197          373450          391111 0.963062   2799.9      0.0362357
  0.608     151.669    -748.448    -425.234     258.563   362992   373450   390741          362992          373450          390741 0.962213   2800.1      0.0381326
   0.61     148.984    -749.272    -424.717     257.829   362887   373450   390502          362887          373450          390502 0.961523  2800.32      0.0400046
  0.612     146.317    -750.096    -424.202     257.127   362438   373450   390301          362438          373450          390301 0.963338  2800.55      0.0418549
  0.614     143.669    -750.922    -423.689     256.458   362200   373450   389912          362200          373450          389912 0.962534  2800.79      0.0436867
  0.616      141.04    -751.748    -423.177     255.825   362107   373450   389586          362107          373450          389586 0.961165  2801.04      0.0455031
  0.618     138.429    -752.575    -422.666     255.229   361730   373450   389260          361730          373450          389260 0.961732   2801.3      0.0473073
   0.62     135.836    -753.404    -422.156      254.67   361668   372467   388935          361668          372467          388935 0.960129  2801.57      0.0491023
  0.622     133.262    -754.233    -421.647     254.151   361477   372467   388687          361477          372467          388687 0.959918  2801.85       0.050891
  0.624     130.705    -755.062    -421.139     253.671   361365   372467   388405          361365          372467          388405 0.958806  2802.14      0.0526762
  0.626     128.166    -755.893    -420.632     253.231   361204   372467   388160          361204          372467          388160 0.958243  2802.44      0.0544604
  0.628     125.645    -756.725    -420.126     252.831   360939   372467   387915          360939          372467          387915 0.958373  2802.75      0.0562462
   0.63     123.141    -757.557    -419.621     252.472   360575   372467   387628          360575          372467          387628 0.958954  2803.07      0.0580357
  0.632     120.654     -758.39    -419.116     252.154   360197   372467   387388          360197          372467          387388 0.960019   2803.4      0.0598311
  0.634     118.184    -759.224    -418.612     251.875   360050   372173   386948          360050          372173          386948 0.958012  2803.74      0.0616343
  0.636     115.731    -760.059    -418.109     251.635   359867   372173   386716          359867          372173          386716 0.957776   2804.1      0.0634468
  0.638     113.294    -760.895    -417.606     251.434   359486   372173   386485          359486          372173          386485 0.958968  2804.46      0.0652701
   0.64     110.875    -761.732    -417.103     251.271   359044   372173   386025          359044          372173          386025 0.959071  2804.83      0.0671054
  0.642     108.471    -762.569      -416.6     251.144   358838   372173   385842          358838          372173          385842 0.959612  2805.21      0.0689536
  0.644     106.084    -763.407    -416.098     251.052   358671   372173   385500          358671          372173          385500 0.958636   2805.6      0.0708156
  0.646     103.713    -764.246    -415.596     250.993   358536   372173   385288          358536          372173          385288 0.958364     2806      0.0726918
  0.648     101.357    -765.086    -415.094     250.966   358384   372173   384947          358384          372173          384947 0.957231  2806.42      0.0745824
   0.65     99.0176    -765.927    -414.592      250.97   358119   372173   384659          358119          372173          384659 0.957346  2806.84      0.0764876
  0.652     96.6936    -766.768     -414.09     251.002   357860   372173   384457          357860          372173          384457 0.958009  2807.28      0.0784071
  0.654      94.385     -767.61    -413.588      251.06   357623   372173   384257          357623          372173          384257 0.958516  2807.72      0.0803405
  0.656     92.0917    -768.453    -413.086     251.142   357329   372173   384044          357329          372173          384044 0.959289  2808.18      0.0822872
  0.658     89.8136    -769.297    -412.584     251.246   357156   370861   383863          357156          370861          383863 0.959416  2808.65      0.0842464
   0.66     87.5505    -770.142    -412.081      251.37   356830   370861   383660          356830          370861          383660 0.96045  2809.12       0.086217
  0.662     85.3023    -770.987    -411.578     251.512   356618   370861   383433          356618          370861          383433 0.960512  2809.61      0.0881978
  0.664     83.0688    -771.833    -411.075      251.67   356373   370861   383128          356373          370861          383128 0.960265  2810.12      0.0901875
  0.666     80.8499     -772.68    -410.572      251.84   356175   370861   382969          356175          370861          382969 0.960686  2810.63      0.0921843
  0.668     78.6455    -773.528    -410.068     252.021   355970   370861   382848          355970          370861          382848 0.961354  2811.15      0.0941867
   0.67     76.4554    -774.377    -409.563     252.211   355831   370861   382578          355831          370861          382578 0.960495  2811.69      0.0961927
  0.672     74.2795    -775.226    -409.059     252.406   355124   370861   382468          355124          370861          382468 0.964554  2812.23      0.0982004
  0.674     72.1177    -776.076    -408.554     252.606   354823   370861   382255          354823          370861          382255 0.965341  2812.79       0.100208
  0.676     69.9699    -776.927    -408.048     252.808   354646   370861   382164          354646          370861          382164 0.966096  2813.36       0.102212
  0.678     67.8359    -777.779    -407.543     253.009   354504   370861   382028          354504          370861          382028 0.966265  2813.94       0.104212
   0.68     65.7156    -778.632    -407.036     253.208   354213   370861   381893          354213          370861          381893 0.967365  2814.53       0.106205
  0.682     63.6089    -779.485     -406.53     253.403   353996   370016   381654          353996          370016          381654 0.967299  2815.14       0.108187
  0.684     61.5157    -780.339    -406.023     253.591   353761   367786   381403          353761          367786          381403 0.967322  2815.75       0.110158
  0.686     59.4358    -781.194    -405.515     253.772   353478   367786   381182          353478          367786          381182 0.967822  2816.38       0.112115
  0.688     57.3691     -782.05    -405.008     253.943   353294   367786   381021          353294          367786          381021 0.968074  2817.02       0.114054
   0.69     55.3155    -782.906      -404.5     254.102   352819   367786   380875          352819          367786          380875 0.970212  2817.66       0.115974
  0.692     53.2749    -783.763    -403.991     254.249   352627   365209   380766          352627          365209          380766 0.970897  2818.32       0.117873
  0.694     51.2473    -784.621    -403.483     254.382   352551   365209   380536          352551          365209          380536 0.970087  2818.99       0.119747
  0.696     49.2323     -785.48    -402.974       254.5   352441   365209   380284          352441          365209          380284 0.969331  2819.67       0.121595
  0.698     47.2301     -786.34    -402.465     254.602   352264   365209   380081          352264          365209          380081 0.969258  2820.36       0.123415
    0.7     45.2403      -787.2    -401.955     254.687   352108   365209   379849          352108          365209          379849 0.968859  2821.07       0.125205
  0.702      43.263    -788.061    -401.446     254.753   351914   365209   379631          351914          365209          379631 0.968802  2821.78       0.126961
  0.704     41.2981    -788.923    -400.936     254.802   351727   365209   379406          351727          365209          379406 0.968648   2822.5       0.128684
  0.706     39.3453    -789.785    -400.427     254.831   351578   365209   379090          351578          365209          379090 0.967706  2823.23       0.130371
  0.708     37.4047    -790.649    -399.917     254.841   351341   365209   378850          351341          365209          378850 0.967828  2823.97        0.13202
   0.71     35.4761    -791.513    -399.407     254.831   351142   365209   378653          351142          365209          378653 0.967985  2824.72        0.13363
  0.712     33.5593    -792.378    -398.898     254.802   350936   365209   378479          350936          365209          378479 0.968286  2825.48       0.135199
  0.714     31.6544    -793.243    -398.388     254.752   350590   365209   378338          350590          365209          378338 0.969663  2826.25       0.136728
  0.716     29.7612     -794.11    -397.879     254.684   350487   365209   378115          350487          365209          378115 0.969053  2827.03       0.138213
  0.718     27.8795    -794.977    -397.369     254.596   350389   362287   377884          350389          362287          377884 0.968347  2827.81       0.139656
   0.72     26.0094    -795.845     -396.86     254.489   350124   362287   377749          350124          362287          377749 0.969231  2828.61       0.141055
  0.722     24.1506    -796.714    -396.352     254.363   349693   362287   377575          349693          362287          377575 0.970941  2829.41        0.14241
  0.724     22.3032    -797.583    -395.843      254.22   349566   362287   377091          349566          362287          377091 0.968974  2830.22       0.143721
  0.726     20.4669    -798.453    -395.335     254.059   349499   362287   376735          349499          362287          376735 0.9675  2831.03       0.144987
  0.728     18.6418    -799.324    -394.827     253.882   349393   362262   376603          349393          362262          376603 0.96758  2831.86       0.146209
   0.73     16.8276    -800.196    -394.319     253.689   349247   362262   376388          349247          362262          376388 0.967355  2832.69       0.147386
  0.732     15.0244    -801.068    -393.812     253.482   349063   361730   376151          349063          361730          376151 0.967211  2833.53        0.14852
  0.734      13.232    -801.941    -393.305      253.26   348923   361730   375933          348923          361730          375933 0.966903  2834.37       0.149611
  0.736     11.4503    -802.815    -392.799     253.025   348664   361730   375804          348664          361730          375804 0.967904  2835.22       0.150659
  0.738     9.67929     -803.69    -392.293     252.779   348532   358991   375652          348532          358991          375652 0.967937  2836.08       0.151666
   0.74      7.9188    -804.565    -391.788     252.522   348462   358991   375441          348462          358991          375441 0.96715  2836.95       0.152632
  0.742     6.16876    -805.441    -391.283     252.255   348383   358991   375219          348383          358991          375219 0.966294  2837.81       0.153559
  0.744     4.42909    -806.317    -390.779     251.979   348283   358991   374970          348283          358991          374970 0.965339  2838.69       0.154447
  0.746      2.6997    -807.195    -390.275     251.696   348193   358991   374802          348193          358991          374802 0.964807  2839.57       0.155299
  0.748    0.980496    -808.073    -389.772     251.406   348051   358991   374640          348051          358991          374640 0.964619  2840.45       0.156115
   0.75   -0.728598    -808.952     -389.27     251.111   347888   358991   374514          347888          358991          374514 0.96477  2841.34       0.156898
  0.752    -2.42767    -809.831    -388.768     250.812   347730   358991   374312          347730          358991          374312 0.96434  2842.24       0.157649
  0.754    -4.11681    -810.711    -388.266     250.511   347574   358991   374185          347574          358991          374185 0.964371  2843.13       0.158369
  0.756    -5.79609    -811.592    -387.766     250.207   347319   358991   374068          347319          358991          374068 0.965127  2844.04        0.15906
  0.758     -7.4656    -812.474    -387.265     249.902   347155   358991   373905          347155          358991          373905 0.964943  2844.94       0.159725
   0.76    -9.12543    -813.356    -386.766     249.598   346998   358991   373726          346998          358991          373726 0.964582  2845.85       0.160365
  0.762    -10.7756    -814.239    -386.267     249.295   346759   358991   373583          346759          358991          373583 0.96501  2846.77       0.160981
  0.764    -12.4163    -815.123    -385.769     248.994   346557   358991   373415          346557          358991          373415 0.965008  2847.69       0.161577
  0.766    -14.0476    -816.007    -385.271     248.696   346329   358991   373230          346329          358991          373230 0.965088  2848.61       0.162153
  0.768    -15.6694    -816.892    -384.774     248.402   346192   358991   372965          346192          358991          372965 0.96399  2849.53       0.162712
   0.77     -17.282    -817.778    -384.277     248.114   345950   358991   372823          345950          358991          372823 0.964478  2850.46       0.163255
  0.772    -18.8854    -818.664    -383.782     247.831   345654   358991   372703          345654          358991          372703 0.96552   2851.4       0.163785
  0.774    -20.4796    -819.551    -383.286     247.554   345492   358991   372570          345492          358991          372570 0.965532  2852.33       0.164303
  0.776    -22.0647    -820.439    -382.791     247.285   345159   358991   372381          345159          358991          372381 0.966309  2853.27       0.164812
  0.778    -23.6409    -821.327    -382.297     247.024   344831   358991   372221          344831          358991          372221 0.967358  2854.21       0.165312
   0.78    -25.2081    -822.216    -381.803     246.771   344608   358991   372070          344608          358991          372070 0.967776  2855.16       0.165807
  0.782    -26.7665    -823.105     -381.31     246.527   344343   358991   371822          344343          358991          371822 0.967922  2856.11       0.166297
  0.784    -28.3161    -823.996    -380.817     246.293   344210   358991   371672          344210          358991          371672 0.967817  2857.06       0.166784
  0.786     -29.857    -824.886    -380.325     246.068   343866   354834   371491          343866          354834          371491 0.968898  2858.01       0.167269
  0.788    -31.3893    -825.778    -379.833     245.854   343772   354834   371187          343772          354834          371187 0.967574  2858.97       0.167756
   0.79     -32.913     -826.67    -379.341     245.651   343665   354834   370999          343665          354834          370999 0.967109  2859.93       0.168243
  0.792    -34.4282    -827.563     -378.85     245.459   343476   354834   370779          343476          354834          370779 0.966974  2860.89       0.168734
  0.794     -35.935    -828.456    -378.359     245.277   343369   354834   370461          343369          354834          370461 0.965644  2861.86       0.169229
  0.796    -37.4334     -829.35    -377.869     245.107   343219   354834   370218          343219          354834          370218 0.965103  2862.83        0.16973
  0.798    -38.9235    -830.245    -377.379     244.948   343101   354834   370043          343101          354834          370043 0.964828  2863.81       0.170238
    0.8    -40.4053     -831.14    -376.889     244.801   342975   354834   369638          342975          354834          369638 0.963009  2864.78       0.170753
  0.802    -41.8791    -832.036      -376.4     244.666   342838   354834   369483          342838          354834          369483 0.963047  2865.76       0.171277
  0.804    -43.3447    -832.933    -375.911     244.541   342754   354834   369283          342754          354834          369283 0.962339  2866.75       0.171811
  0.806    -44.8022     -833.83    -375.422     244.428   342647   354834   369063          342647          354834          369063 0.961635  2867.73       0.172355
  0.808    -46.2518    -834.728    -374.933     244.327   342430   354834   368785          342430          354834          368785 0.961311  2868.72        0.17291
   0.81    -47.6934    -835.626    -374.444     244.236   342316   354833   368563          342316          354833          368563 0.960664  2869.72       0.173476
  0.812    -49.1273    -836.525    -373.956     244.156   342089   354833   368462          342089          354833          368462 0.961655  2870.71       0.174055
  0.814    -50.5533    -837.425    -373.468     244.087   341875   354833   368273          341875          354833          368273 0.961913  2871.72       0.174646
  0.816    -51.9715    -838.325     -372.98     244.028   341662   354833   367989          341662          354833          367989 0.961564  2872.72       0.175249
  0.818    -53.3821    -839.226    -372.492     243.979   341460   352844   367902          341460          352844          367902 0.962492  2873.73       0.175866
   0.82    -54.7851    -840.128    -372.004      243.94   341101   352844   367748          341101          352844          367748 0.964052  2874.74       0.176496
  0.822    -56.1805     -841.03    -371.516     243.909   341022   352844   367505          341022          352844          367505 0.963087  2875.76       0.177139
  0.824    -57.5684    -841.932    -371.028     243.888   340637   352844   367126          340637          352844          367126 0.963416  2876.78       0.177796
  0.826    -58.9488    -842.836     -370.54     243.875   340531   352844   366916          340531          352844          366916 0.963005   2877.8       0.178465
  0.828    -60.3219    -843.739    -370.053      243.87   340461   352844   366690          340461          352844          366690 0.962202  2878.83       0.179148
   0.83    -61.6876    -844.644    -369.565     243.873   340380   352844   366540          340380          352844          366540 0.96199  2879.87       0.179843
  0.832    -63.0461    -845.549    -369.077     243.882   340256   352844   366363          340256          352844          366363 0.961848  2880.91        0.18055
  0.834    -64.3973    -846.455    -368.589     243.898   340122   352844   366201          340122          352844          366201 0.961878  2881.95       0.181269
  0.836    -65.7413    -847.361    -368.101      243.92   340034   352844   366050          340034          352844          366050 0.96162     2883          0.182
  0.838    -67.0782    -848.268    -367.614     243.947   339876   352844   365933          339876          352844          365933 0.962054  2884.05       0.182742
   0.84     -68.408    -849.175    -367.126     243.979   339689   352844   365789          339689          352844          365789 0.962488   2885.1       0.183495
  0.842    -69.7309    -850.083    -366.638     244.016   339511   352844   365661          339511          352844          365661 0.962956  2886.16       0.184257
  0.844    -71.0467    -850.992     -366.15     244.056   339239   352844   365570          339239          352844          365570 0.964355  2887.23       0.185029
  0.846    -72.3556    -851.901    -365.661       244.1   339109   352844   365466          339109          352844          365466 0.964652   2888.3        0.18581
  0.848    -73.6577    -852.811    -365.173     244.146   339001   352627   365306          339001          352627          365306 0.964377  2889.38       0.186598
   0.85     -74.953    -853.721    -364.685     244.195   338868   352627   365216          338868          352627          365216 0.964734  2890.46       0.187394
  0.852    -76.2415    -854.632    -364.196     244.246   338771   352627   364989          338771          352627          364989 0.963855  2891.54       0.188196
  0.854    -77.5232    -855.544    -363.708     244.297   338588   352627   364842          338588          352627          364842 0.964159  2892.63       0.189004
  0.856    -78.7983    -856.456    -363.219      244.35   338390   352627   364535          338390          352627          364535 0.963486  2893.73       0.189816
  0.858    -80.0668    -857.369     -362.73     244.403   338243   352627   364392          338243          352627          364392 0.963589  2894.83       0.190633
   0.86    -81.3287    -858.282    -362.242     244.455   338096   349693   364221          338096          349693          364221 0.963489  2895.94       0.191453
  0.862    -82.5841    -859.196    -361.753     244.507   338005   349693   364039          338005          349693          364039 0.962909  2897.05       0.192276
  0.864     -83.833     -860.11    -361.264     244.558   337825   349693   363893          337825          349693          363893 0.963168  2898.17       0.193101
  0.866    -85.0754    -861.025    -360.774     244.607   337672   349693   363770          337672          349693          363770 0.9634  2899.29       0.193926
  0.868    -86.3115    -861.941    -360.285     244.655   337510   349693   363541          337510          349693          363541 0.962957  2900.42       0.194751
   0.87    -87.5412    -862.857    -359.796       244.7   337422   349693   363356          337422          349693          363356 0.962294  2901.55       0.195576
  0.872    -88.7647    -863.774    -359.306     244.743   337239   349693   363242          337239          349693          363242 0.962763  2902.69       0.196399
  0.874    -89.9818    -864.691    -358.817     244.783   337080   349693   363052          337080          349693          363052 0.962533  2903.83        0.19722
  0.876    -91.1928    -865.609    -358.327      244.82   336971   349693   362941          336971          349693          362941 0.962491  2904.98       0.198038
  0.878    -92.3976    -866.527    -357.838     244.853   336644   349693   362742          336644          349693          362742 0.963387  2906.13       0.198853
   0.88    -93.5963    -867.446    -357.348     244.883   336315   349693   362651          336315          349693          362651 0.965071  2907.29       0.199663
  0.882    -94.7889    -868.366    -356.858     244.909   336134   349693   362556          336134          349693          362556 0.965724  2908.45       0.200469
  0.884    -95.9754    -869.286    -356.368     244.931   335940   349693   362445          335940          349693          362445 0.966349  2909.62       0.201268
  0.886     -97.156    -870.207    -355.878     244.949   335838   349693   362311          335838          349693          362311 0.966169  2910.79       0.202062
  0.888    -98.3306    -871.128    -355.388     244.963   335733   349693   362062          335733          349693          362062 0.965193  2911.97       0.202849
   0.89    -99.4993     -872.05    -354.898     244.972   335612   349693   361958          335612          349693          361958 0.965331  2913.16       0.203629
  0.892    -100.662    -872.973    -354.408     244.977   335485   349693   361844          335485          349693          361844 0.965412  2914.35       0.204401
  0.894    -101.819    -873.896    -353.919     244.977   335207   349693   361755          335207          349693          361755 0.966655  2915.54       0.205165
  0.896     -102.97    -874.819    -353.429     244.973   335091   349693   361566          335091          349693          361566 0.966176  2916.74       0.205921
  0.898    -104.116    -875.743    -352.939     244.964   334946   349693   361284          334946          349693          361284 0.965283  2917.94       0.206667
    0.9    -105.256    -876.668    -352.449     244.951   334633   349693   361132          334633          349693          361132 0.966423  2919.15       0.207405
  0.902     -106.39    -877.593    -351.959     244.934   334448   349693   361039          334448          349693          361039 0.967113  2920.36       0.208133
  0.904    -107.518    -878.519    -351.469     244.912   334309   349693   360949          334309          349693          360949 0.967497  2921.58       0.208852
  0.906    -108.641    -879.445    -350.979     244.886   334040   349693   360805          334040          349693          360805 0.968379   2922.8        0.20956
  0.908    -109.758    -880.372    -350.489     244.856   333819   344374   360701          333819          344374          360701 0.969219  2924.03       0.210259
   0.91     -110.87    -881.299        -350     244.822   333739   344374   360523          333739          344374          360523 0.968683  2925.26       0.210948
  0.912    -111.976    -882.227     -349.51     244.785   333635   344374   360382          333635          344374          360382 0.968531   2926.5       0.211626
  0.914    -113.077    -883.156    -349.021     244.744   333521   344374   360255          333521          344374          360255 0.968512  2927.74       0.212294
  0.916    -114.173    -884.085    -348.531     244.699   333455   344366   360107          333455          344366          360107 0.968013  2928.99       0.212952
  0.918    -115.263    -885.015    -348.042     244.652   333349   344366   359844          333349          344366          359844 0.967023  2930.24         0.2136
   0.92    -116.348    -885.945    -347.553     244.601   333262   344366   359686          333262          344366          359686 0.966594  2931.49       0.214238
  0.922    -117.427    -886.875    -347.063     244.548   333100   344366   359546          333100          344366          359546 0.966784  2932.75       0.214865
  0.924    -118.501    -887.807    -346.574     244.492   332945   344366   359437          332945          344366          359437 0.967122  2934.01       0.215483
  0.926     -119.57    -888.738    -346.085     244.435   332810   344366   359321          332810          344366          359321 0.96727  2935.28       0.216091
  0.928    -120.634    -889.671    -345.597     244.375   332652   344366   359232          332652          344366          359232 0.967763  2936.55       0.216689
   0.93    -121.693    -890.603    -345.108     244.314   332510   344366   359084          332510          344366          359084 0.967738  2937.82       0.217278
  0.932    -122.746    -891.537    -344.619     244.252   332432   344366   358953          332432          344366          358953 0.967366   2939.1       0.217858
  0.934    -123.795    -892.471    -344.131     244.189   332362   344366   358703          332362          344366          358703 0.966107  2940.38       0.218428
  0.936    -124.838    -893.405    -343.643     244.125   332214   344366   358474          332214          344366          358474 0.965549  2941.67       0.218991
  0.938    -125.877     -894.34    -343.154     244.061   332051   344366   358294          332051          344366          358294 0.965457  2942.96       0.219544
   0.94     -126.91    -895.276    -342.666     243.997   331964   344366   358126          331964          344366          358126 0.964928  2944.25        0.22009
  0.942    -127.938    -896.212    -342.178     243.933   331825   343871   357966          331825          343871          357966 0.964802  2945.55       0.220628
  0.944    -128.962    -897.148    -341.691      243.87   331762   343871   357823          331762          343871          357823 0.96425  2946.85       0.221159
  0.946    -129.981    -898.085    -341.203     243.807   331616   343871   357677          331616          343871          357677 0.964241  2948.16       0.221683
  0.948    -130.994    -899.023    -340.715     243.746   331532   343871   357505          331532          343871          357505 0.963611  2949.47       0.222199
   0.95    -132.003    -899.961    -340.228     243.686   331485   343871   357389          331485          343871          357389 0.963086  2950.78        0.22271
  0.952    -133.008      -900.9    -339.741     243.629   331305   343871   357215          331305          343871          357215 0.96308   2952.1       0.223215
  0.954    -134.007    -901.839    -339.253     243.573   331146   343871   357071          331146          343871          357071 0.96313  2953.42       0.223714
  0.956    -135.002    -902.779    -338.766      243.52   331040   343871   356971          331040          343871          356971 0.9631  2954.74       0.224208
  0.958    -135.992    -903.719    -338.279     243.469   330894   343871   356842          330894          343871          356842 0.963121  2956.07       0.224697
   0.96    -136.977    -904.659    -337.793     243.422   330813   343871   356712          330813          343871          356712 0.962677   2957.4       0.225182
  0.962    -137.958    -905.601    -337.306     243.377   330543   343871   356568          330543          343871          356568 0.963429  2958.73       0.225663
  0.964    -138.934    -906.542    -336.819     243.336   330248   340733   356431          330248          340733          356431 0.96445  2960.07        0.22614
  0.966    -139.906    -907.485    -336.332     243.299   330132   340733   356231          330132          340733          356231 0.963827  2961.41       0.226614
  0.968    -140.873    -908.427    -335.846     243.266   330043   340733   356009          330043          340733          356009 0.962852  2962.75       0.227084
   0.97    -141.835    -909.371    -335.359     243.238   329968   340733   355743          329968          340733          355743 0.961464   2964.1       0.227553
  0.972    -142.793    -910.315    -334.873     243.213   329803   340733   355662          329803          340733          355662 0.962004  2965.45       0.228019
  0.974    -143.747    -911.259    -334.386     243.194   329721   340733   355575          329721          340733          355575 0.9619   2966.8       0.228484
  0.976    -144.696    -912.204      -333.9     243.179   329689   340733   355419          329689          340733          355419 0.960893  2968.16       0.228947
  0.978    -145.641    -913.149    -333.414     243.169   329616   340733   355328          329616          340733          355328 0.960608  2969.52       0.229408
   0.98    -146.581    -914.095    -332.927     243.164   329457   340733   355227          329457          340733          355227 0.960829  2970.89       0.229869
  0.982    -147.517    -915.041    -332.441     243.165   329236   340733   355151          329236          340733          355151 0.961691  2972.25        0.23033
  0.984    -148.449    -915.988    -331.955     243.172   329142   340733   355008          329142          340733          355008 0.96113  2973.62        0.23079
  0.986    -149.376    -916.935    -331.468     243.184   329039   340733   354897          329039          340733          354897 0.960832     2975       0.231251
  0.988      -150.3    -917.883    -330.982     243.201   328931   340733   354737          328931          340733          354737 0.960199  2976.38       0.231711
   0.99    -151.219    -918.831    -330.496     243.225   328804   340733   354546          328804          340733          354546 0.959479  2977.76       0.232173
  0.992    -152.133     -919.78    -330.009     243.255   328615   340733   354369          328615          340733          354369 0.959313  2979.14       0.232635
  0.994    -153.044    -920.729    -329.523     243.291   328300   340733   354305          328300          340733          354305 0.96094  2980.53       0.233098
  0.996     -153.95    -921.679    -329.036     243.333   327963   340733   354059          327963          340733          354059 0.961461  2981.92       0.233563
  0.998    -154.852    -922.629    -328.549     243.381   327832   340733   353918          327832          340733          353918 0.96127  2983.31       0.234029
      1    -155.751     -923.58    -328.062     243.435   327787   340733   353857          327787          340733          353857 0.961009  2984.71       0.234497
  1.002    -156.645    -924.532    -327.575     243.496   327424   340733   353646          327424          340733          353646 0.962023  2986.11       0.234967
  1.004    -157.535    -925.483    -327.088     243.563   327365   340688   353531          327365          340688          353531 0.961521  2987.52       0.235439
  1.006    -158.421    -926.436    -326.601     243.636   327245   340688   353390          327245          340688          353390 0.961241  2988.93       0.235913
  1.008    -159.303    -927.388    -326.114     243.716   327131   340688   353270          327131          340688          353270 0.961057  2990.34       0.236389
   1.01    -160.181    -928.342    -325.626     243.802   326844   340688   353157          326844          340688          353157 0.962182  2991.76       0.236867
  1.012    -161.055    -929.295    -325.139     243.894   326782   340688   353081          326782          340688          353081 0.961951  2993.17       0.237348
  1.014    -161.925     -930.25    -324.651     243.992   326698   340688   353004          326698          340688          353004 0.961817   2994.6       0.237832
  1.016    -162.791    -931.204    -324.163     244.097   326329   340688   352927          326329          340688          352927 0.963714  2996.02       0.238318
  1.018    -163.654    -932.159    -323.674     244.207   326158   340688   352853          326158          340688          352853 0.964257  2997.45       0.238807
   1.02    -164.512    -933.115    -323.186     244.324   325905   340688   352742          325905          340688          352742 0.965129  2998.89       0.239298
  1.022    -165.367    -934.071    -322.697     244.446   325695   340688   352630          325695          340688          352630 0.965713  3000.32       0.239792
  1.024    -166.218    -935.028    -322.208     244.574   325560   340688   352346          325560          340688          352346 0.964627  3001.76       0.240289
  1.026    -167.065    -935.985    -321.719     244.708   325361   340688   352165          325361          340688          352165 0.964708  3003.21       0.240788
  1.028    -167.908    -936.943    -321.229     244.848   325080   340688   352077          325080          340688          352077 0.966025  3004.66        0.24129
   1.03    -168.747    -937.901    -320.739     244.992   324943   340639   352009          324943          340639          352009 0.966497  3006.11       0.241794
  1.032    -169.583     -938.86    -320.249     245.143   324758   340639   351862          324758          340639          351862 0.966766  3007.56       0.242301
  1.034    -170.415    -939.819    -319.759     245.298   324602   340639   351797          324602          340639          351797 0.967391  3009.02        0.24281
  1.036    -171.244    -940.778    -319.268     245.458   324488   340639   351616          324488          340639          351616 0.966962  3010.49       0.243322
  1.038    -172.069    -941.738    -318.777     245.623   324189   339191   351486          324189          339191          351486 0.9681  3011.95       0.243835
   1.04     -172.89    -942.699    -318.286     245.793   324115   335996   351396          324115          335996          351396 0.968038  3013.42       0.244351
  1.042    -173.707     -943.66    -317.794     245.967   323942   335996   351193          323942          335996          351193 0.967872   3014.9       0.244868
  1.044    -174.521    -944.621    -317.302     246.145   323840   335996   351014          323840          335996          351014 0.967427  3016.38       0.245387
  1.046    -175.331    -945.583    -316.809     246.327   323766   335996   350913          323766          335996          350913 0.967306  3017.86       0.245908
  1.048    -176.138    -946.546    -316.316     246.513   323733   335996   350738          323733          335996          350738 0.966384  3019.35        0.24643
   1.05    -176.941    -947.509    -315.823     246.703   323650   335996   350655          323650          335996          350655 0.96639  3020.84       0.246953
  1.052    -177.741    -948.472     -315.33     246.896   323574   335996   350508          323574          335996          350508 0.965885  3022.33       0.247478
  1.054    -178.537    -949.436    -314.836     247.093   323431   335996   350280          323431          335996          350280 0.965306  3023.83       0.248003
  1.056     -179.33    -950.401    -314.341     247.292   323348   335996   350159          323348          335996          350159 0.965034  3025.33       0.248529
  1.058     -180.12    -951.366    -313.846     247.495   323265   335996   350082          323265          335996          350082 0.96503  3026.84       0.249056
   1.06    -180.905    -952.331    -313.351     247.699   323199   335996   349973          323199          335996          349973 0.964664  3028.34       0.249583
  1.062    -181.688    -953.297    -312.856     247.906   323088   335996   349889          323088          335996          349889 0.96474  3029.86       0.250109
  1.064    -182.467    -954.263     -312.36     248.116   322933   335996   349787          322933          335996          349787 0.964982  3031.38       0.250636
  1.066    -183.243     -955.23    -311.863     248.327   322679   335996   349705          322679          335996          349705 0.966012   3032.9       0.251163
  1.068    -184.015    -956.197    -311.366      248.54   322508   335996   349552          322508          335996          349552 0.966046  3034.42       0.251689
   1.07    -184.784    -957.165    -310.869     248.754   322404   335996   349195          322404          335996          349195 0.964317  3035.95       0.252214
  1.072     -185.55    -958.133    -310.371     248.969   322238   335996   349109          322238          335996          349109 0.964806  3037.49       0.252738
  1.074    -186.312    -959.102    -309.873     249.186   322103   335996   348970          322103          335996          348970 0.964756  3039.02       0.253261
  1.076    -187.071    -960.071    -309.375     249.403   321900   335996   348838          321900          335996          348838 0.965205  3040.56       0.253783
  1.078    -187.827    -961.041    -308.875      249.62   321704   333796   348724          321704          333796          348724 0.965744  3042.11       0.254303
   1.08     -188.58    -962.011    -308.376     249.839   321609   333796   348611          321609          333796          348611 0.965604  3043.66       0.254821
  1.082    -189.329    -962.982    -307.876     250.057   321541   333796   348222          321541          333796          348222 0.963458  3045.21       0.255338
  1.084    -190.075    -963.953    -307.376     250.275   321429   333796   348024          321429          333796          348024 0.962906  3046.77       0.255852
  1.086    -190.818    -964.925    -306.875     250.493   321281   333796   347921          321281          333796          347921 0.963235  3048.33       0.256363
  1.088    -191.558    -965.897    -306.374      250.71   321222   333796   347775          321222          333796          347775 0.962656   3049.9       0.256873
   1.09    -192.295    -966.869    -305.872     250.927   321071   333796   347580          321071          333796          347580 0.962363  3051.46       0.257379
  1.092    -193.028    -967.843     -305.37     251.143   320972   333796   347499          320972          333796          347499 0.962486  3053.04       0.257883
  1.094    -193.759    -968.816    -304.868     251.357   320699   333796   347407          320699          333796          347407 0.96372  3054.61       0.258383
  1.096    -194.486     -969.79    -304.365     251.571   320638   333796   347243          320638          333796          347243 0.96302  3056.19       0.258881
  1.098     -195.21    -970.765    -303.861     251.783   320548   333796   347139          320548          333796          347139 0.962898  3057.78       0.259375
    1.1    -195.931     -971.74    -303.358     251.994   320520   333796   347048          320520          333796          347048 0.962415  3059.37       0.259866
  1.102    -196.649    -972.715    -302.853     252.204   320434   333796   346878          320434          333796          346878 0.961763  3060.96       0.260353
  1.104    -197.364    -973.691    -302.349     252.411   320210   333796   346781          320210          333796          346781 0.96254  3062.55       0.260836
  1.106    -198.076    -974.668    -301.844     252.617   320142   333796   346653          320142          333796          346653 0.96204  3064.15       0.261316
  1.108    -198.785    -975.644    -301.338      252.82   319975   333796   346577          319975          333796          346577 0.96255  3065.76       0.261792
