# n_walkers  560  n_cull  1  simple log(alpha)  -0.001784121793501292
#   T     log_Z(T)      F(T)        U(T)       Cvp(T)    low_pct_i(T) mode_i(T) high_pct_i(T) low_pct_iter(T)  mode_iter(T)   high_pct_iter(T) Z_fract(T)   V(T)   thermal_exp(T)
   0.01     55677.5    -570.816    -569.562     121.166   783300   783467   783467          783300          783467          783467 0.90742  1591.87    -0.00902027
  0.012     46164.8    -570.827     -569.32     121.195   783255   783467   783467          783255          783467          783467 0.92663  1591.85    -0.00705331
  0.014       39370    -570.838    -569.078     121.239   783233   783467   783467          783233          783467          783467 0.915618  1591.83    -0.00554957
  0.016       34274     -570.85    -568.835     121.293   783204   783467   783467          783204          783467          783467 0.910747  1591.81    -0.00439955
  0.018     30310.4    -570.862    -568.592     121.353   783165   783467   783467          783165          783467          783467 0.912851   1591.8    -0.00350682
   0.02     27139.6    -570.874     -568.35      121.42   783131   783467   783467          783131          783467          783467 0.908509  1591.79     -0.0028019
  0.022     24545.3    -570.887    -568.107     121.491   783090   783467   783467          783090          783467          783467 0.907972  1591.78    -0.00223648
  0.024     22383.4      -570.9    -567.864     121.568   783026   783467   783467          783026          783467          783467 0.919413  1591.78    -0.00177676
  0.026     20554.1    -570.913     -567.62     121.651   782989   783467   783467          782989          783467          783467 0.916915  1591.77     -0.0013984
  0.028     18986.1    -570.926    -567.377      121.74   782943   783467   783467          782943          783467          783467 0.917566  1591.77    -0.00108314
   0.03     17627.2     -570.94    -567.133     121.838   782899   783467   783467          782899          783467          783467 0.916556  1591.76   -0.000816646
  0.032     16438.2    -570.954     -566.89     121.944   782855   783467   783467          782855          783467          783467 0.914074  1591.76    -0.00058725
  0.034       15389    -570.968    -566.646     122.061   782794   783467   783467          782794          783467          783467 0.916597  1591.76   -0.000385097
  0.036     14456.5    -570.982    -566.401     122.189   782744   783467   783467          782744          783467          783467 0.914481  1591.76    -0.00020171
  0.038     13622.1    -570.997    -566.157      122.33   782691   783467   783467          782691          783467          783467 0.912513  1591.76   -2.96936e-05
   0.04     12871.2    -571.012    -565.912     122.486   782631   783467   783467          782631          783467          783467 0.911437  1591.76    0.000137456
  0.042     12191.7    -571.027    -565.667     122.658   782550   783467   783467          782550          783467          783467 0.915123  1591.76    0.000305506
  0.044     11574.1    -571.042    -565.421     122.849   782478   783467   783467          782478          783467          783467 0.915555  1591.76    0.000479623
  0.046     11010.2    -571.058    -565.176      123.06   782400   783466   783467          782400          783466          783467 0.916424  1591.76    0.000664528
  0.048     10493.2    -571.074    -564.929     123.295   782346   783466   783467          782346          783466          783467 0.910844  1591.77    0.000864649
   0.05     10017.7     -571.09    -564.682     123.556   782268   783466   783467          782268          783466          783467 0.908736  1591.77      0.0010843
  0.052     9578.68    -571.106    -564.435     123.847   782202   783466   783467          782202          783466          783467 0.90306  1591.77     0.00132791
  0.054     9172.22    -571.123    -564.187     124.173   782081   783466   783467          782081          783466          783467 0.905394  1591.78     0.00160024
  0.056      8794.8     -571.14    -563.938     124.539   781959   783466   783467          781959          783466          783467 0.90695  1591.78     0.00190669
  0.058     8443.41    -571.158    -563.689     124.953   781833   783466   783467          781833          783466          783467 0.907488  1591.79     0.00225364
   0.06     8115.46    -571.175    -563.438     125.422   781741   783466   783467          781741          783466          783467 0.901769   1591.8     0.00264887
  0.062     7808.66    -571.193    -563.187     125.958   781593   783464   783467          781593          783464          783467 0.901509  1591.81     0.00310213
  0.064     7521.05    -571.212    -562.935     126.574   781388   783464   783467          781388          783464          783467 0.906101  1591.82     0.00362576
  0.066     7250.88    -571.231    -562.681     127.288   781202   783464   783467          781202          783464          783467 0.907059  1591.83     0.00423565
  0.068      6996.6     -571.25    -562.425     128.123   780971   783464   783467          780971          783464          783467 0.910466  1591.84     0.00495242
   0.07     6756.87     -571.27    -562.168     129.108   780738   783464   783467          780738          783464          783467 0.912561  1591.86     0.00580313
  0.072     6530.45     -571.29    -561.909     130.282   780611   783464   783467          780611          783464          783467 0.903258  1591.88     0.00682356
  0.074     6316.29    -571.311    -561.647     131.698   780371   783464   783467          780371          783464          783467 0.899723   1591.9     0.00806159
  0.076      6113.4    -571.333    -561.382     133.428   779962   783464   783467          779962          783464          783467 0.905025  1591.93     0.00958184
  0.078     5920.93    -571.355    -561.113     135.572   779471   783464   783467          779471          783464          783467 0.913134  1591.97      0.0114724
   0.08     5738.09    -571.378    -560.839     138.266   779165   783464   783467          779165          783464          783467 0.907228  1592.01      0.0138543
  0.082     5564.18    -571.402    -560.559     141.702   778722   783464   783467          778722          783464          783467 0.904486  1592.05      0.0168951
  0.084     5398.57    -571.427    -560.272     146.148   778259   783259   783467          778259          783259          783467 0.897621  1592.11      0.0208267
  0.086     5240.67    -571.453    -559.974     151.977   777402   783259   783467          777402          783259          783467 0.901599  1592.19      0.0259708
  0.088     5089.97    -571.481    -559.662     159.706   776477   783259   783467          776477          783259          783467 0.902544  1592.28      0.0327699
   0.09     4945.98     -571.51    -559.333     170.037   775438   783259   783467          775438          783259          783467 0.900263   1592.4      0.0418243
  0.092     4808.28    -571.542     -558.98     183.901   774099   783259   783467          774099          783259          783467 0.896903  1592.55      0.0539335
  0.094     4676.47    -571.577    -558.594     202.499   771670   783259   783467          771670          783259          783467 0.90999  1592.75      0.0701443
  0.096     4550.19    -571.615    -558.166     227.364   768722   783259   783467          768722          783259          783467 0.924697     1593      0.0918482
  0.098     4429.11    -571.657    -557.679     260.571   764726   783259   783467          764726          783259          783467 0.943117  1593.34       0.121099
    0.1     4312.93    -571.706    -557.116     305.563   760742   783259   783467          760742          783259          783467 0.951963  1593.79       0.161679
  0.102     4201.38    -571.762    -556.445     369.683   755043   783259   783467          755043          783259          783467 0.962353  1594.39       0.222204
  0.104     4094.21    -571.827    -555.613      470.41   747719   783012   783467          747719          783012          783467 0.96347  1595.25       0.323812
  0.106     3991.22    -571.907    -554.513     646.903   735723   769534   783467          735723          769534          783467 0.970016  1596.55       0.515498
  0.108     3892.23    -572.007    -552.932      962.73   724624   764842   783467          724624          764842          783467 0.961129  1598.73       0.883394
   0.11     3797.12    -572.138    -550.571     1401.42   700378   756290   783467          700378          756290          783467 0.985698  1602.42        1.43332
  0.112     3705.83    -572.315    -547.476     1614.45   688485   734935   778755          688485          734935          778755 0.985607  1607.68        1.75737
  0.114     3618.19    -572.544     -544.46     1340.49   683545   711858   766208          683545          711858          766208 0.975998  1613.04        1.48777
  0.116     3533.94    -572.816    -542.185     948.474   680220   702721   743794          680220          702721          743794 0.953722   1617.1        1.03651
  0.118     3452.79    -573.117    -540.567     695.555   677286   701177   731579          677286          701177          731579 0.953687  1619.91       0.733559
   0.12     3374.51    -573.437    -539.324     560.887   675075   694295   720702          675075          694295          720702 0.950632     1622       0.569027
  0.122     3298.92    -573.773    -538.284     486.154   672753   694238   717236          672753          694238          717236 0.963124  1623.68        0.47612
  0.124     3225.87     -574.12    -537.361     439.154   670598   688235   712572          670598          688235          712572 0.963789  1625.13       0.416274
  0.126     3155.22    -574.478    -536.518     406.096   668717   685943   708647          668717          685943          708647 0.963997   1626.4       0.372878
  0.128     3086.84    -574.845    -535.732     381.413   667327   682291   704962          667327          682291          704962 0.960663  1627.56       0.339342
   0.13     3020.64     -575.22    -534.988     362.646   665476   682291   702781          665476          682291          702781 0.964506  1628.62       0.312826
  0.132     2956.49    -575.603    -534.278     348.367   664035   679307   699323          664035          679307          699323 0.959289  1629.61       0.291674
  0.134     2894.32    -575.992    -533.593     337.461   662412   678626   696668          662412          678626          696668 0.958777  1630.53       0.274576
  0.136     2834.02    -576.388    -532.927     328.948   660601   676948   694923          660601          676948          694923 0.96351   1631.4       0.260382
  0.138     2775.51     -576.79    -532.276     321.977   659108   676858   692911          659108          676858          692911 0.964534  1632.23        0.24812
   0.14     2718.71    -577.198    -531.638     315.858   657408   671857   690970          657408          671857          690970 0.967691  1633.02       0.237045
  0.142     2663.56    -577.612    -531.012     310.093   656533   670809   689233          656533          670809          689233 0.967242  1633.78       0.226653
  0.144     2609.97    -578.031    -530.398     304.377   655448   668998   687652          655448          668998          687652 0.967803   1634.5       0.216669
  0.146     2557.89    -578.455    -529.795     298.582   654631   668998   686012          654631          668998          686012 0.966388  1635.19       0.207014
  0.148     2507.25    -578.884    -529.203     292.728   653682   668998   684466          653682          668998          684466 0.965607  1635.86       0.197749
   0.15     2457.98    -579.318    -528.624     286.939   652354   665780   683043          652354          665780          683043 0.967354  1636.49       0.189025
  0.152     2410.05    -579.756    -528.056     281.399   651629   663015   681694          651629          663015          681694 0.965602  1637.09        0.18103
  0.154     2363.39    -580.198    -527.498     276.314   650885   663015   680348          650885          663015          680348 0.962917  1637.68       0.173954
  0.156     2317.95    -580.644     -526.95     271.875   649333   663015   679057          649333          663015          679057 0.965125  1638.24       0.167953
  0.158     2273.68    -581.095     -526.41     268.237   648675   660174   677687          648675          660174          677687 0.961474  1638.78        0.16313
   0.16     2230.55    -581.549    -525.876       265.5   647529   658239   676093          647529          658239          676093 0.959093  1639.31       0.159527
  0.162      2188.5    -582.007    -525.347     263.701   646320   658239   674504          646320          658239          674504 0.957888  1639.82       0.157117
  0.164      2147.5    -582.468    -524.821     262.812   645460   657671   673308          645460          657671          673308 0.957192  1640.34       0.155809
  0.166     2107.51    -582.933    -524.295     262.743   644470   657623   672324          644470          657623          672324 0.958071  1640.85       0.155452
  0.168     2068.49    -583.401    -523.769     263.353   643475   657623   671386          643475          657623          671386 0.95881  1641.36       0.155847
   0.17     2030.41    -583.872    -523.242     264.461   642435   657573   670527          642435          657573          670527 0.960331  1641.87       0.156762
  0.172     1993.24    -584.347    -522.711     265.863   641371   657573   669676          641371          657573          669676 0.962611  1642.39       0.157948
  0.174     1956.94    -584.826    -522.178     267.355   640255   657102   669015          640255          657102          669015 0.965883  1642.91       0.159166
  0.176     1921.48    -585.307    -521.642     268.751   639009   655491   667926          639009          655491          667926 0.967132  1643.43       0.160202
  0.178     1886.84    -585.793    -521.103       269.9   638319   655491   667178          638319          655491          667178 0.967281  1643.96       0.160891
   0.18     1852.99    -586.281    -520.563     270.705   637191   652368   666453          637191          652368          666453 0.969726  1644.49        0.16113
  0.182      1819.9    -586.773    -520.021     271.126   636620   649449   665533          636620          649449          665533 0.96769  1645.02       0.160882
  0.184     1787.54    -587.268    -519.478     271.181   635474   649449   664626          635474          649449          664626 0.968686  1645.55       0.160177
  0.186      1755.9    -587.767    -518.936     270.936   634752   646570   663635          634752          646570          663635 0.966927  1646.08       0.159101
  0.188     1724.96    -588.268    -518.395     270.495   634031   646570   662735          634031          646570          662735 0.965376   1646.6       0.157782
   0.19     1694.68    -588.773    -517.854     269.985   632984   645739   661796          632984          645739          661796 0.965623  1647.11       0.156368
  0.192     1665.04    -589.281    -517.315     269.534   632301   645739   661126          632301          645739          661126 0.965108  1647.63       0.155014
  0.194     1636.04    -589.793    -516.776     269.266   631583   645739   660312          631583          645739          660312 0.963269  1648.14       0.153863
  0.196     1607.64    -590.307    -516.238     269.282   630506   644544   659444          630506          644544          659444 0.963362  1648.64       0.153036
  0.198     1579.83    -590.824    -515.699     269.658   629596   641930   658676          629596          641930          658676 0.963061  1649.15       0.152619
    0.2     1552.59    -591.345    -515.159     270.436   628953   641821   657996          628953          641821          657996 0.960971  1649.65       0.152667
  0.202     1525.91    -591.868    -514.617     271.626   627223   641606   657107          627223          641606          657107 0.964739  1650.15       0.153193
  0.204     1499.76    -592.394    -514.072     273.208   626317   641606   655960          626317          641606          655960 0.96295  1650.66       0.154177
  0.206     1474.14    -592.924    -513.524     275.133   625529   641606   655184          625529          641606          655184 0.962691  1651.17       0.155565
  0.208     1449.02    -593.456    -512.971     277.328   624328   639052   654246          624328          639052          654246 0.964208  1651.69       0.157279
   0.21      1424.4    -593.992    -512.414     279.703   623709   639052   653367          623709          639052          653367 0.962575  1652.21       0.159218
  0.212     1400.25     -594.53    -511.852     282.161   622779   639052   652624          622779          639052          652624 0.963428  1652.74       0.161274
  0.214     1376.58    -595.071    -511.286     284.601   621862   639052   651762          621862          639052          651762 0.96344  1653.28       0.163332
  0.216     1353.35    -595.616    -510.714     286.931   620763   639052   650946          620763          639052          650946 0.965014  1653.82       0.165289
  0.218     1330.56    -596.164    -510.138     289.073   619830   635309   650336          619830          635309          650336 0.966454  1654.37       0.167053
   0.22     1308.21    -596.715    -509.558     290.969   618593   635309   649763          618593          635309          649763 0.969761  1654.93       0.168554
  0.222     1286.27    -597.268    -508.974     292.583   617879   632994   649025          617879          632994          649025 0.969078  1655.49        0.16975
  0.224     1264.73    -597.825    -508.388     293.908   617152   632994   648165          617152          632994          648165 0.967828  1656.05       0.170623
  0.226     1243.59    -598.386    -507.799     294.959   616380   632994   647534          616380          632994          647534 0.967712  1656.62       0.171185
  0.228     1222.84    -598.949    -507.208     295.771   615323   627483   646853          615323          627483          646853 0.968601  1657.18       0.171469
   0.23     1202.45    -599.515    -506.616     296.397   614523   627483   646023          614523          627483          646023 0.967384  1657.75       0.171526
  0.232     1182.44    -600.084    -506.023     296.897   613552   627483   645062          613552          627483          645062 0.966639  1658.32        0.17142
  0.234     1162.78    -600.657    -505.428     297.337   612930   626383   644187          612930          626383          644187 0.964428  1658.89       0.171217
  0.236     1143.46    -601.232    -504.833     297.778   612134   626383   643395          612134          626383          643395 0.963735  1659.46       0.170983
  0.238     1124.48    -601.811    -504.237     298.275   611353   626383   642545          611353          626383          642545 0.962447  1660.02       0.170776
   0.24     1105.83    -602.392     -503.64      298.87   610487   626383   641982          610487          626383          641982 0.963231  1660.59       0.170645
  0.242     1087.51    -602.976    -503.042     299.591   609513   626383   641053          609513          626383          641053 0.96224  1661.16       0.170622
  0.244     1069.49    -603.564    -502.442     300.454   608470   624335   640340          608470          624335          640340 0.963237  1661.73       0.170725
  0.246     1051.78    -604.154     -501.84     301.456   607443   624335   639457          607443          624335          639457 0.963592  1662.29       0.170958
  0.248     1034.37    -604.748    -501.236     302.585   606254   624335   638890          606254          624335          638890 0.966797  1662.86       0.171309
   0.25     1017.24    -605.344    -500.629     303.814   605348   624335   637988          605348          624335          637988 0.966837  1663.43       0.171758
  0.252      1000.4    -605.943     -500.02     305.112   604503   622450   637332          604503          622450          637332 0.967767  1664.01       0.172275
  0.254     983.841    -606.545    -499.409     306.438   603857   618783   636200          603857          618783          636200 0.965091  1664.58       0.172823
  0.256     967.548     -607.15    -498.795     307.755   603096   618593   635543          603096          618593          635543 0.96541  1665.16       0.173366
  0.258      951.52    -607.758    -498.178     309.025   602087   618593   634692          602087          618593          634692 0.966246  1665.73       0.173869
   0.26     935.749    -608.369    -497.559     310.213   601477   618593   633911          601477          618593          633911 0.965242  1666.31       0.174301
  0.262      920.23    -608.983    -496.937     311.296   600807   618593   633237          600807          618593          633237 0.964779   1666.9       0.174639
  0.264     904.958      -609.6    -496.313     312.259   599327   613855   632609          599327          613855          632609 0.969104  1667.48        0.17487
  0.266     889.926    -610.219    -495.688     313.097   598696   613855   631488          598696          613855          631488 0.966639  1668.06       0.174991
  0.268     875.129    -610.842    -495.061     313.819   598015   613689   630711          598015          613689          630711 0.966155  1668.65        0.17501
   0.27     860.562    -611.467    -494.433     314.443   597185   613689   630088          597185          613689          630088 0.967051  1669.23       0.174946
  0.272      846.22    -612.096    -493.803     315.002   596512   613689   629156          596512          613689          629156 0.96536  1669.81       0.174829
  0.274     832.098    -612.727    -493.173     315.533   595827   613689   628456          595827          613689          628456 0.964739   1670.4       0.174695
  0.276     818.191    -613.361    -492.541     316.085   594914   612675   628075          594914          612675          628075 0.966759  1670.98       0.174588
  0.278     804.494    -613.998    -491.908     316.709   594165   608241   627556          594165          608241          627556 0.966617  1671.56       0.174555
   0.28     791.003    -614.638    -491.274      317.46   593251   606637   626799          593251          606637          626799 0.966048  1672.15       0.174646
  0.282     777.713     -615.28    -490.639     318.394   592139   606637   625763          592139          606637          625763 0.965272  1672.73        0.17491
  0.284     764.621    -615.926    -490.001     319.566   591410   606637   624891          591410          606637          624891 0.963654  1673.32       0.175395
  0.286     751.721    -616.574     -489.36     321.026   590771   606637   624059          590771          606637          624059 0.961407  1673.91       0.176144
  0.288      739.01    -617.225    -488.716     322.822   589749   605736   623229          589749          605736          623229 0.961249   1674.5       0.177198
   0.29     726.484    -617.879    -488.069     324.997   588657   605736   622523          588657          605736          622523 0.962267  1675.09       0.178593
  0.292      714.14    -618.535    -487.416     327.589   587456   605736   621596          587456          605736          621596 0.962892   1675.7       0.180358
  0.294     701.973    -619.195    -486.758     330.635   586775   605736   621052          586775          605736          621052 0.962895   1676.3       0.182522
  0.296     689.981    -619.857    -486.093     334.166   586061   602520   620285          586061          602520          620285 0.9615  1676.92        0.18511
  0.298     678.158    -620.523    -485.421     338.217   584905   602520   619574          584905          602520          619574 0.962315  1677.55       0.188146
    0.3     666.504    -621.191     -484.74     342.825   583820   601706   618944          583820          601706          618944 0.963468  1678.18       0.191658
  0.302     655.013    -621.862    -484.049     348.037   583002   599502   618004          583002          599502          618004 0.961195  1678.83       0.195679
  0.304     643.684    -622.536    -483.347     353.917   582304   599502   617184          582304          599502          617184 0.958657   1679.5       0.200251
  0.306     632.513    -623.213    -482.633     360.567   581565   599502   616270          581565          599502          616270 0.955406  1680.18       0.205443
  0.308     621.497    -623.894    -481.904     368.181   580883   599502   615663          580883          599502          615663 0.952836  1680.88       0.211379
   0.31     610.634    -624.577    -481.159     377.225   578645   599502   615156          578645          599502          615156 0.958694   1681.6       0.218353
  0.312     599.921    -625.264    -480.394     389.036   577469   599502   614530          577469          599502          614530 0.957889  1682.35       0.227206
  0.314     589.355    -625.955    -479.599     407.898   575670   599502   613971          575670          599502          613971 0.960486  1683.14       0.240662
  0.316     578.934    -626.649    -478.748     448.208   574143   598413   613331          574143          598413          613331 0.960211  1683.99       0.268004
  0.318     568.658    -627.347    -477.761     558.804   572726   592464   612749          572726          592464          612749 0.957396  1684.99        0.34119
   0.32     558.528    -628.051    -476.365     901.443   571372   592464   611837          571372          592464          611837 0.94673  1686.45       0.567695
  0.322     548.557    -628.766    -473.691     1962.84   569408   591490   611013          569408          591490          611013 0.919909  1689.35        1.27596
  0.324     538.785    -629.505     -467.34     4774.03   476443   591490   610066          476443          591490          610066 0.936065  1696.43        3.17476
  0.326     529.315    -630.304     -453.35     9205.13   457778   587464   609442          457778          587464          609442 0.970779  1712.43        6.21252
  0.328     520.288     -631.21     -433.08     9946.88   448121   477206   607724          448121          477206          607724 0.980787   1736.2        6.83311
   0.33     511.718     -632.23     -417.01     5857.55   446172   470308   600149          446172          470308          600149 0.968139  1755.83         4.2241
  0.332     503.464    -633.322    -408.885     2645.45   443407   470294   499318          443407          470294          499318 0.908067  1766.62        2.14901
  0.334     495.406    -634.446    -405.139     1326.83   440404   470294   496740          440404          470294          496740 0.945817  1772.47          1.306
  0.336      487.49    -635.585    -403.004     890.919   439144   468484   494937          439144          468484          494937 0.956995  1776.55        1.04653
  0.338     479.695    -636.734     -401.38     759.219   437635   468484   493241          437635          468484          493241 0.960802  1780.14       0.991331
   0.34     472.015     -637.89    -399.905     723.902   435658   468484   491763          435658          468484          491763 0.964169  1783.68        1.00126
  0.342     464.445    -639.053    -398.466     717.951   433619   459715   490252          433619          459715          490252 0.966515  1787.31        1.02994
  0.344     456.984    -640.224    -397.028     719.963   431867   459715   488656          431867          459715          488656 0.967076  1791.05        1.06166
  0.346     449.629    -641.401    -395.585      722.89   430492   458893   487071          430492          458893          487071 0.966111  1794.91        1.09069
  0.348     442.378    -642.586    -394.138     724.344   427907   458893   485216          427907          458893          485216 0.967932  1798.87        1.11489
   0.35     435.231    -643.777     -392.69     723.611   425976   458893   483657          425976          458893          483657 0.969196  1802.93        1.13371
  0.352     428.184    -644.975    -391.245     720.702   424482   458893   482538          424482          458893          482538 0.969887  1807.04        1.14753
  0.354     421.236     -646.18    -389.808     716.016   423259   447527   480795          423259          447527          480795 0.96738  1811.22        1.15737
  0.356     414.385    -647.392    -388.382     710.165   421638   440450   478637          421638          440450          478637 0.964634  1815.43         1.1647
  0.358     407.629     -648.61    -386.968     703.853   419856   440407   475894          419856          440407          475894 0.96068  1819.67        1.17116
   0.36     400.966    -649.835    -385.566     697.778   418414   440407   473691          418414          440407          473691 0.957588  1823.95        1.17841
  0.362     394.395    -651.067    -384.176      692.55   416273   440298   471808          416273          440298          471808 0.958004  1828.27        1.18791
  0.364     387.913    -652.304    -382.795      688.63   414577   440298   470335          414577          440298          470335 0.958675  1832.64         1.2008
  0.366     381.519    -653.548     -381.42     686.299   412729   440298   468495          412729          440298          468495 0.958651  1837.08        1.21779
  0.368     375.212    -654.798    -380.049     685.648   411161   440243   465776          411161          440243          465776 0.954624   1841.6        1.23916
   0.37     368.989    -656.055    -378.677     686.579   408726   440239   464384          408726          440239          464384 0.958766  1846.21        1.26473
  0.372     362.849    -657.317    -377.301     688.837   406988   440196   462277          406988          440196          462277 0.958352  1850.94        1.29389
  0.374     356.792    -658.586    -375.921      692.04   404542   440196   461051          404542          440196          461051 0.962728   1855.8        1.32573
  0.376     350.815     -659.86    -374.533     695.727   401615   440196   460348          401615          440196          460348 0.970838  1860.79        1.35909
  0.378     344.918    -661.141    -373.138     699.406   400795   426431   458925          400795          426431          458925 0.969672  1865.91        1.39273
   0.38     339.099    -662.428    -371.736     702.602   399731   426431   456096          399731          426431          456096 0.965149  1871.18        1.42539
  0.382     333.357    -663.721    -370.328     704.904   398721   426431   453616          398721          426431          453616 0.961139  1876.58        1.45597
  0.384     327.691     -665.02    -368.917     705.997   396362   426431   452395          396362          426431          452395 0.964828  1882.11        1.48361
  0.386     322.099    -666.325    -367.505      705.69   394191   426431   451286          394191          426431          451286 0.968293  1887.75        1.50774
  0.388     316.581    -667.637    -366.095     703.918   392239   416410   449991          392239          416410          449991 0.970332  1893.49        1.52815
   0.39     311.135    -668.954     -364.69     700.739   391337   414665   448210          391337          414665          448210 0.96798  1899.31        1.54495
  0.392     305.759    -670.277    -363.293     696.313   389025   414665   446448          389025          414665          446448 0.96999  1905.22        1.55854
  0.394     300.453    -671.606    -361.906     690.872   387908   414665   444917          387908          414665          444917 0.969482  1911.19        1.56954
  0.396     295.215    -672.941     -360.53      684.69   387164   414665   443666          387164          414665          443666 0.968238  1917.22        1.57868
  0.398     290.044    -674.282    -359.167     678.049   385843   412806   442103          385843          412806          442103 0.967673  1923.29        1.58676
    0.4     284.939    -675.628    -357.818     671.211   384273   407953   440926          384273          407953          440926 0.968866  1929.42        1.59451
  0.402     279.898     -676.98    -356.482     664.401   383317   407953   438357          383317          407953          438357 0.963466   1935.6        1.60258
  0.404     274.921    -678.337     -355.16     657.792   381942   402111   436578          381942          402111          436578 0.962712  1941.83        1.61145
  0.406     270.006      -679.7    -353.851     651.496   380797   401901   434071          380797          401901          434071 0.958694  1948.12        1.62145
  0.408     265.152    -681.068    -352.554     645.571   379874   401901   432448          379874          401901          432448 0.957085  1954.47        1.63272
   0.41     260.357    -682.441    -351.268     640.023   378345   401901   430312          378345          401901          430312 0.955805  1960.89        1.64522
  0.412     255.622    -683.819    -349.994     634.813   377494   401901   428925          377494          401901          428925 0.954724  1967.37        1.65876
  0.414     250.944    -685.202    -348.729     629.872   375516   401901   427590          375516          401901          427590 0.957979  1973.94        1.67302
  0.416     246.324     -686.59    -347.474     625.105   373592   401901   426482          373592          401901          426482 0.961874  1980.59        1.68759
  0.418     241.759    -687.982    -346.229     620.408   372269   401901   424220          372269          401901          424220 0.960038  1987.31        1.70199
   0.42     237.249     -689.38    -344.992     615.671   370811   401901   422913          370811          401901          422913 0.962809  1994.11        1.71569
  0.422     232.793    -690.782    -343.766     610.786   369218   401901   421889          369218          401901          421889 0.966935  2000.99        1.72814
  0.424     228.389    -692.189    -342.549     605.656   368285   389339   420668          368285          389339          420668 0.968167  2007.94        1.73884
  0.426     224.038    -693.601    -341.344     600.197   367891   389339   419262          367891          389339          419262 0.966462  2014.96        1.74728
  0.428     219.739    -695.017    -340.149     594.337   367357   389339   417512          367357          389339          417512 0.963634  2022.02        1.75302
   0.43     215.489    -696.437    -338.966     588.026   366616   389339   416525          366616          389339          416525 0.963971  2029.13        1.75569
  0.432     211.289    -697.862    -337.797     581.229   365675   389339   415246          365675          389339          415246 0.963675  2036.27          1.755
  0.434     207.138    -699.291    -336.642     573.932   364649   388161   413884          364649          388161          413884 0.963399  2043.42        1.75074
  0.436     203.034    -700.724    -335.502     566.136   362973   388161   412865          362973          388161          412865 0.967316  2050.57        1.74281
  0.438     198.977    -702.162    -334.378     557.861   361927   388161   411578          361927          388161          411578 0.968309  2057.71        1.73118
   0.44     194.966    -703.603    -333.271     549.139   360741   388161   410219          360741          388161          410219 0.969976  2064.82        1.71593
  0.442         191    -705.048    -332.181     540.018   359930   388161   409385          359930          388161          409385 0.972144  2071.88        1.69721
  0.444     187.078    -706.497    -331.111     530.554   359377   380944   408510          359377          380944          408510 0.973008  2078.88        1.67525
  0.446       183.2     -707.95    -330.059     520.812   358843   380944   407214          358843          380944          407214 0.972211   2085.8        1.65035
  0.448     179.365    -709.406    -329.028     510.864   358188   375697   405562          358188          375697          405562 0.971093  2092.64        1.62284
   0.45     175.571    -710.866    -328.016     500.782   357867   373614   404617          357867          373614          404617 0.970887  2099.38         1.5931
  0.452     171.818     -712.33    -327.025     490.639   357547   373614   403559          357547          373614          403559 0.969945  2106.02        1.56152
  0.454     168.106    -713.796    -326.053     480.507   357188   373614   402521          357188          373614          402521 0.969037  2112.54        1.52849
  0.456     164.433    -715.266    -325.102     470.452   356544   371792   400541          356544          371792          400541 0.965218  2118.93         1.4944
  0.458     160.799    -716.739    -324.172     460.536   355976   371792   398084          355976          371792          398084 0.960011   2125.2        1.45963
   0.46     157.203    -718.214     -323.26     450.814   355571   371792   397048          355571          371792          397048 0.960275  2131.34         1.4245
  0.462     153.645    -719.693    -322.368     441.333   355171   371792   396387          355171          371792          396387 0.961793  2137.35        1.38933
  0.464     150.123    -721.174    -321.495     432.132   354696   371792   395335          354696          371792          395335 0.96161  2143.22         1.3544
  0.466     146.637    -722.658    -320.639     423.244   354098   368919   394535          354098          368919          394535 0.963028  2148.96        1.31993
  0.468     143.186    -724.145    -319.801     414.692   353704   368919   393233          353704          368919          393233 0.960948  2154.56        1.28612
   0.47     139.771    -725.634     -318.98     406.494   353273   368919   392554          353273          368919          392554 0.961975  2160.04        1.25313
  0.472     136.389    -727.126    -318.175      398.66   353032   368919   391404          353032          368919          391404 0.959606  2165.39        1.22109
  0.474     133.041     -728.62    -317.385     391.197   352517   368919   390484          352517          368919          390484 0.959712  2170.62        1.19009
  0.476     129.726    -730.116     -316.61     384.104   351891   368919   390068          351891          368919          390068 0.962629  2175.73         1.1602
  0.478     126.443    -731.615    -315.849     377.378   351305   368675   389499          351305          368675          389499 0.964547  2180.72        1.13146
   0.48     123.192    -733.115      -315.1     371.013   350895   368675   388644          350895          368675          388644 0.963992   2185.6         1.1039
  0.482     119.972    -734.618    -314.365         365   350475   368675   387560          350475          368675          387560 0.962361  2190.37        1.07751
  0.484     116.783    -736.123     -313.64     359.327   349990   368675   386505          349990          368675          386505 0.9617  2195.04         1.0523
  0.486     113.625     -737.63    -312.927     353.984   349644   360995   385395          349644          360995          385395 0.959992  2199.61        1.02824
  0.488     110.496    -739.138    -312.224     348.955   349465   360995   384672          349465          360995          384672 0.95923  2204.09        1.00531
   0.49     107.397    -740.649    -311.531     344.229   349123   360995   383743          349123          360995          383743 0.957994  2208.48       0.983484
  0.492     104.326    -742.161    -310.847     339.791   348896   360995   382865          348896          360995          382865 0.956352  2212.78       0.962717
  0.494     101.284    -743.676    -310.172     335.626   348574   360995   382198          348574          360995          382198 0.956248     2217        0.94297
  0.496     98.2704    -745.192    -309.504     331.722   348416   360995   381263          348416          360995          381263 0.953444  2221.14       0.924204
  0.498     95.2841    -746.709    -308.845     328.065   347909   360995   380711          347909          360995          380711 0.954859  2225.21       0.906373
    0.5     92.3251    -748.229    -308.192     324.641   347747   360995   379769          347747          360995          379769 0.951798  2229.21       0.889434
  0.502     89.3929     -749.75    -307.546     321.437   347333   360995   379305          347333          360995          379305 0.953043  2233.14       0.873342
  0.504     86.4872    -751.272    -306.906     318.442   346976   360995   378804          346976          360995          378804 0.953539  2237.01       0.858053
  0.506     83.6075    -752.796    -306.272     315.643   346708   360995   377853          346708          360995          377853 0.950542  2240.82       0.843523
  0.508     80.7536    -754.322    -305.643     313.028   346255   360995   377208          346255          360995          377208 0.950697  2244.57       0.829708
   0.51     77.9251    -755.849     -305.02     310.586   345703   360995   376791          345703          360995          376791 0.952944  2248.27       0.816564
  0.512     75.1215    -757.378    -304.401     308.306   345220   360995   376508          345220          360995          376508 0.955512  2251.92       0.804049
  0.514     72.3427    -758.908    -303.786     306.178   344977   360995   376188          344977          360995          376188 0.956103  2255.52       0.792123
  0.516     69.5882     -760.44    -303.176      304.19   344224   360995   375917          344224          360995          375917 0.960133  2259.07       0.780742
  0.518     66.8577    -761.973     -302.57     302.333   343795   360995   375375          343795          360995          375375 0.960538  2262.57       0.769869
   0.52     64.1509    -763.507    -301.967     300.597   343439   359987   374737          343439          359987          374737 0.959973  2266.03       0.759463
  0.522     61.4675    -765.043    -301.367     298.973   343152   359987   374524          343152          359987          374524 0.961529  2269.46       0.749488
  0.524     58.8073     -766.58    -300.771     297.451   342781   359987   374156          342781          359987          374156 0.962597  2272.84       0.739906
  0.526     56.1698    -768.119    -300.177     296.023   342485   359987   373991          342485          359987          373991 0.964251  2276.18       0.730682
  0.528     53.5549    -769.659    -299.587     294.679   342139   359987   373719          342139          359987          373719 0.965394  2279.49       0.721782
   0.53     50.9621      -771.2    -298.998     293.412   341641   359987   373309          341641          359987          373309 0.966562  2282.76       0.713175
  0.532     48.3914    -772.742    -298.413     292.214   341292   354332   372978          341292          354332          372978 0.967357     2286       0.704829
  0.534     45.8423    -774.286     -297.83     291.077   341118   354332   372507          341118          354332          372507 0.966366  2289.21       0.696715
  0.536     43.3146    -775.831    -297.249     289.994   340846   354332   372047          340846          354332          372047 0.965901  2292.38       0.688806
  0.538     40.8081    -777.378     -296.67     288.959   340601   354332   371808          340601          354332          371808 0.966464  2295.53       0.681078
   0.54     38.3225    -778.925    -296.093     287.963   340333   354332   371269          340333          354332          371269 0.965435  2298.64       0.673505
  0.542     35.8575    -780.474    -295.518     287.003   340191   354332   370831          340191          354332          370831 0.964163  2301.72       0.666068
  0.544     33.4129    -782.024    -294.945     286.072   339740   354332   370430          339740          354332          370430 0.964884  2304.77       0.658746
  0.546     30.9885    -783.576    -294.373     285.164   339144   354332   370063          339144          354332          370063 0.96679  2307.79       0.651521
  0.548      28.584    -785.128    -293.804     284.275   338951   351495   369669          338951          351495          369669 0.966254  2310.78       0.644379
   0.55     26.1991    -786.682    -293.236     283.401   338719   351495   369287          338719          351495          369287 0.965927  2313.75       0.637304
  0.552     23.8336    -788.237     -292.67     282.538   338521   351495   368969          338521          351495          368969 0.96575  2316.68       0.630287
  0.554     21.4874    -789.793    -292.106     281.681   338206   351495   368538          338206          351495          368538 0.96553  2319.59       0.623315
  0.556     19.1602     -791.35    -291.544     280.829   337863   351495   367531          337863          351495          367531 0.962155  2322.47       0.616382
  0.558     16.8517    -792.909    -290.983     279.978   337664   351495   367091          337664          351495          367091 0.961567  2325.31        0.60948
   0.56     14.5617    -794.469    -290.424     279.126   337372   351495   366654          337372          351495          366654 0.961553  2328.13       0.602605
  0.562     12.2901    -796.029    -289.866     278.271   337133   351495   366218          337133          351495          366218 0.961289  2330.93       0.595752
  0.564     10.0365    -797.591    -289.311     277.411   336863   351495   365972          336863          351495          365972 0.962276  2333.69        0.58892
  0.566      7.8009    -799.154    -288.757     276.545   336393   351495   365656          336393          351495          365656 0.964068  2336.42       0.582107
  0.568     5.58296    -800.718    -288.204     275.673   336221   351495   365324          336221          351495          365324 0.963938  2339.13       0.575313
   0.57     3.38251    -802.283    -287.654     274.793   335774   350237   365045          335774          350237          365045 0.96574  2341.81        0.56854
  0.572     1.19934     -803.85    -287.105     273.906   335489   350237   364808          335489          350237          364808 0.966865  2344.46       0.561789
  0.574   -0.966734    -805.417    -286.558      273.01   335305   350237   364474          335305          350237          364474 0.966757  2347.07       0.555063
  0.576    -3.11592    -806.985    -286.013     272.107   335093   350237   364286          335093          350237          364286 0.967629  2349.67       0.548365
  0.578     -5.2484    -808.555     -285.47     271.196   334910   350237   363973          334910          350237          363973 0.967502  2352.23         0.5417
   0.58    -7.36437    -810.125    -284.928     270.278   334803   350237   363761          334803          350237          363761 0.967426  2354.76        0.53507
  0.582    -9.46402    -811.697    -284.389     269.354   334541   350237   363575          334541          350237          363575 0.968324  2357.27       0.528481
  0.584    -11.5475    -813.269    -283.851     268.424   334261   350237   363404          334261          350237          363404 0.969354  2359.75       0.521938
  0.586    -13.6151    -814.843    -283.315      267.49   334080   345255   363157          334080          345255          363157 0.969301   2362.2       0.515446
  0.588    -15.6669    -816.418    -282.781     266.553   333764   345255   362750          333764          345255          362750 0.96908  2364.62       0.509009
   0.59     -17.703    -817.993    -282.249     265.613   333476   344290   362465          333476          344290          362465 0.969518  2367.01       0.502632
  0.592    -19.7238     -819.57    -281.719     264.672   333406   343875   362205          333406          343875          362205 0.968736  2369.38       0.496321
  0.594    -21.7293    -821.147     -281.19     263.731   333224   343875   361866          333224          343875          361866 0.968077  2371.71        0.49008
  0.596    -23.7197    -822.726    -280.664     262.791   333078   343875   361613          333078          343875          361613 0.967691  2374.02       0.483915
  0.598    -25.6952    -824.305    -280.139     261.853   332955   343875   361374          332955          343875          361374 0.96716  2376.31       0.477828
    0.6    -27.6559    -825.886    -279.616     260.919   332630   343875   361130          332630          343875          361130 0.967889  2378.57       0.471826
  0.602    -29.6021    -827.467    -279.095      259.99   332375   343875   360844          332375          343875          360844 0.967899   2380.8       0.465911
  0.604    -31.5338    -829.049    -278.576     259.067   332199   343875   360298          332199          343875          360298 0.965833     2383       0.460088
  0.606    -33.4513    -830.633    -278.059      258.15   332047   343875   360094          332047          343875          360094 0.965808  2385.18       0.454359
  0.608    -35.3546    -832.217    -277.544     257.242   331880   343875   359653          331880          343875          359653 0.964289  2387.34       0.448728
   0.61     -37.244    -833.802     -277.03     256.344   331683   343875   359172          331683          343875          359172 0.962788  2389.47       0.443198
  0.612    -39.1196    -835.388    -276.518     255.455   331435   343875   358870          331435          343875          358870 0.962855  2391.58        0.43777
  0.614    -40.9815    -836.974    -276.008     254.578   331175   343875   358666          331175          343875          358666 0.963676  2393.66       0.432448
  0.616    -42.8299    -838.562      -275.5     253.712   330881   343875   358379          330881          343875          358379 0.964175  2395.72       0.427232
  0.618    -44.6649    -840.151    -274.993     252.859   330681   343875   357957          330681          343875          357957 0.963168  2397.75       0.422125
   0.62    -46.4867     -841.74    -274.489     252.019   330335   342917   357645          330335          342917          357645 0.96394  2399.76       0.417127
  0.622    -48.2954     -843.33    -273.985     251.194   330172   342917   357197          330172          342917          357197 0.96264  2401.76       0.412239
  0.624    -50.0912    -844.921    -273.484     250.383   329946   342917   356961          329946          342917          356961 0.963213  2403.73       0.407462
  0.626    -51.8742    -846.513    -272.984     249.586   329814   342917   356763          329814          342917          356763 0.963364  2405.67       0.402796
  0.628    -53.6445    -848.106    -272.485     248.805   329541   342917   356557          329541          342917          356557 0.964339   2407.6       0.398241
   0.63    -55.4022      -849.7    -271.989      248.04   329322   342917   356357          329322          342917          356357 0.964988  2409.51       0.393797
  0.632    -57.1475    -851.294    -271.493     247.291   329058   342917   356066          329058          342917          356066 0.965319   2411.4       0.389463
  0.634    -58.8806    -852.889    -270.999     246.558   328969   341344   355921          328969          341344          355921 0.965426  2413.27       0.385239
  0.636    -60.6015    -854.485    -270.507     245.841   328731   341344   355621          328731          341344          355621 0.965456  2415.12       0.381123
  0.638    -62.3103    -856.082    -270.016      245.14   328451   341344   355347          328451          341344          355347 0.965985  2416.95       0.377114
   0.64    -64.0073     -857.68    -269.526     244.456   328274   341344   355058          328274          341344          355058 0.965762  2418.76       0.373212
  0.642    -65.6925    -859.278    -269.038     243.787   328015   339089   354906          328015          339089          354906 0.966978  2420.56       0.369415
  0.644     -67.366    -860.877    -268.551     243.135   327879   339089   354551          327879          339089          354551 0.966059  2422.34        0.36572
  0.646     -69.028    -862.477    -268.066     242.499   327692   339089   354406          327692          339089          354406 0.966815   2424.1       0.362127
  0.648    -70.6785    -864.078    -267.581     241.878   327536   339089   354066          327536          339089          354066 0.96604  2425.85       0.358633
   0.65    -72.3177    -865.679    -267.098     241.273   327422   339089   353798          327422          339089          353798 0.965505  2427.58       0.355236
  0.652    -73.9457    -867.281    -266.616     240.683   327318   339089   353543          327318          339089          353543 0.964927   2429.3       0.351934
  0.654    -75.5627    -868.884    -266.135     240.108   327090   339089   353294          327090          339089          353294 0.965214     2431       0.348726
  0.656    -77.1686    -870.488    -265.656     239.548   326912   339089   352935          326912          339089          352935 0.964451  2432.69       0.345608
  0.658    -78.7637    -872.092    -265.177     239.002   326764   339089   352673          326764          339089          352673 0.964144  2434.37       0.342579
   0.66     -80.348    -873.697      -264.7     238.469   326535   339089   352488          326535          339089          352488 0.964911  2436.03       0.339635
  0.662    -81.9217    -875.303    -264.223      237.95   326340   339089   352217          326340          339089          352217 0.964876  2437.68       0.336775
  0.664    -83.4848     -876.91    -263.748     237.444   326136   339089   352086          326136          339089          352086 0.965834  2439.31       0.333996
  0.666    -85.0374    -878.517    -263.274      236.95   326071   336533   351939          326071          336533          351939 0.965671  2440.93       0.331296
  0.668    -86.5797    -880.125      -262.8     236.469   325843   336533   351748          325843          336533          351748 0.966286  2442.55       0.328672
   0.67    -88.1118    -881.734    -262.328     235.999   325764   336533   351582          325764          336533          351582 0.966012  2444.15       0.326121
  0.672    -89.6337    -883.343    -261.856      235.54   325579   336533   351284          325579          336533          351284 0.965508  2445.73       0.323641
  0.674    -91.1456    -884.953    -261.385     235.093   325533   336533   351029          325533          336533          351029 0.964358  2447.31        0.32123
  0.676    -92.6475    -886.564    -260.916     234.655   325368   335712   350688          325368          335712          350688 0.963415  2448.88       0.318885
  0.678    -94.1395    -888.175    -260.447     234.228   325126   335712   350489          325126          335712          350489 0.964066  2450.44       0.316604
   0.68    -95.6218    -889.787    -259.979      233.81   324865   335712   350313          324865          335712          350313 0.965041  2451.98       0.314384
  0.682    -97.0944      -891.4    -259.512     233.402   324791   335712   350079          324791          335712          350079 0.964206  2453.52       0.312223
  0.684    -98.5574    -893.013    -259.045     233.002   324602   335712   349856          324602          335712          349856 0.964314  2455.05       0.310118
  0.686    -100.011    -894.627     -258.58     232.611   324460   335712   349598          324460          335712          349598 0.963839  2456.56       0.308068
  0.688    -101.455    -896.242    -258.115     232.227   324259   335712   349293          324259          335712          349293 0.963479  2458.07       0.306071
   0.69     -102.89    -897.857    -257.651     231.852   324169   335691   349107          324169          335691          349107 0.963147  2459.57       0.304123
  0.692    -104.315    -899.473    -257.187     231.483   323992   335691   348811          323992          335691          348811 0.962639  2461.07       0.302224
  0.694    -105.732     -901.09    -256.725     231.122   323823   335402   348656          323823          335402          348656 0.963128  2462.55       0.300371
  0.696    -107.139    -902.707    -256.263     230.768   323596   335402   348315          323596          335402          348315 0.96271  2464.02       0.298562
  0.698    -108.538    -904.325    -255.802      230.42   323533   335402   348184          323533          335402          348184 0.962636  2465.49       0.296796
    0.7    -109.927    -905.944    -255.341     230.079   323322   335402   348013          323322          335402          348013 0.963319  2466.95       0.295071
  0.702    -111.308    -907.563    -254.881     229.744   323088   335402   347720          323088          335402          347720 0.963291   2468.4       0.293385
  0.704     -112.68    -909.183    -254.422     229.415   323003   335402   347569          323003          335402          347569 0.963231  2469.85       0.291737
  0.706    -114.043    -910.803    -253.964     229.091   322799   335402   347425          322799          335402          347425 0.964068  2471.29       0.290125
  0.708    -115.398    -912.424    -253.506     228.773   322631   335402   347183          322631          335402          347183 0.96392  2472.72       0.288547
   0.71    -116.744    -914.046    -253.049     228.461   322529   335402   347051          322529          335402          347051 0.964075  2474.14       0.287004
  0.712    -118.082    -915.668    -252.592     228.154   322392   335402   346895          322392          335402          346895 0.964264  2475.56       0.285492
  0.714    -119.411    -917.291    -252.136     227.853   322284   335402   346607          322284          335402          346607 0.963289  2476.97       0.284012
  0.716    -120.732    -918.914    -251.681     227.557   322186   335402   346495          322186          335402          346495 0.963473  2478.37       0.282563
  0.718    -122.045    -920.538    -251.226     227.266   322035   335402   346348          322035          335402          346348 0.96373  2479.77       0.281142
   0.72     -123.35    -922.163    -250.771     226.981   321853   335402   346206          321853          335402          346206 0.964209  2481.16       0.279751
  0.722    -124.647    -923.788    -250.318       226.7   321697   333524   346119          321697          333524          346119 0.964859  2482.54       0.278386
  0.724    -125.936    -925.414    -249.865     226.425   321484   333524   345936          321484          333524          345936 0.965234  2483.92       0.277049
  0.726    -127.217    -927.041    -249.412     226.156   321228   333524   345786          321228          333524          345786 0.966157   2485.3       0.275738
  0.728     -128.49    -928.668     -248.96     225.891   321059   333524   345625          321059          333524          345625 0.96638  2486.67       0.274453
   0.73    -129.755    -930.295    -248.509     225.632   320906   332411   345510          320906          332411          345510 0.966818  2488.03       0.273193
  0.732    -131.013    -931.923    -248.058     225.378   320689   332411   345393          320689          332411          345393 0.967656  2489.38       0.271958
  0.734    -132.263    -933.552    -247.607      225.13   320592   332411   345255          320592          332411          345255 0.967504  2490.74       0.270747
  0.736    -133.505    -935.182    -247.157     224.888   320530   330349   344915          320530          330349          344915 0.965729  2492.08        0.26956
  0.738     -134.74    -936.812    -246.707     224.651   320413   330349   344745          320413          330349          344745 0.965471  2493.42       0.268397
   0.74    -135.967    -938.442    -246.258      224.42   320305   330349   344623          320305          330349          344623 0.965443  2494.76       0.267257
  0.742    -137.187    -940.073     -245.81     224.194   320197   330349   344506          320197          330349          344506 0.96541  2496.09        0.26614
  0.744      -138.4    -941.705    -245.362     223.975   320016   330349   344364          320016          330349          344364 0.965672  2497.42       0.265047
  0.746    -139.605    -943.337    -244.914     223.761   319823   330349   344190          319823          330349          344190 0.965802  2498.74       0.263976
  0.748    -140.804     -944.97    -244.467     223.554   319653   330349   344034          319653          330349          344034 0.965915  2500.05       0.262927
   0.75    -141.995    -946.603     -244.02     223.353   319576   330349   343890          319576          330349          343890 0.96542  2501.37       0.261902
  0.752    -143.179    -948.237    -243.573     223.158   319436   330349   343596          319436          330349          343596 0.964308  2502.67       0.260898
  0.754    -144.356    -949.871    -243.127      222.97   319210   330349   343475          319210          330349          343475 0.965085  2503.98       0.259917
  0.756    -145.526    -951.506    -242.681     222.788   319061   330349   343308          319061          330349          343308 0.964972  2505.28       0.258958
  0.758     -146.69    -953.141    -242.236     222.612   318899   329075   343101          318899          329075          343101 0.964686  2506.57       0.258022
   0.76    -147.846    -954.777    -241.791     222.443   318715   329075   342991          318715          329075          342991 0.965264  2507.87       0.257107
  0.762    -148.996    -956.414    -241.346     222.281   318466   329075   342724          318466          329075          342724 0.965177  2509.15       0.256214
  0.764    -150.138    -958.051    -240.902     222.125   318369   329075   342607          318369          329075          342607 0.965116  2510.44       0.255343
  0.766    -151.275    -959.689    -240.458     221.977   318170   329075   342326          318170          329075          342326 0.964607  2511.72       0.254494
  0.768    -152.404    -961.327    -240.014     221.834   318053   329066   342094          318053          329066          342094 0.963876  2512.99       0.253667
   0.77    -153.527    -962.966     -239.57     221.699   317937   329066   342000          317937          329066          342000 0.964163  2514.27       0.252861
  0.772    -154.644    -964.605    -239.127      221.57   317745   329066   341848          317745          329066          341848 0.964571  2515.54       0.252076
  0.774    -155.754    -966.244    -238.684     221.449   317580   329066   341671          317580          329066          341671 0.964612   2516.8       0.251313
  0.776    -156.858    -967.885    -238.241     221.334   317462   329066   341530          317462          329066          341530 0.964554  2518.07       0.250571
  0.778    -157.955    -969.526    -237.799     221.225   317377   328045   341404          317377          328045          341404 0.964348  2519.33       0.249849
   0.78    -159.046    -971.167    -237.356     221.123   317215   328045   341237          317215          328045          341237 0.964377  2520.58       0.249149
  0.782    -160.131    -972.809    -236.914     221.028   317009   328045   340975          317009          328045          340975 0.964077  2521.84       0.248469
  0.784     -161.21    -974.451    -236.472      220.94   316854   328045   340812          316854          328045          340812 0.964177  2523.09       0.247809
  0.786    -162.282    -976.094     -236.03     220.858   316719   328045   340633          316719          328045          340633 0.964012  2524.34       0.247169
  0.788    -163.349    -977.737    -235.589     220.782   316511   328045   340476          316511          328045          340476 0.964563  2525.59       0.246548
   0.79    -164.409    -979.381    -235.147     220.713   316378   328045   340307          316378          328045          340307 0.964481  2526.83       0.245947
  0.792    -165.463    -981.026    -234.706      220.65   316236   328043   340035          316236          328043          340035 0.963737  2528.07       0.245365
  0.794    -166.512     -982.67    -234.265     220.592   316043   328043   339914          316043          328043          339914 0.96451  2529.31       0.244801
  0.796    -167.554    -984.316    -233.823     220.541   315937   328043   339852          315937          328043          339852 0.965065  2530.55       0.244256
  0.798    -168.591    -985.962    -233.382     220.496   315864   327599   339695          315864          327599          339695 0.964603  2531.78       0.243729
    0.8    -169.622    -987.608    -232.941     220.456   315743   327599   339610          315743          327599          339610 0.965026  2533.02       0.243218
  0.802    -170.647    -989.255    -232.501     220.422   315669   327599   339510          315669          327599          339510 0.964942  2534.25       0.242725
  0.804    -171.666    -990.902     -232.06     220.392   315587   327586   339413          315587          327586          339413 0.964895  2535.48       0.242249
  0.806     -172.68     -992.55    -231.619     220.368   315439   327586   339297          315439          327586          339297 0.965169  2536.71       0.241788
  0.808    -173.688    -994.199    -231.178     220.349   315251   327586   339182          315251          327586          339182 0.965742  2537.93       0.241343
   0.81     -174.69    -995.848    -230.738     220.335   315157   327586   339098          315157          327586          339098 0.965837  2539.16       0.240913
  0.812    -175.687    -997.497    -230.297     220.325   314921   327586   338838          314921          327586          338838 0.965691  2540.38       0.240498
  0.814    -176.679    -999.147    -229.856      220.32   314839   326192   338766          314839          326192          338766 0.965823   2541.6       0.240096
  0.816    -177.665     -1000.8    -229.416     220.318   314693   326192   338645          314693          326192          338645 0.966029  2542.82       0.239708
  0.818    -178.645    -1002.45    -228.975     220.321   314566   326192   338441          314566          326192          338441 0.965495  2544.04       0.239333
   0.82     -179.62     -1004.1    -228.534     220.327   314427   326192   338305          314427          326192          338305 0.965553  2545.25        0.23897
  0.822     -180.59    -1005.75    -228.094     220.337   314214   326192   338198          314214          326192          338198 0.966364  2546.47       0.238619
  0.824    -181.554     -1007.4    -227.653     220.349   314092   324896   338074          314092          324896          338074 0.96641  2547.69        0.23828
  0.826    -182.514    -1009.06    -227.212     220.365   313875   324896   337948          313875          324896          337948 0.967168   2548.9       0.237951
  0.828    -183.468    -1010.71    -226.772     220.384   313762   324896   337804          313762          324896          337804 0.967006  2550.11       0.237632
   0.83    -184.417    -1012.36    -226.331     220.405   313731   324896   337635          313731          324896          337635 0.966034  2551.32       0.237323
  0.832     -185.36    -1014.02     -225.89     220.429   313618   324894   337475          313618          324894          337475 0.965716  2552.53       0.237023
  0.834    -186.299    -1015.67    -225.449     220.455   313516   324876   337344          313516          324876          337344 0.96553  2553.74       0.236732
  0.836    -187.232    -1017.33    -225.008     220.483   313453   324876   337228          313453          324876          337228 0.965128  2554.95       0.236449
  0.838    -188.161    -1018.98    -224.567     220.512   313392   324876   337077          313392          324876          337077 0.964423  2556.16       0.236174
   0.84    -189.084    -1020.64    -224.126     220.543   313275   324876   336897          313275          324876          336897 0.963904  2557.37       0.235905
  0.842    -190.003     -1022.3    -223.685     220.576   313171   324876   336763          313171          324876          336763 0.963629  2558.57       0.235644
  0.844    -190.916    -1023.95    -223.244     220.609   312956   324282   336695          312956          324282          336695 0.96465  2559.78       0.235388
  0.846    -191.825    -1025.61    -222.803     220.644   312711   324282   336613          312711          324282          336613 0.965804  2560.98       0.235138
  0.848    -192.729    -1027.27    -222.361     220.679   312467   324282   336537          312467          324282          336537 0.967012  2562.19       0.234894
   0.85    -193.628    -1028.93     -221.92     220.715   312309   324282   336395          312309          324282          336395 0.967112  2563.39       0.234654
  0.852    -194.522    -1030.59    -221.478     220.752   312260   323189   336192          312260          323189          336192 0.965977  2564.59        0.23442
  0.854    -195.412    -1032.25    -221.037     220.788   312122   323189   336068          312122          323189          336068 0.966071   2565.8       0.234189
  0.856    -196.297    -1033.91    -220.595     220.825   312029   323189   335892          312029          323189          335892 0.965441     2567       0.233962
  0.858    -197.177    -1035.57    -220.154     220.862   311912   323189   335836          311912          323189          335836 0.965853   2568.2       0.233739
   0.86    -198.052    -1037.23    -219.712     220.899   311718   323189   335762          311718          323189          335762 0.966693   2569.4       0.233518
  0.862    -198.923    -1038.89     -219.27     220.935   311634   323189   335646          311634          323189          335646 0.966394   2570.6       0.233301
  0.864     -199.79    -1040.55    -218.828     220.971   311511   323189   335505          311511          323189          335505 0.966188   2571.8       0.233087
  0.866    -200.651    -1042.21    -218.386     221.007   311347   323092   335402          311347          323092          335402 0.966578     2573       0.232875
  0.868    -201.509    -1043.88    -217.944     221.042   311165   323092   335187          311165          323092          335187 0.966301  2574.19       0.232665
   0.87    -202.361    -1045.54    -217.502     221.077   311099   323092   334983          311099          323092          334983 0.96526  2575.39       0.232457
  0.872     -203.21     -1047.2     -217.06      221.11   310994   323092   334726          310994          323092          334726 0.964132  2576.59       0.232252
  0.874    -204.054    -1048.87    -216.617     221.143   310917   323092   334609          310917          323092          334609 0.963831  2577.78       0.232048
  0.876    -204.893    -1050.53    -216.175     221.176   310641   323092   334483          310641          323092          334483 0.964947  2578.98       0.231846
  0.878    -205.729     -1052.2    -215.733     221.207   310503   323092   334366          310503          323092          334366 0.965135  2580.18       0.231645
   0.88    -206.559    -1053.86     -215.29     221.237   310295   323092   334240          310295          323092          334240 0.965767  2581.37       0.231446
  0.882    -207.386    -1055.53    -214.848     221.267   310090   323092   334087          310090          323092          334087 0.966215  2582.57       0.231249
  0.884    -208.208     -1057.2    -214.405     221.295   309929   323092   333996          309929          323092          333996 0.966808  2583.76       0.231053
  0.886    -209.026    -1058.86    -213.963     221.322   309784   323092   333890          309784          323092          333890 0.967165  2584.95       0.230859
  0.888     -209.84    -1060.53     -213.52     221.349   309565   323092   333819          309565          323092          333819 0.968318  2586.15       0.230666
   0.89     -210.65     -1062.2    -213.077     221.374   309505   322640   333732          309505          322640          333732 0.968205  2587.34       0.230475
  0.892    -211.456    -1063.87    -212.634     221.399   309343   322640   333643          309343          322640          333643 0.968784  2588.53       0.230285
  0.894    -212.257    -1065.54    -212.192     221.423   309226   320961   333579          309226          320961          333579 0.969214  2589.72       0.230097
  0.896    -213.055    -1067.21    -211.749     221.445   309120   320961   333366          309120          320961          333366 0.968517  2590.92       0.229911
  0.898    -213.848    -1068.88    -211.306     221.467   308994   320961   333238          308994          320961          333238 0.968582  2592.11       0.229727
    0.9    -214.637    -1070.55    -210.863     221.488   308917   320961   333056          308917          320961          333056 0.967913   2593.3       0.229545
  0.902    -215.423    -1072.22     -210.42     221.509   308856   320699   332906          308856          320699          332906 0.967349  2594.49       0.229365
  0.904    -216.204    -1073.89    -209.977     221.528   308704   320699   332819          308704          320699          332819 0.967846  2595.68       0.229187
  0.906    -216.981    -1075.56    -209.534     221.547   308554   320699   332760          308554          320699          332760 0.968517  2596.87       0.229012
  0.908    -217.755    -1077.23    -209.091     221.566   308419   320699   332620          308419          320699          332620 0.968526  2598.06       0.228839
   0.91    -218.524     -1078.9    -208.648     221.583   308323   320624   332506          308323          320624          332506 0.96844  2599.25       0.228669
  0.912     -219.29    -1080.58    -208.204     221.601   308271   318458   332422          308271          318458          332422 0.968224  2600.43       0.228502
  0.914    -220.052    -1082.25    -207.761     221.618   308167   318458   332251          308167          318458          332251 0.967745  2601.62       0.228338
  0.916     -220.81    -1083.92    -207.318     221.635   308015   318441   332124          308015          318441          332124 0.967919  2602.81       0.228178
  0.918    -221.564     -1085.6    -206.875     221.652   307954   318441   331921          307954          318441          331921 0.96692     2604        0.22802
   0.92    -222.315    -1087.27    -206.431     221.668   307854   318128   331766          307854          318128          331766 0.966529  2605.19       0.227867
  0.922    -223.062    -1088.95    -205.988     221.685   307812   318128   331639          307812          318128          331639 0.965907  2606.37       0.227718
  0.924    -223.805    -1090.62    -205.545     221.701   307699   318128   331515          307699          318128          331515 0.965786  2607.56       0.227572
  0.926    -224.544     -1092.3    -205.101     221.718   307595   318128   331400          307595          318128          331400 0.965663  2608.75       0.227431
  0.928     -225.28    -1093.97    -204.658     221.736   307464   317617   331293          307464          317617          331293 0.965777  2609.93       0.227295
   0.93    -226.012    -1095.65    -204.214     221.753   307350   317617   331217          307350          317617          331217 0.965995  2611.12       0.227163
  0.932    -226.741    -1097.33    -203.771     221.771   307221   317617   331072          307221          317617          331072 0.965814  2612.31       0.227036
  0.934    -227.465    -1099.01    -203.327      221.79   307111   317617   330978          307111          317617          330978 0.965865  2613.49       0.226914
  0.936    -228.187    -1100.68    -202.883      221.81   307054   317617   330814          307054          317617          330814 0.964992  2614.68       0.226797
  0.938    -228.905    -1102.36     -202.44      221.83   306976   317617   330738          306976          317617          330738 0.964901  2615.86       0.226686
   0.94    -229.619    -1104.04    -201.996     221.851   306799   317617   330581          306799          317617          330581 0.964951  2617.05       0.226581
  0.942     -230.33    -1105.72    -201.552     221.873   306677   317617   330464          306677          317617          330464 0.964887  2618.24       0.226481
  0.944    -231.037     -1107.4    -201.109     221.896   306649   317617   330398          306649          317617          330398 0.964476  2619.42       0.226387
  0.946    -231.741    -1109.08    -200.665     221.921   306492   317617   330303          306492          317617          330303 0.964774  2620.61       0.226299
  0.948    -232.441    -1110.76    -200.221     221.947   306312   317617   330153          306312          317617          330153 0.964846  2621.79       0.226218
   0.95    -233.138    -1112.44    -199.777     221.974   306221   316474   330018          306221          316474          330018 0.964379  2622.98       0.226143
  0.952    -233.832    -1114.13    -199.333     222.002   305978   316474   329893          305978          316474          329893 0.96513  2624.17       0.226074
  0.954    -234.522    -1115.81    -198.889     222.033   305830   316474   329736          305830          316474          329736 0.964987  2625.35       0.226013
  0.956    -235.209    -1117.49    -198.445     222.064   305766   316474   329601          305766          316474          329601 0.964366  2626.54       0.225957
  0.958    -235.893    -1119.17    -198.001     222.098   305643   316474   329489          305643          316474          329489 0.964359  2627.73       0.225909
   0.96    -236.573    -1120.86    -197.557     222.133   305559   316474   329385          305559          316474          329385 0.964106  2628.91       0.225868
  0.962     -237.25    -1122.54    -197.112     222.171   305373   316474   329256          305373          316474          329256 0.964433   2630.1       0.225834
  0.964    -237.924    -1124.22    -196.668      222.21   305252   316474   329163          305252          316474          329163 0.96456  2631.29       0.225806
  0.966    -238.595    -1125.91    -196.223     222.251   305107   316474   329099          305107          316474          329099 0.96508  2632.48       0.225786
  0.968    -239.262    -1127.59    -195.779     222.295   305020   316474   328857          305020          316474          328857 0.963815  2633.67       0.225774
   0.97    -239.926    -1129.28    -195.334      222.34   304899   315992   328785          304899          315992          328785 0.964105  2634.86       0.225768
  0.972    -240.588    -1130.97    -194.889     222.388   304779   315992   328677          304779          315992          328677 0.964111  2636.05        0.22577
  0.974    -241.245    -1132.65    -194.445     222.438   304729   315992   328599          304729          315992          328599 0.963781  2637.24       0.225779
  0.976      -241.9    -1134.34        -194      222.49   304505   315992   328469          304505          315992          328469 0.964385  2638.43       0.225795
  0.978    -242.552    -1136.03    -193.555     222.545   304359   315992   328364          304359          315992          328364 0.964606  2639.62       0.225819
   0.98      -243.2    -1137.71     -193.11     222.602   304277   315992   328245          304277          315992          328245 0.964224  2640.81        0.22585
  0.982    -243.846     -1139.4    -192.664     222.662   304127   315992   328181          304127          315992          328181 0.964768  2642.01       0.225889
  0.984    -244.488    -1141.09    -192.219     222.724   304047   315992   328078          304047          315992          328078 0.964476   2643.2       0.225934
  0.986    -245.128    -1142.78    -191.773     222.789   303944   315992   327953          303944          315992          327953 0.964182   2644.4       0.225987
  0.988    -245.764    -1144.47    -191.328     222.857   303857   315992   327844          303857          315992          327844 0.963873  2645.59       0.226047
   0.99    -246.398    -1146.16    -190.882     222.927   303751   315992   327728          303751          315992          327728 0.963648  2646.79       0.226115
  0.992    -247.028    -1147.85    -190.436     222.999   303493   315992   327635          303493          315992          327635 0.964724  2647.99       0.226189
  0.994    -247.656    -1149.54     -189.99     223.075   303424   315992   327550          303424          315992          327550 0.964471  2649.18        0.22627
  0.996     -248.28    -1151.23    -189.544     223.153   303308   315992   327321          303308          315992          327321 0.963485  2650.38       0.226358
  0.998    -248.902    -1152.92    -189.097     223.233   303118   315992   327224          303118          315992          327224 0.964103  2651.58       0.226453
      1    -249.521    -1154.61    -188.651     223.317   302818   315992   327144          302818          315992          327144 0.965687  2652.78       0.226555
  1.002    -250.136     -1156.3    -188.204     223.403   302727   315992   327061          302727          315992          327061 0.965693  2653.99       0.226664
  1.004    -250.749       -1158    -187.757     223.492   302596   315992   326974          302596          315992          326974 0.965959  2655.19       0.226779
  1.006     -251.36    -1159.69     -187.31     223.584   302451   313956   326863          302451          313956          326863 0.966149   2656.4         0.2269
  1.008    -251.967    -1161.38    -186.863     223.678   302354   313956   326715          302354          313956          326715 0.965718   2657.6       0.227028
   1.01    -252.571    -1163.08    -186.415     223.775   302247   313956   326636          302247          313956          326636 0.965861  2658.81       0.227161
  1.012    -253.173    -1164.77    -185.968     223.875   302142   313956   326488          302142          313956          326488 0.965467  2660.02       0.227301
  1.014    -253.772    -1166.46     -185.52     223.977   301913   313956   326397          301913          313956          326397 0.966411  2661.23       0.227447
  1.016    -254.368    -1168.16    -185.072     224.082   301796   313956   326308          301796          313956          326308 0.966572  2662.44       0.227598
  1.018    -254.962    -1169.86    -184.624      224.19   301736   313956   326214          301736          313956          326214 0.966269  2663.65       0.227755
   1.02    -255.552    -1171.55    -184.175     224.301   301627   313956   326045          301627          313956          326045 0.965755  2664.87       0.227918
  1.022     -256.14    -1173.25    -183.726     224.414   301581   313956   325946          301581          313956          325946 0.965301  2666.08       0.228086
  1.024    -256.726    -1174.94    -183.277      224.53   301433   313956   325867          301433          313956          325867 0.965717   2667.3       0.228258
  1.026    -257.308    -1176.64    -182.828     224.648   301229   313956   325725          301229          313956          325725 0.966095  2668.52       0.228436
  1.028    -257.888    -1178.34    -182.379     224.769   301092   313956   325664          301092          313956          325664 0.966604  2669.74       0.228619
   1.03    -258.466    -1180.04    -181.929     224.892   300949   313956   325439          300949          313956          325439 0.965983  2670.96       0.228806
  1.032     -259.04    -1181.73    -181.479     225.018   300846   313956   325355          300846          313956          325355 0.966095  2672.18       0.228998
  1.034    -259.612    -1183.43    -181.029     225.147   300575   312479   325284          300575          312479          325284 0.967529  2673.41       0.229194
  1.036    -260.182    -1185.13    -180.579     225.278   300498   312479   325228          300498          312479          325228 0.967677  2674.63       0.229394
  1.038    -260.749    -1186.83    -180.128     225.411   300464   312479   325095          300464          312479          325095 0.966939  2675.86       0.229599
   1.04    -261.313    -1188.53    -179.677     225.546   300432   312479   325028          300432          312479          325028 0.966632  2677.09       0.229807
  1.042    -261.875    -1190.23    -179.226     225.684   300378   312479   324928          300378          312479          324928 0.966214  2678.32       0.230018
  1.044    -262.434    -1191.93    -178.774     225.824   300237   312479   324793          300237          312479          324793 0.966164  2679.55       0.230233
  1.046     -262.99    -1193.63    -178.322     225.967   300150   312479   324688          300150          312479          324688 0.965942  2680.79       0.230451
  1.048    -263.545    -1195.34     -177.87     226.111   300052   312479   324605          300052          312479          324605 0.965942  2682.03       0.230673
   1.05    -264.096    -1197.04    -177.418     226.258   299817   312479   324511          299817          312479          324511 0.966838  2683.26       0.230897
  1.052    -264.645    -1198.74    -176.965     226.407   299681   312479   324406          299681          312479          324406 0.966977   2684.5       0.231124
  1.054    -265.192    -1200.44    -176.512     226.557   299578   312479   324318          299578          312479          324318 0.966995  2685.75       0.231353
  1.056    -265.736    -1202.15    -176.059      226.71   299468   309661   324152          299468          309661          324152 0.966507  2686.99       0.231585
  1.058    -266.278    -1203.85    -175.606     226.865   299260   309661   324026          299260          309661          324026 0.967019  2688.23        0.23182
   1.06    -266.818    -1205.55    -175.152     227.021   299177   309661   323929          299177          309661          323929 0.966866  2689.48       0.232056
  1.062    -267.355    -1207.26    -174.697     227.179   299154   309661   323775          299154          309661          323775 0.96585  2690.73       0.232294
  1.064    -267.889    -1208.96    -174.243     227.339   299035   309661   323677          299035          309661          323677 0.965909  2691.98       0.232534
  1.066    -268.421    -1210.67    -173.788     227.501   298997   309661   323604          298997          309661          323604 0.965549  2693.23       0.232775
  1.068    -268.951    -1212.37    -173.333     227.664   298911   309661   323432          298911          309661          323432 0.964811  2694.49       0.233017
   1.07    -269.479    -1214.08    -172.877     227.829   298776   309661   323323          298776          309661          323323 0.964862  2695.75       0.233261
  1.072    -270.004    -1215.79    -172.422     227.995   298697   309661   323222          298697          309661          323222 0.964579     2697       0.233506
  1.074    -270.527    -1217.49    -171.965     228.163   298603   309661   323140          298603          309661          323140 0.964528  2698.27       0.233752
  1.076    -271.047     -1219.2    -171.509     228.332   298429   309661   322960          298429          309661          322960 0.964345  2699.53       0.233998
  1.078    -271.565    -1220.91    -171.052     228.502   298335   309661   322881          298335          309661          322881 0.964328  2700.79       0.234245
   1.08    -272.081    -1222.61    -170.595     228.674   298291   309661   322748          298291          309661          322748 0.963527  2702.06       0.234493
  1.082    -272.595    -1224.32    -170.137     228.846   298218   309661   322646          298218          309661          322646 0.963151  2703.33        0.23474
  1.084    -273.106    -1226.03     -169.68      229.02   298100   309661   322471          298100          309661          322471 0.962567   2704.6       0.234988
  1.086    -273.615    -1227.74    -169.221     229.195   298048   309661   322300          298048          309661          322300 0.961525  2705.87       0.235235
  1.088    -274.122    -1229.45    -168.763      229.37   297941   309661   322126          297941          309661          322126 0.960871  2707.14       0.235483
   1.09    -274.627    -1231.16    -168.304     229.547   297862   309661   321999          297862          309661          321999 0.960354  2708.42       0.235729
  1.092    -275.129    -1232.87    -167.845     229.724   297843   309661   321871          297843          309661          321871 0.959359   2709.7       0.235976
  1.094    -275.629    -1234.58    -167.385     229.902   297723   309661   321759          297723          309661          321759 0.959203  2710.98       0.236221
  1.096    -276.127    -1236.29    -166.925     230.081   297604   309661   321662          297604          309661          321662 0.959145  2712.26       0.236466
  1.098    -276.623       -1238    -166.465      230.26   297410   309565   321611          297410          309565          321611 0.959964  2713.54        0.23671
    1.1    -277.117    -1239.72    -166.004     230.439   297167   309565   321517          297167          309565          321517 0.960869  2714.83       0.236952
  1.102    -277.608    -1241.43    -165.543     230.619   297073   309565   321416          297073          309565          321416 0.960612  2716.11       0.237193
  1.104    -278.097    -1243.14    -165.082       230.8   296897   309565   321363          296897          309565          321363 0.961297   2717.4       0.237433
  1.106    -278.585    -1244.86     -164.62      230.98   296631   309565   321271          296631          309565          321271 0.962381   2718.7       0.237671
  1.108     -279.07    -1246.57    -164.158     231.161   296493   309565   321163          296493          309565          321163 0.962421  2719.99       0.237907
