# n_walkers  560  n_cull  1  simple log(alpha)  -0.001784121793501292
#   T     log_Z(T)      F(T)        U(T)       Cvp(T)    low_pct_i(T) mode_i(T) high_pct_i(T) low_pct_iter(T)  mode_iter(T)   high_pct_iter(T) Z_fract(T)   V(T)   thermal_exp(T)
   0.01     59788.3    -607.507    -606.263     121.258   535827   535882   535882          535827          535882          535882 0.859869  3074.32     -0.0261309
  0.012     49663.9    -607.516     -606.02     121.243   535808   535882   535882          535808          535882          535882 0.869825  3074.22    -0.00873805
  0.014     42432.3    -607.525    -605.778     121.233   535791   535882   535882          535791          535882          535882 0.874804  3074.19    -0.00105127
  0.016     37008.5    -607.535    -605.535     121.231   535772   535882   535882          535772          535882          535882 0.887068  3074.19     0.00218588
  0.018     32790.1    -607.545    -605.293     121.239   535756   535882   535882          535756          535882          535882 0.889902  3074.21     0.00345855
   0.02     29415.4    -607.556     -605.05     121.254   535733   535882   535882          535733          535882          535882 0.905132  3074.23     0.00389434
  0.022     26654.2    -607.566    -604.808     121.276   535721   535882   535882          535721          535882          535882 0.900373  3074.26     0.00399656
  0.024     24353.3    -607.577    -604.565     121.302   535708   535882   535882          535708          535882          535882 0.896661  3074.28     0.00398913
  0.026     22406.4    -607.588    -604.323     121.331   535696   535882   535882          535696          535882          535882 0.890372  3074.31     0.00397152
  0.028     20737.6    -607.599     -604.08     121.364   535675   535882   535882          535675          535882          535882 0.895139  3074.33     0.00398692
   0.03     19291.3    -607.611    -603.837     121.399   535650   535882   535882          535650          535882          535882 0.903863  3074.36       0.004052
  0.032     18025.8    -607.623    -603.594     121.436   535638   535882   535882          535638          535882          535882 0.898256  3074.38     0.00417021
  0.034     16909.2    -607.634    -603.351     121.476   535630   535882   535882          535630          535882          535882 0.888418  3074.41     0.00433805
  0.036     15916.7    -607.647    -603.108     121.518   535614   535882   535882          535614          535882          535882 0.884845  3074.44     0.00454834
  0.038     15028.6    -607.659    -602.865     121.562   535593   535882   535882          535593          535882          535882 0.885293  3074.46     0.00479205
   0.04     14229.4    -607.671    -602.622     121.609   535573   535882   535882          535573          535882          535882 0.884305  3074.49     0.00505954
  0.042     13506.2    -607.684    -602.379     121.659   535543   535882   535882          535543          535882          535882 0.89015  3074.53      0.0053413
  0.044     12848.9    -607.696    -602.136     121.711   535517   535882   535882          535517          535882          535882 0.893079  3074.56     0.00562847
  0.046     12248.7    -607.709    -601.892     121.766   535489   535882   535882          535489          535882          535882 0.897232   3074.6     0.00591318
  0.048     11698.5    -607.722    -601.649     121.823   535463   535882   535882          535463          535882          535882 0.899238  3074.63     0.00618872
   0.05     11192.3    -607.735    -601.405     121.883   535443   535882   535882          535443          535882          535882 0.897495  3074.67     0.00644956
  0.052     10725.1    -607.749    -601.161     121.946   535422   535882   535882          535422          535882          535882 0.895908  3074.71     0.00669138
  0.054     10292.4    -607.762    -600.917     122.012   535396   535882   535882          535396          535882          535882 0.896365  3074.75     0.00691101
  0.056     9890.72    -607.776    -600.673     122.081   535369   535882   535882          535369          535882          535882 0.896892   3074.8     0.00710627
  0.058     9516.72    -607.789    -600.429     122.152   535356   535882   535882          535356          535882          535882 0.890344  3074.84     0.00727591
   0.06     9167.64    -607.803    -600.184     122.226   535333   535882   535882          535333          535882          535882 0.887798  3074.89     0.00741943
  0.062     8841.09    -607.817     -599.94     122.303   535308   535882   535882          535308          535882          535882 0.885689  3074.93     0.00753701
  0.064     8534.96    -607.831    -599.695     122.384   535271   535882   535882          535271          535882          535882 0.888148  3074.98     0.00762932
  0.066     8247.37    -607.846     -599.45     122.467   535244   535882   535882          535244          535882          535882 0.886317  3075.03     0.00769747
  0.068     7976.71     -607.86    -599.205     122.554   535222   535882   535882          535222          535882          535882 0.882141  3075.07     0.00774285
   0.07     7721.52    -607.875     -598.96     122.643   535180   535882   535882          535180          535882          535882 0.884425  3075.12     0.00776712
  0.072      7480.5     -607.89    -598.715     122.737   535142   535882   535882          535142          535882          535882 0.88487  3075.17     0.00777204
  0.074     7252.52    -607.905    -598.469     122.834   535096   535882   535882          535096          535882          535882 0.887346  3075.22      0.0077595
  0.076     7036.53     -607.92    -598.223     122.935   535050   535882   535882          535050          535882          535882 0.889777  3075.27     0.00773141
  0.078     6831.63    -607.935    -597.977     123.041   535016   535882   535882          535016          535882          535882 0.888155  3075.31     0.00768968
   0.08     6636.97     -607.95    -597.731     123.151   534993   535882   535882          534993          535882          535882 0.883219  3075.36      0.0076362
  0.082     6451.81    -607.966    -597.485     123.266   534945   535882   535882          534945          535882          535882 0.884398  3075.41     0.00757279
  0.084     6275.47    -607.982    -597.238     123.387   534913   535882   535882          534913          535882          535882 0.881224  3075.45     0.00750123
  0.086     6107.33    -607.997    -596.991     123.513   534850   535882   535882          534850          535882          535882 0.884887   3075.5     0.00742319
  0.088     5946.83    -608.014    -596.744     123.645   534788   535882   535882          534788          535882          535882 0.88787  3075.54      0.0073403
   0.09     5793.48     -608.03    -596.497     123.785   534737   535882   535882          534737          535882          535882 0.888178  3075.59      0.0072541
  0.092     5646.79    -608.046    -596.249     123.932   534692   535882   535882          534692          535882          535882 0.886765  3075.63     0.00716604
  0.094     5506.34    -608.063    -596.001     124.087   534628   535882   535882          534628          535882          535882 0.888722  3075.68     0.00707753
  0.096     5371.75    -608.079    -595.753     124.251   534563   535882   535882          534563          535882          535882 0.890509  3075.72     0.00698993
  0.098     5242.65    -608.096    -595.504     124.425   534492   535882   535882          534492          535882          535882 0.892914  3075.76     0.00690453
    0.1     5118.72    -608.113    -595.255      124.61   534427   535882   535882          534427          535882          535882 0.893944  3075.81      0.0068226
  0.102     4999.65    -608.131    -595.005     124.807   534351   535882   535882          534351          535882          535882 0.896487  3075.85      0.0067454
  0.104     4885.17    -608.148    -594.756     125.017   534296   535882   535882          534296          535882          535882 0.895003  3075.89     0.00667419
  0.106        4775    -608.166    -594.505      125.24   534220   535882   535882          534220          535882          535882 0.896563  3075.93     0.00661021
  0.108     4668.92    -608.184    -594.255      125.48   534158   535882   535882          534158          535882          535882 0.895397  3075.97     0.00655475
   0.11      4566.7    -608.202    -594.003     125.737   534062   535882   535882          534062          535882          535882 0.898677  3076.01     0.00650912
  0.112     4468.12     -608.22    -593.752     126.013   533999   535882   535882          533999          535882          535882 0.896878  3076.05     0.00647467
  0.114     4373.01    -608.238    -593.499      126.31   533874   535882   535882          533874          535882          535882 0.902597  3076.09     0.00645283
  0.116     4281.18    -608.257    -593.246      126.63   533810   535882   535882          533810          535882          535882 0.900283  3076.13     0.00644507
  0.118     4192.47    -608.276    -592.993     126.975   533713   535882   535882          533713          535882          535882 0.901312  3076.17     0.00645299
   0.12     4106.72    -608.295    -592.738     127.349   533606   535882   535882          533606          535882          535882 0.902743  3076.21     0.00647823
  0.122     4023.77    -608.314    -592.483     127.753   533499   535882   535882          533499          535882          535882 0.903831  3076.25     0.00652257
  0.124     3943.51    -608.334    -592.227     128.192   533429   535882   535882          533429          535882          535882 0.900435  3076.29     0.00658792
  0.126      3865.8    -608.354    -591.971     128.668   533333   535882   535882          533333          535882          535882 0.898873  3076.33     0.00667631
  0.128     3790.51    -608.374    -591.713     129.186   533190   535882   535882          533190          535882          535882 0.900991  3076.37     0.00678992
   0.13     3717.55    -608.395    -591.454      129.75   533051   535882   535882          533051          535882          535882 0.902139  3076.41     0.00693112
  0.132      3646.8    -608.416    -591.194     130.365   532929   535882   535882          532929          535882          535882 0.901132  3076.46     0.00710245
  0.134     3578.16    -608.437    -590.932     131.036   532805   535882   535882          532805          535882          535882 0.899439   3076.5     0.00730668
  0.136     3511.55    -608.458     -590.67     131.769   532674   535882   535882          532674          535882          535882 0.897652  3076.55     0.00754683
  0.138     3446.86     -608.48    -590.405     132.572   532458   535882   535882          532458          535882          535882 0.901056  3076.59     0.00782618
   0.14     3384.03    -608.502    -590.139     133.451   532261   535882   535882          532261          535882          535882 0.902532  3076.64     0.00814832
  0.142     3322.97    -608.524    -589.871     134.414   532061   535882   535882          532061          535882          535882 0.903177  3076.69     0.00851718
  0.144     3263.61    -608.547    -589.601     135.472   531782   535882   535882          531782          535882          535882 0.907684  3076.75     0.00893709
  0.146     3205.88    -608.571    -589.329     136.634   531565   535882   535882          531565          535882          535882 0.907804   3076.8     0.00941279
  0.148     3149.72    -608.595    -589.055     137.913   531423   535882   535882          531423          535882          535882 0.902797  3076.86     0.00994953
   0.15     3095.05    -608.619    -588.778      139.32   531145   535882   535882          531145          535882          535882 0.903562  3076.93       0.010553
  0.152     3041.82    -608.644    -588.497     140.871   530680   535882   535882          530680          535882          535882 0.912409  3076.99      0.0112297
  0.154     2989.99    -608.669    -588.214     142.581   530437   535882   535882          530437          535882          535882 0.910284  3077.07      0.0119866
  0.156     2939.48    -608.695    -587.927      144.47   530180   535882   535882          530180          535882          535882 0.907435  3077.14      0.0128313
  0.158     2890.26    -608.722    -587.636     146.558   529730   535882   535882          529730          535882          535882 0.911169  3077.22      0.0137725
   0.16     2842.27    -608.749    -587.341     148.867   529021   535882   535882          529021          535882          535882 0.922953  3077.31      0.0148197
  0.162     2795.47    -608.777     -587.04     151.425   528547   535882   535882          528547          535882          535882 0.925933  3077.41      0.0159834
  0.164     2749.82    -608.806    -586.735      154.26   527863   535882   535882          527863          535882          535882 0.934877  3077.51      0.0172752
  0.166     2705.27    -608.835    -586.423     157.407   527577   535882   535882          527577          535882          535882 0.930365  3077.62      0.0187085
  0.168     2661.79    -608.866    -586.105     160.902   527074   535882   535882          527074          535882          535882 0.93034  3077.74      0.0202978
   0.17     2619.34    -608.897    -585.779     164.791   526521   535882   535882          526521          535882          535882 0.930058  3077.87      0.0220599
  0.172     2577.88     -608.93    -585.445     169.123   525503   535882   535882          525503          535882          535882 0.939064  3078.01      0.0240138
  0.174     2537.38    -608.963    -585.102     173.954   524639   535882   535882          524639          535882          535882 0.9434  3078.17      0.0261811
  0.176     2497.81    -608.998    -584.749     179.349   523656   535882   535882          523656          535882          535882 0.948817  3078.33      0.0285863
  0.178     2459.13    -609.034    -584.385     185.381   522672   535882   535882          522672          535882          535882 0.953254  3078.52      0.0312575
   0.18     2421.32    -609.072    -584.007     192.131   521759   535882   535882          521759          535882          535882 0.955243  3078.72      0.0342259
  0.182     2384.36    -609.111    -583.616     199.686   520809   535882   535882          520809          535882          535882 0.955647  3078.94      0.0375259
  0.184      2348.2    -609.152    -583.208     208.136   519372   535882   535882          519372          535882          535882 0.960567  3079.18       0.041194
  0.186     2312.83    -609.195    -582.782     217.569   518021   535882   535882          518021          535882          535882 0.962558  3079.45      0.0452666
  0.188     2278.23    -609.241    -582.337     228.062   515977   534243   535882          515977          534243          535882 0.970072  3079.74      0.0497763
   0.19     2244.37    -609.288    -581.869     239.662   514795   533517   535882          514795          533517          535882 0.969368  3080.06      0.0547467
  0.192     2211.22    -609.338    -581.378     252.375   513052   528015   535882          513052          528015          535882 0.971401  3080.42      0.0601843
  0.194     2178.78    -609.391    -580.859     266.136   511366   528015   535882          511366          528015          535882 0.97314  3080.81      0.0660695
  0.196     2147.01    -609.446    -580.312     280.788   509450   528015   535882          509450          528015          535882 0.975714  3081.23      0.0723455
  0.198      2115.9    -609.505    -579.736     296.064   507626   527888   535882          507626          527888          535882 0.978689   3081.7      0.0789093
    0.2     2085.43    -609.568    -579.128     311.573   506103   527888   535882          506103          527888          535882 0.979873   3082.2      0.0856051
  0.202     2055.58    -609.634     -578.49     326.812   504264   527888   535882          504264          527888          535882 0.982432  3082.75      0.0922266
  0.204     2026.34    -609.705    -577.821       341.2   502834   523190   535882          502834          523190          535882 0.983049  3083.34       0.098528
  0.206     1997.68    -609.779    -577.126     354.136   501294   523190   535882          501294          523190          535882 0.98366  3083.97       0.104247
  0.208      1969.6    -609.859    -576.406     365.075   499642   523190   535882          499642          523190          535882 0.985223  3084.63       0.109136
   0.21     1942.08    -609.943    -575.667     373.614   498152   516352   535882          498152          516352          535882 0.985761  3085.31       0.112997
  0.212      1915.1    -610.032    -574.913     379.549   496659   516352   535882          496659          516352          535882 0.986395  3086.02       0.115711
  0.214     1888.64    -610.125    -574.151     382.911   495353   515691   535779          495353          515691          535779 0.986094  3086.74       0.117255
  0.216      1862.7    -610.224    -573.383     383.951   494059   511781   534245          494059          511781          534245 0.981129  3087.46         0.1177
  0.218     1837.26    -610.328    -572.616     383.093   493180   508456   532422          493180          508456          532422 0.974519  3088.19       0.117197
   0.22      1812.3    -610.436    -571.852     380.867   492116   508233   530857          492116          508233          530857 0.970889  3088.91       0.115952
  0.222     1787.81    -610.549    -571.093      377.84   491083   508233   529363          491083          508233          529363 0.968094  3089.62       0.114197
  0.224     1763.78    -610.667    -570.341     374.549   490301   506986   528252          490301          506986          528252 0.965536  3090.32       0.112162
  0.226      1740.2    -610.789    -569.595     371.471   488853   506986   526324          488853          506986          526324 0.962695  3091.01       0.110061
  0.228     1717.05    -610.916    -568.854     368.997   487731   503817   525247          487731          503817          525247 0.962752  3091.68       0.108077
   0.23     1694.32    -611.047    -568.118     367.437   486495   503817   523841          486495          503817          523841 0.961537  3092.34       0.106367
  0.232        1672    -611.182    -567.384     367.021   485291   503817   522467          485291          503817          522467 0.960018     3093       0.105053
  0.234     1650.08    -611.322    -566.649     367.911   483741   503416   520658          483741          503416          520658 0.958226  3093.64       0.104232
  0.236     1628.55    -611.466    -565.911     370.213   482484   500569   519498          482484          500569          519498 0.957986  3094.29       0.103976
  0.238      1607.4    -611.614    -565.167     373.973   480967   499790   518139          480967          499790          518139 0.957564  3094.93        0.10433
   0.24     1586.62    -611.767    -564.414     379.176   479417   496804   517028          479417          496804          517028 0.957881  3095.58       0.105312
  0.242      1566.2    -611.924     -563.65     385.732   477497   496804   515994          477497          496804          515994 0.959665  3096.24       0.106907
  0.244     1546.13    -612.085    -562.871     393.465   475329   496804   514408          475329          496804          514408 0.961199  3096.91       0.109063
  0.246     1526.41     -612.25    -562.075       402.1   473722   494124   513268          473722          494124          513268 0.962498  3097.59       0.111683
  0.248     1507.03    -612.421    -561.262     411.258   472206   494124   512377          472206          494124          512377 0.96462  3098.29       0.114626
   0.25     1487.97    -612.596     -560.43     420.467   470540   494124   511515          470540          494124          511515 0.967453  3099.01       0.117709
  0.252     1469.24    -612.775     -559.58     429.186   468650   494124   510213          468650          494124          510213 0.969918  3099.75       0.120717
  0.254     1450.82     -612.96    -558.714     436.858   467869   491314   509685          467869          491314          509685 0.971142  3100.51       0.123425
  0.256     1432.71     -613.15    -557.834     442.967   466806   491314   509020          466806          491314          509020 0.971912  3101.28       0.125615
  0.258     1414.89    -613.344    -556.944       447.1   464931   491125   508100          464931          491125          508100 0.97439  3102.06       0.127107
   0.26     1397.37    -613.544    -556.047     449.008   463952   487421   507064          463952          487421          507064 0.97357  3102.85       0.127778
  0.262     1380.14    -613.749    -555.149     448.641   462217   483055   505752          462217          483055          505752 0.974689  3103.65       0.127581
  0.264     1363.19    -613.959    -554.254     446.144   461328   476319   504454          461328          476319          504454 0.973048  3104.44        0.12654
  0.266     1346.51    -614.173    -553.366     441.842   460199   476050   502888          460199          476050          502888 0.971243  3105.22       0.124749
  0.268      1330.1    -614.393    -552.488     436.183   459163   476050   501383          459163          476050          501383 0.969778  3105.99       0.122349
   0.27     1313.95    -614.617    -551.622     429.679   458531   475384   500047          458531          475384          500047 0.967049  3106.74       0.119508
  0.272     1298.05    -614.846    -550.769     422.843   457596   475384   498440          457596          475384          498440 0.96425  3107.47       0.116397
  0.274     1282.41     -615.08     -549.93     416.145   456743   474339   497072          456743          474339          497072 0.962062  3108.18        0.11317
  0.276        1267    -615.317    -549.104     409.969   455580   473346   495901          455580          473346          495901 0.961572  3108.88       0.109954
  0.278     1251.83    -615.559     -548.29     404.599   454367   470804   494449          454367          470804          494449 0.960396  3109.55       0.106843
   0.28     1236.89    -615.805    -547.485     400.213   453207   468894   492934          453207          468894          492934 0.958734  3110.21       0.103891
  0.282     1222.18    -616.055    -546.688     396.893   451938   468894   491352          451938          468894          491352 0.95766  3110.84       0.101125
  0.284     1207.69    -616.309    -545.897     394.632   450425   468894   489573          450425          468894          489573 0.958042  3111.46      0.0985411
  0.286     1193.42    -616.567    -545.109     393.358   449393   468894   488227          449393          468894          488227 0.958222  3112.07      0.0961191
  0.288     1179.36    -616.828    -544.323     392.948   448754   468748   486957          448754          468748          486957 0.956662  3112.66      0.0938255
   0.29      1165.5    -617.094    -543.537     393.247   447682   468734   485936          447682          468734          485936 0.958422  3113.24      0.0916221
  0.292     1151.85    -617.363    -542.749     394.083   446839   468734   484792          446839          468734          484792 0.957983   3113.8      0.0894716
  0.294     1138.39    -617.636     -541.96     395.289   445389   468622   483858          445389          468622          483858 0.961397  3114.35      0.0873426
  0.296     1125.13    -617.913    -541.168     396.709   444208   468622   483125          444208          468622          483125 0.964122  3114.89      0.0852133
  0.298     1112.06    -618.193    -540.373     398.211   443231   462290   481905          443231          462290          481905 0.963431  3115.41      0.0830735
    0.3     1099.18    -618.477    -539.575     399.695   442483   462290   480680          442483          462290          480680 0.961155  3115.93      0.0809255
  0.302     1086.48    -618.765    -538.774     401.099   441369   460309   480032          441369          460309          480032 0.962713  3116.42      0.0787832
  0.304     1073.96    -619.057    -537.971     402.396   439455   459194   478767          439455          459194          478767 0.965172  3116.91      0.0766705
  0.306     1061.62    -619.352    -537.165     403.596   438542   459194   478088          438542          459194          478088 0.965977  3117.38      0.0746181
  0.308     1049.44    -619.651    -536.357     404.736   437690   459163   477380          437690          459163          477380 0.965869  3117.84        0.07266
   0.31     1037.44    -619.954    -535.546     405.879   435934   454890   476730          435934          454890          476730 0.96969  3118.29      0.0708295
  0.312      1025.6     -620.26    -534.733     407.105   435284   450933   475724          435284          450933          475724 0.967302  3118.72      0.0691548
  0.314     1013.93     -620.57    -533.917       408.5   434233   450933   474583          434233          450933          474583 0.965962  3119.15      0.0676551
  0.316     1002.41    -620.884    -533.099     410.154   433456   450389   473560          433456          450389          473560 0.963788  3119.57      0.0663374
  0.318     991.053    -621.201    -532.277     412.155   432004   450389   472520          432004          450389          472520 0.964935  3119.98      0.0651932
   0.32     979.848    -621.522     -531.45     414.589   431288   450389   471404          431288          450389          471404 0.962376  3120.38      0.0641961
  0.322     968.792    -621.847    -530.618     417.535   430198   450389   470644          430198          450389          470644 0.963016  3120.78      0.0633007
  0.324     957.885    -622.176    -529.779     421.076   429523   449401   469620          429523          449401          469620 0.960065  3121.17      0.0624407
  0.326     947.123    -622.508    -528.933     425.302   428313   449401   468986          428313          449401          468986 0.96114  3121.56      0.0615282
  0.328     936.504    -622.844    -528.078     430.319   427125   449401   467105          427125          449401          467105 0.955987  3121.94      0.0604529
   0.33     926.025    -623.184    -527.211     436.262   425734   449401   466008          425734          449401          466008 0.95604  3122.31      0.0590807
  0.332     915.684    -623.527    -526.332     443.308   424272   449401   465479          424272          449401          465479 0.958553  3122.68      0.0572509
  0.334     905.478    -623.875    -525.437     451.695   422561   448199   465002          422561          448199          465002 0.961883  3123.03      0.0547731
  0.336     895.406    -624.226    -524.524     461.737   421030   444810   463973          421030          444810          463973 0.961487  3123.36      0.0514206
  0.338     885.465    -624.582    -523.589     473.847   419888   439092   463180          419888          439092          463180 0.959879  3123.67      0.0469217
   0.34     875.653    -624.941    -522.627     488.553   418265   439092   462189          418265          439092          462189 0.95844  3123.94      0.0409472
  0.342     865.968    -625.305    -521.632     506.513   416194   439092   461030          416194          439092          461030 0.95769  3124.17      0.0330954
  0.344      856.41    -625.674    -520.598     528.533   414934   439092   460242          414934          439092          460242 0.954527  3124.35      0.0228743
  0.346     846.975    -626.047    -519.515     555.553   412868   435956   459245          412868          435956          459245 0.952571  3124.45     0.00968505
  0.348     837.664    -626.426    -518.372      588.62   411060   435956   457819          411060          435956          457819 0.94649  3124.46    -0.00718743
   0.35     828.474    -626.809    -517.156     628.809   407146   435956   456974          407146          435956          456974 0.95115  3124.35      -0.028566
  0.352     819.405    -627.199    -515.851     677.075   404036   432007   455754          404036          432007          455754 0.949906   3124.1     -0.0553384
  0.354     810.457    -627.595    -514.442     734.014   400653   432007   455077          400653          432007          455077 0.950418  3123.65     -0.0883586
  0.356     801.629    -627.998    -512.909     799.515   395990   432007   453990          395990          432007          453990 0.954238  3122.98      -0.128271
  0.358      792.92    -628.408    -511.239     872.336   391263   432007   453122          391263          432007          453122 0.960263  3122.03      -0.175248
   0.36     784.332    -628.827    -509.417     949.693   386986   432007   452265          386986          432007          452265 0.964537  3120.78      -0.228666
  0.362     775.864    -629.255     -507.44     1027.04   382262   431840   451666          382262          431840          451666 0.971003  3119.17      -0.286796
  0.364     767.517    -629.694    -505.313     1098.23   377614   431840   451011          377614          431840          451011 0.977644  3117.19      -0.346663
  0.366      759.29    -630.142    -503.056     1156.36   374318   423684   450127          374318          423684          450127 0.98115  3114.85      -0.404214
  0.368     751.184    -630.603    -500.701     1195.01   371467   422904   448597          371467          422904          448597 0.982284  3112.17      -0.454912
   0.37     743.197    -631.075    -498.292     1209.84   369161   407969   446497          369161          407969          446497 0.982241  3109.21      -0.494635
  0.372     735.327    -631.558    -495.878     1199.71   368013   394477   444011          368013          394477          444011 0.979366  3106.05      -0.520604
  0.374     727.572    -632.053    -493.508     1166.87   366020   394477   441033          366020          394477          441033 0.978192  3102.77      -0.531962
  0.376     719.929     -632.56    -491.222     1116.28   365062   394477   439131          365062          394477          439131 0.977112  3099.47      -0.529785
  0.378     712.396    -633.077     -489.05      1054.2   363631   394477   436351          363631          394477          436351 0.97543  3096.23      -0.516582
   0.38     704.968    -633.604    -487.009     986.839   362146   387909   433225          362146          387909          433225 0.973355  3093.09       -0.49554
  0.382     697.641     -634.14    -485.103     919.324   361015   384844   428754          361015          384844          428754 0.967539  3090.11      -0.469828
  0.384     690.412    -634.684    -483.329     855.293   359585   378305   424119          359585          378305          424119 0.963966  3087.29      -0.442131
  0.386     683.279    -635.236    -481.678     796.901   359167   378305   418542          359167          378305          418542 0.954626  3084.65      -0.414444
  0.388     676.237    -635.795    -480.137     745.101   358054   378305   414472          358054          378305          414472 0.952081  3082.17       -0.38808
   0.39     669.283     -636.36    -478.693     700.006   357046   378305   410546          357046          378305          410546 0.949772  3079.86      -0.363781
  0.392     662.416    -636.932    -477.333     661.215   355668   376290   408869          355668          376290          408869 0.955407  3077.69       -0.34187
  0.394     655.633    -637.509    -476.045     628.066   354635   376138   405254          354635          376138          405254 0.952107  3075.64      -0.322386
  0.396     648.931    -638.091    -474.818       599.8   353942   376138   404175          353942          376138          404175 0.956788  3073.72      -0.305199
  0.398     642.308    -638.678    -473.643     575.668   352751   376138   401397          352751          376138          401397 0.956537  3071.89      -0.290088
    0.4     635.764     -639.27    -472.513     554.976   352080   376138   400269          352080          376138          400269 0.959928  3070.15      -0.276795
  0.402     629.295    -639.866    -471.421     537.117   351339   376138   398907          351339          376138          398907 0.961827  3068.48      -0.265056
  0.404     622.901    -640.466    -470.363     521.566   350710   370215   397203          350710          370215          397203 0.96162  3066.89       -0.25462
  0.406     616.579     -641.07    -469.333     507.887   350031   370215   396100          350031          370215          396100 0.963377  3065.36      -0.245263
  0.408     610.329    -641.678     -468.33     495.714   349175   370215   394836          349175          370215          394836 0.964765  3063.88      -0.236786
   0.41     604.149    -642.289     -467.35      484.75   348615   369697   393460          348615          369697          393460 0.964028  3062.46      -0.229022
  0.412     598.037    -642.904     -466.39     474.755   347868   366496   392273          347868          366496          392273 0.96468  3061.08      -0.221832
  0.414     591.993    -643.523     -465.45     465.538   347047   366496   390840          347047          366496          390840 0.96475  3059.74      -0.215103
  0.416     586.015    -644.145    -464.528     456.949   346325   366496   389301          346325          366496          389301 0.963996  3058.44      -0.208748
  0.418     580.101     -644.77    -463.622     448.875   345734   366496   388234          345734          366496          388234 0.964554  3057.18        -0.2027
   0.42     574.252    -645.398    -462.732     441.233   345161   366496   387284          345161          366496          387284 0.965104  3055.96      -0.196913
  0.422     568.465    -646.029    -461.857     433.962   344525   360506   386053          344525          360506          386053 0.964639  3054.78      -0.191354
  0.424      562.74    -646.664    -460.996     427.023   344116   359773   385010          344116          359773          385010 0.963812  3053.62      -0.186003
  0.426     557.076    -647.301    -460.149     420.393   343784   359773   383717          343784          359773          383717 0.961242   3052.5      -0.180849
  0.428     551.471    -647.941    -459.314      414.06   343199   359773   382988          343199          359773          382988 0.96181  3051.42      -0.175889
   0.43     545.924    -648.584    -458.492     408.021   342660   359773   382091          342660          359773          382091 0.961171  3050.36      -0.171124
  0.432     540.436    -649.229    -457.682     402.277   341363   359773   381067          341363          359773          381067 0.963448  3049.33      -0.166557
  0.434     535.003    -649.877    -456.883     396.834   340581   355763   380064          340581          355763          380064 0.963927  3048.32       -0.16219
  0.436     529.627    -650.528    -456.094     391.697   340053   354667   379328          340053          354667          379328 0.964339  3047.35      -0.158028
  0.438     524.305    -651.181    -455.316      386.87   339425   354667   378580          339425          354667          378580 0.965021   3046.4       -0.15407
   0.44     519.037    -651.837    -454.547     382.357   338896   354667   377681          338896          354667          377681 0.964365  3045.47      -0.150315
  0.442     513.822    -652.495    -453.786     378.157   338503   354667   376734          338503          354667          376734 0.962918  3044.57      -0.146758
  0.444      508.66    -653.155    -453.034     374.265   338007   354667   376146          338007          354667          376146 0.963559  3043.68      -0.143391
  0.446     503.549    -653.818    -452.289     370.673   337521   353176   375008          337521          353176          375008 0.961393  3042.82      -0.140202
  0.448     498.488    -654.482    -451.551     367.369   337209   353176   374003          337209          353176          374003 0.959022  3041.98      -0.137178
   0.45     493.478     -655.15    -450.819     364.337   336505   353176   372883          336505          353176          372883 0.95817  3041.15      -0.134302
  0.452     488.516    -655.819    -450.094     361.558   336027   353176   372298          336027          353176          372298 0.958994  3040.34      -0.131555
  0.454     483.603     -656.49    -449.373     359.008   335344   352846   371781          335344          352846          371781 0.961145  3039.55      -0.128918
  0.456     478.738    -657.164    -448.657     356.663   334870   352846   371020          334870          352846          371020 0.960909  3038.78      -0.126368
  0.458      473.92    -657.839    -447.946     354.497   334394   352846   370590          334394          352846          370590 0.962317  3038.01      -0.123885
   0.46     469.148    -658.517    -447.239     352.481   333631   352517   369942          333631          352517          369942 0.964118  3037.27      -0.121448
  0.462     464.421    -659.196    -446.536     350.587   333021   352490   369202          333021          352490          369202 0.964773  3036.54      -0.119035
  0.464      459.74    -659.878    -445.837     348.788   332596   352490   368496          332596          352490          368496 0.964818  3035.82      -0.116628
  0.466     455.104    -660.561    -445.141     347.057   332101   352490   367826          332101          352490          367826 0.965373  3035.12      -0.114209
  0.468     450.511    -661.247    -444.449     345.367   331613   352490   367502          331613          352490          367502 0.967572  3034.44      -0.111762
   0.47     445.961    -661.934     -443.76     343.696   331305   346042   367111          331305          346042          367111 0.96835  3033.77      -0.109275
  0.472     441.454    -662.624    -443.074     342.022   331056   346042   366558          331056          346042          366558 0.967868  3033.11      -0.106737
  0.474     436.988    -663.315    -442.391     340.327   330778   346042   365827          330778          346042          365827 0.966489  3032.47      -0.104139
  0.476     432.565    -664.008    -441.713     338.595   330551   346042   364957          330551          346042          364957 0.964134  3031.85      -0.101477
  0.478     428.182    -664.703    -441.037     336.814   330141   346042   364269          330141          346042          364269 0.963589  3031.24     -0.0987481
   0.48     423.839      -665.4    -440.365     334.975   329585   346042   363706          329585          346042          363706 0.964497  3030.65     -0.0959515
  0.482     419.536    -666.098    -439.697     333.072   329149   346042   363250          329149          346042          363250 0.965257  3030.08     -0.0930897
  0.484     415.273    -666.799    -439.033     331.101   328595   346042   362526          328595          346042          362526 0.965292  3029.52      -0.090167
  0.486     411.048    -667.501    -438.373     329.064   328028   346042   362237          328028          346042          362237 0.967577  3028.99     -0.0871894
  0.488     406.861    -668.204    -437.717     326.961   327758   340836   361640          327758          340836          361640 0.966844  3028.47     -0.0841645
   0.49     402.712     -668.91    -437.065     324.798   327234   339631   361176          327234          339631          361176 0.967999  3027.97     -0.0811011
  0.492       398.6    -669.617    -436.418     322.581   326798   339631   360589          326798          339631          360589 0.968148  3027.48      -0.078009
  0.494     394.525    -670.326    -435.775     320.319   326504   339631   360032          326504          339631          360032 0.967654  3027.02     -0.0748983
  0.496     390.485    -671.036    -435.136     318.019   326236   339631   359318          326236          339631          359318 0.96609  3026.58     -0.0717797
  0.498     386.482    -671.748    -434.503     315.694   326067   339631   358776          326067          339631          358776 0.965035  3026.15     -0.0686637
    0.5     382.513    -672.462    -433.874     313.353   325823   339631   358273          325823          339631          358273 0.964417  3025.75     -0.0655605
  0.502      378.58    -673.177    -433.249     311.008   325256   339631   357830          325256          339631          357830 0.966016  3025.36       -0.06248
  0.504      374.68    -673.894     -432.63     308.669   324943   339631   357335          324943          339631          357335 0.965898  3024.99     -0.0594313
  0.506     370.814    -674.612    -432.015     306.347   324666   339631   356767          324666          339631          356767 0.965164  3024.64     -0.0564229
  0.508     366.982    -675.331    -431.404     304.052   324312   338904   356447          324312          338904          356447 0.966245  3024.31     -0.0534622
   0.51     363.183    -676.052    -430.798     301.794   323981   338904   356107          323981          338904          356107 0.966989  3023.99     -0.0505559
  0.512     359.416    -676.775    -430.197      299.58   323774   338904   355776          323774          338904          355776 0.967005   3023.7     -0.0477095
  0.514     355.681    -677.499      -429.6      297.42   323344   338904   355323          323344          338904          355323 0.967561  3023.42     -0.0449275
  0.516     351.977    -678.224    -429.007      295.32   323163   338904   354934          323163          338904          354934 0.967059  3023.15     -0.0422135
  0.518     348.305    -678.951    -428.419     293.285   322868   335370   354568          322868          335370          354568 0.967201  3022.91     -0.0395701
   0.52     344.664    -679.679    -427.834     291.321   322576   335370   354070          322576          335370          354070 0.966596  3022.67     -0.0369989
  0.522     341.053    -680.408    -427.253     289.431   322293   335202   353594          322293          335202          353594 0.966079  3022.46     -0.0345009
  0.524     337.472    -681.139    -426.676      287.62   322116   333715   353196          322116          333715          353196 0.965355  3022.26     -0.0320759
  0.526     333.921     -681.87    -426.103     285.889   321908   333715   352686          321908          333715          352686 0.964018  3022.07     -0.0297232
  0.528     330.399    -682.604    -425.533     284.239   321505   333715   352050          321505          333715          352050 0.963179   3021.9     -0.0274416
   0.53     326.906    -683.338    -424.966     282.672   321055   333715   351439          321055          333715          351439 0.962922  3021.74     -0.0252292
  0.532     323.442    -684.073    -424.402     281.187   320960   333715   351020          320960          333715          351020 0.961717  3021.59     -0.0230835
  0.534     320.006     -684.81    -423.841     279.785   320683   332846   350403          320683          332846          350403 0.960399  3021.46     -0.0210018
  0.536     316.598    -685.548    -423.283     278.465   320541   332846   349799          320541          332846          349799 0.958253  3021.34      -0.018981
  0.538     313.217    -686.287    -422.727     277.225   320273   332846   349415          320273          332846          349415 0.958233  3021.23     -0.0170176
   0.54     309.864    -687.028    -422.174     276.064   319957   332846   349125          319957          332846          349125 0.959026  3021.13     -0.0151083
  0.542     306.537    -687.769    -421.623     274.979   319721   332846   348596          319721          332846          348596 0.957768  3021.05     -0.0132491
  0.544     303.237    -688.512    -421.074      273.97   319344   332846   348190          319344          332846          348190 0.958187  3020.97     -0.0114364
  0.546     299.963    -689.256    -420.527     273.034   318976   332846   347876          318976          332846          347876 0.959143  3020.91    -0.00966626
  0.548     296.715    -690.001    -419.982     272.169   318696   332846   347489          318696          332846          347489 0.959089  3020.86    -0.00793489
   0.55     293.493    -690.747    -419.438     271.372   318488   332770   347255          318488          332770          347255 0.959425  3020.81    -0.00623848
  0.552     290.296    -691.494    -418.896     270.641   318181   332770   346908          318181          332770          346908 0.959558  3020.78    -0.00457329
  0.554     287.124    -692.242    -418.356     269.975   317759   332770   346480          317759          332770          346480 0.959964  3020.76    -0.00293568
  0.556     283.977    -692.991    -417.816      269.37   317436   332770   346300          317436          332770          346300 0.961317  3020.74    -0.00132214
  0.558     280.855    -693.742    -417.278     268.825   317187   332770   346108          317187          332770          346108 0.961955  3020.74    0.000270737
   0.56     277.756    -694.493    -416.741     268.337   316903   332770   345553          316903          332770          345553 0.960523  3020.75     0.00184619
  0.562     274.682    -695.246    -416.205     267.906   316497   331986   345252          316497          331986          345252 0.961401  3020.76      0.0034073
  0.564     271.631    -695.999    -415.669     267.527   316326   331986   344910          316326          331986          344910 0.960586  3020.79     0.00495699
  0.566     268.604    -696.754    -415.135     267.201   315833   331680   344565          315833          331680          344565 0.961707  3020.82     0.00649802
  0.568     265.599     -697.51      -414.6     266.925   315317   327344   344084          315317          327344          344084 0.962259  3020.87     0.00803296
   0.57     262.618    -698.266    -414.067     266.698   314963   326949   343570          314963          326949          343570 0.961769  3020.92     0.00956423
  0.572     259.659    -699.024    -413.534     266.518   314554   326869   343184          314554          326869          343184 0.962457  3020.98      0.0110941
  0.574     256.723    -699.783    -413.001     266.384   314334   326828   342774          314334          326828          342774 0.961822  3021.05      0.0126245
  0.576     253.809    -700.542    -412.468     266.294   314045   326828   342481          314045          326828          342481 0.962321  3021.14      0.0141575
  0.578     250.917    -701.303    -411.935     266.247   313918   326828   342229          313918          326828          342229 0.961962  3021.23      0.0156948
   0.58     248.046    -702.065    -411.403     266.241   313760   326512   341999          313760          326512          341999 0.96177  3021.32      0.0172379
  0.582     245.197    -702.828     -410.87     266.276   313448   326512   341797          313448          326512          341797 0.962613  3021.43      0.0187884
  0.584      242.37    -703.591    -410.338     266.351   312985   326512   341632          312985          326512          341632 0.964683  3021.55      0.0203476
  0.586     239.563    -704.356    -409.805     266.463   312811   326512   341335          312811          326512          341335 0.964006  3021.68      0.0219165
  0.588     236.777    -705.122    -409.272     266.613   312691   326512   341143          312691          326512          341143 0.963562  3021.82      0.0234964
   0.59     234.012    -705.889    -408.739     266.798   312353   326512   340905          312353          326512          340905 0.964123  3021.96      0.0250882
  0.592     231.267    -706.657    -408.205     267.018   312162   325332   340604          312162          325332          340604 0.963344  3022.12      0.0266926
  0.594     228.542    -707.425     -407.67     267.271   311989   325332   340299          311989          325332          340299 0.96233  3022.29      0.0283105
  0.596     225.837    -708.195    -407.136     267.556   311784   325332   340053          311784          325332          340053 0.961819  3022.46      0.0299424
  0.598     223.152    -708.966      -406.6     267.871   311661   325332   339823          311661          325332          339823 0.960794  3022.65       0.031589
    0.6     220.486    -709.738    -406.064     268.217   311230   325330   339649          311230          325330          339649 0.962027  3022.84      0.0332507
  0.602      217.84     -710.51    -405.527      268.59   311043   325330   339270          311043          325330          339270 0.960325  3023.05      0.0349279
  0.604     215.213    -711.284     -404.99      268.99   310668   325054   339042          310668          325054          339042 0.960836  3023.27       0.036621
  0.606     212.604    -712.059    -404.451     269.415   310211   325054   338818          310211          325054          338818 0.961884  3023.49      0.0383302
  0.608     210.015    -712.835    -403.912     269.863   309624   325054   338544          309624          325054          338544 0.963544  3023.73      0.0400556
   0.61     207.444    -713.611    -403.372     270.333   309340   324713   338255          309340          324713          338255 0.963283  3023.98      0.0417974
  0.612     204.892    -714.389    -402.831     270.823   309000   324713   337941          309000          324713          337941 0.963213  3024.24      0.0435557
  0.614     202.358    -715.168    -402.289     271.332   308699   323389   337754          308699          323389          337754 0.963694   3024.5      0.0453303
  0.616     199.842    -715.947    -401.745     271.857   308299   323389   337416          308299          323389          337416 0.963784  3024.78      0.0471212
  0.618     197.344    -716.728    -401.201     272.396   308080   323389   337122          308080          323389          337122 0.963133  3025.08      0.0489283
   0.62     194.863     -717.51    -400.656     272.948   307885   323389   336842          307885          323389          336842 0.96234  3025.38      0.0507512
  0.622       192.4    -718.292    -400.109      273.51   307347   323389   336695          307347          323389          336695 0.964447  3025.69      0.0525897
  0.624     189.955    -719.076    -399.562      274.08   307118   323389   336536          307118          323389          336536 0.964581  3026.01      0.0544433
  0.626     187.526     -719.86    -399.013     274.656   307022   321057   336185          307022          321057          336185 0.962675  3026.35      0.0563116
  0.628     185.115    -720.646    -398.463     275.236   306810   321057   335958          306810          321057          335958 0.96213  3026.69       0.058194
   0.63     182.721    -721.432    -397.912     275.817   305971   321057   335663          305971          321057          335663 0.964946  3027.05      0.0600897
  0.632     180.343     -722.22     -397.36     276.396   305539   321057   335554          305539          321057          335554 0.966678  3027.42      0.0619981
  0.634     177.982    -723.008    -396.807     276.972   305191   321057   335363          305191          321057          335363 0.967461   3027.8      0.0639182
  0.636     175.637    -723.798    -396.252     277.541   304787   321057   335122          304787          321057          335122 0.96827   3028.2      0.0658491
  0.638     173.308    -724.589    -395.696     278.102   304638   321057   334826          304638          321057          334826 0.967253   3028.6      0.0677897
   0.64     170.996     -725.38     -395.14     278.651   304257   321057   334552          304257          321057          334552 0.967742  3029.02      0.0697388
  0.642       168.7    -726.173    -394.582     279.187   303844   321057   334335          303844          321057          334335 0.968806  3029.45      0.0716951
  0.644     166.419    -726.966    -394.023     279.705   303507   321057   334182          303507          321057          334182 0.96982  3029.89      0.0736572
  0.646     164.154     -727.76    -393.463     280.205   302989   318822   333957          302989          318822          333957 0.971501  3030.34      0.0756236
  0.648     161.904    -728.556    -392.902     280.683   302751   318822   333822          302751          318822          333822 0.97215   3030.8      0.0775927
   0.65      159.67    -729.352     -392.34     281.136   302544   317540   333566          302544          317540          333566 0.971901  3031.28      0.0795628
  0.652     157.452     -730.15    -391.778     281.563   302258   317540   333329          302258          317540          333329 0.972234  3031.77      0.0815321
  0.654     155.248    -730.948    -391.214      281.96   302108   317540   333101          302108          317540          333101 0.971857  3032.27      0.0834988
  0.656     153.059    -731.748     -390.65     282.326   301820   314726   332871          301820          314726          332871 0.972227  3032.78      0.0854609
  0.658     150.885    -732.548    -390.085     282.659   301625   314726   332438          301625          314726          332438 0.970937  3033.31      0.0874165
   0.66     148.726     -733.35    -389.519     282.956   301432   314726   332138          301432          314726          332138 0.970457  3033.84      0.0893635
  0.662     146.581    -734.152    -388.953     283.215   301294   314726   331809          301294          314726          331809 0.969458  3034.39      0.0912999
  0.664      144.45    -734.955    -388.386     283.435   301042   314726   331559          301042          314726          331559 0.969591  3034.95      0.0932235
  0.666     142.334     -735.76    -387.819     283.614   300816   314726   331193          300816          314726          331193 0.968978  3035.52      0.0951323
  0.668     140.232    -736.565    -387.252      283.75   300616   314586   330570          300616          314586          330570 0.966741   3036.1      0.0970242
   0.67     138.144    -737.371    -386.684     283.842   300434   314586   330313          300434          314586          330313 0.966643   3036.7      0.0988973
  0.672      136.07    -738.179    -386.117      283.89   300209   314586   330064          300209          314586          330064 0.966822  3037.31       0.100749
  0.674      134.01    -738.987    -385.549     283.893   300007   314561   329862          300007          314561          329862 0.9671  3037.92       0.102579
  0.676     131.963    -739.796    -384.981     283.849   299725   314561   329732          299725          314561          329732 0.968269  3038.55       0.104384
  0.678      129.93    -740.607    -384.413     283.759   299588   314561   329402          299588          314561          329402 0.967359  3039.19       0.106162
   0.68      127.91    -741.418    -383.846     283.623   299337   314273   329143          299337          314273          329143 0.967557  3039.84       0.107913
  0.682     125.903     -742.23    -383.279      283.44   299234   314273   328942          299234          314273          328942 0.967174   3040.5       0.109634
  0.684      123.91    -743.043    -382.712     283.211   298913   314273   328739          298913          314273          328739 0.968054  3041.18       0.111324
  0.686      121.93    -743.857    -382.146     282.937   298708   314273   328548          298708          314273          328548 0.968297  3041.86       0.112983
  0.688     119.962    -744.672    -381.581     282.619   298537   313008   328317          298537          313008          328317 0.968083  3042.55       0.114609
   0.69     118.007    -745.488    -381.016     282.257   298327   313008   328116          298327          313008          328116 0.968253  3043.25       0.116201
  0.692     116.065    -746.305    -380.452     281.854   298044   313008   327815          298044          313008          327815 0.968256  3043.97       0.117759
  0.694     114.136    -747.123    -379.888      281.41   297885   313008   327650          297885          313008          327650 0.968338  3044.69       0.119283
  0.696     112.219    -747.942    -379.326     280.928   297763   312987   327489          297763          312987          327489 0.968147  3045.42       0.120772
  0.698     110.314    -748.761    -378.765      280.41   297511   312987   327369          297511          312987          327369 0.968883  3046.16       0.122226
    0.7     108.421    -749.582    -378.204     279.858   297150   312987   327127          297150          312987          327127 0.969569  3046.91       0.123646
  0.702     106.541    -750.404    -377.645     279.273   296979   312987   326967          296979          312987          326967 0.969618  3047.66       0.125031
  0.704     104.672    -751.226    -377.087      278.66   296629   312987   326756          296629          312987          326756 0.970391  3048.43       0.126384
  0.706     102.815    -752.049    -376.531     278.019   296275   312987   326568          296275          312987          326568 0.971336  3049.21       0.127703
  0.708      100.97    -752.874    -375.975     277.355   296073   309186   326278          296073          309186          326278 0.970918  3049.99       0.128991
   0.71     99.1372    -753.699    -375.421      276.67   295885   309186   325898          295885          309186          325898 0.969918  3050.78       0.130249
  0.712     97.3154    -754.525    -374.868     275.967   295738   309186   325636          295738          309186          325636 0.969372  3051.58       0.131478
  0.714     95.5051    -755.352    -374.317     275.248   295556   309186   325476          295556          309186          325476 0.969548  3052.38       0.132679
  0.716     93.7061    -756.179    -373.767     274.518   295293   309186   325337          295293          309186          325337 0.970243   3053.2       0.133854
  0.718     91.9184    -757.008    -373.219     273.778   295137   305357   325058          295137          305357          325058 0.969545  3054.02       0.135005
   0.72     90.1417    -757.837    -372.672     273.032   294976   305357   324722          294976          305357          324722 0.968555  3054.85       0.136134
  0.722     88.3761    -758.668    -372.127     272.284   294852   305357   324381          294852          305357          324381 0.967318  3055.68       0.137242
  0.724     86.6214    -759.499    -371.583     271.535   294706   305357   324036          294706          305357          324036 0.966138  3056.52       0.138332
  0.726     84.8775    -760.331    -371.041      270.79   294534   305357   323664          294534          305357          323664 0.964947  3057.37       0.139407
  0.728     83.1444    -761.164      -370.5      270.05   294224   305357   323415          294224          305357          323415 0.965329  3058.23       0.140467
   0.73     81.4218    -761.997    -369.961     269.319   293923   305357   322919          293923          305357          322919 0.964241  3059.09       0.141516
  0.732     79.7098    -762.832    -369.423     268.599   293784   305357   322757          293784          305357          322757 0.964242  3059.96       0.142555
  0.734     78.0083    -763.667    -368.886     267.893   293696   305357   322378          293696          305357          322378 0.962526  3060.84       0.143587
  0.736     76.3171    -764.503    -368.351     267.203   293557   305357   322082          293557          305357          322082 0.961609  3061.72       0.144614
  0.738     74.6361     -765.34    -367.817     266.532   293202   305357   321784          293202          305357          321784 0.962094  3062.61       0.145637
   0.74     72.9653    -766.178    -367.285     265.881   292678   305357   321623          292678          305357          321623 0.964523   3063.5        0.14666
  0.742     71.3045    -767.016    -366.754     265.254   292511   305357   321392          292511          305357          321392 0.964334  3064.41       0.147685
  0.744     69.6538    -767.856    -366.224     264.651   292359   305357   321192          292359          305357          321192 0.96421  3065.31       0.148713
  0.746     68.0129    -768.696    -365.695     264.074   292269   303001   320786          292269          303001          320786 0.96231  3066.23       0.149745
  0.748     66.3819    -769.537    -365.168     263.526   292200   303001   320341          292200          303001          320341 0.960028  3067.15       0.150785
   0.75     64.7605    -770.378    -364.641     263.007   292101   303001   320036          292101          303001          320036 0.958812  3068.08       0.151834
  0.752     63.1488     -771.22    -364.116     262.519   291838   303001   319754          291838          303001          319754 0.958828  3069.01       0.152893
  0.754     61.5467    -772.064    -363.591     262.062   291728   303001   319559          291728          303001          319559 0.958391  3069.96       0.153963
  0.756      59.954    -772.907    -363.067     261.638   291594   303001   319316          291594          303001          319316 0.957697   3070.9       0.155047
  0.758     58.3708    -773.752    -362.545     261.247   291403   303001   319050          291403          303001          319050 0.957198  3071.86       0.156145
   0.76     56.7968    -774.597    -362.022     260.891   291085   303001   318861          291085          303001          318861 0.958086  3072.82       0.157259
  0.762     55.2321    -775.443    -361.501     260.568   290838   303001   318582          290838          303001          318582 0.957908  3073.79       0.158389
  0.764     53.6765     -776.29     -360.98      260.28   290613   303001   318214          290613          303001          318214 0.956982  3074.77       0.159536
  0.766       52.13    -777.138     -360.46     260.027   290235   303001   318042          290235          303001          318042 0.958513  3075.76       0.160702
  0.768     50.5925    -777.986     -359.94     259.809   290031   303001   317848          290031          303001          317848 0.958713  3076.75       0.161885
   0.77      49.064    -778.835    -359.421     259.625   289894   303001   317657          289894          303001          317657 0.958439  3077.75       0.163088
  0.772     47.5443    -779.685    -358.901     259.475   289686   302831   317350          289686          302831          317350 0.957819  3078.76       0.164309
  0.774     46.0334    -780.535    -358.383     259.359   289413   302831   317004          289413          302831          317004 0.957432  3079.77       0.165549
  0.776     44.5312    -781.387    -357.864     259.276   289049   302831   316735          289049          302831          316735 0.958274  3080.79       0.166808
  0.778     43.0377    -782.239    -357.345     259.225   288926   302831   316568          288926          302831          316568 0.958189  3081.83       0.168086
   0.78     41.5527    -783.091    -356.827     259.206   288696   302831   316288          288696          302831          316288 0.958025  3082.87       0.169383
  0.782     40.0763    -783.944    -356.309     259.217   288539   302831   316145          288539          302831          316145 0.958314  3083.92       0.170697
  0.784     38.6083    -784.799     -355.79     259.257   288334   302831   315960          288334          302831          315960 0.958596  3084.97       0.172028
  0.786     37.1486    -785.653    -355.272     259.326   288175   302831   315806          288175          302831          315806 0.958715  3086.04       0.173376
  0.788     35.6973    -786.509    -354.753     259.422   287882   302831   315680          287882          302831          315680 0.959956  3087.11       0.174739
   0.79     34.2542    -787.365    -354.234     259.543   287625   302831   315558          287625          302831          315558 0.960952   3088.2       0.176117
  0.792     32.8193    -788.222    -353.715     259.689   287382   301653   315395          287382          301653          315395 0.961565  3089.29       0.177508
  0.794     31.3925    -789.079    -353.195     259.857   287097   301653   315244          287097          301653          315244 0.962549  3090.39       0.178911
  0.796     29.9738    -789.938    -352.675     260.047   286913   301653   315103          286913          301653          315103 0.962891   3091.5       0.180325
  0.798     28.5631    -790.797    -352.155     260.256   286676   301653   314913          286676          301653          314913 0.963236  3092.62       0.181749
    0.8     27.1603    -791.656    -351.634     260.483   286369   301653   314781          286369          301653          314781 0.964419  3093.75       0.183181
  0.802     25.7653    -792.517    -351.113     260.726   286231   301653   314644          286231          301653          314644 0.964457  3094.89       0.184619
  0.804     24.3782    -793.378    -350.591     260.984   286044   300916   314412          286044          300916          314412 0.964165  3096.03       0.186062
  0.806     22.9989     -794.24    -350.069     261.254   285918   300916   314273          285918          300916          314273 0.964059  3097.19       0.187508
  0.808     21.6272    -795.102    -349.546     261.536   285760   300916   314058          285760          300916          314058 0.963646  3098.36       0.188955
   0.81     20.2632    -795.965    -349.023     261.827   285577   300916   313590          285577          300916          313590 0.961782  3099.53       0.190403
  0.812     18.9067    -796.829    -348.499     262.125   285351   300916   313492          285351          300916          313492 0.962614  3100.72       0.191848
  0.814     17.5578    -797.694    -347.974     262.429   285124   300916   313352          285124          300916          313352 0.963167  3101.91       0.193289
  0.816     16.2163    -798.559    -347.449     262.738   284791   300916   313212          284791          300916          313212 0.96441  3103.12       0.194724
  0.818     14.8823    -799.425    -346.923     263.048   284573   300916   313078          284573          300916          313078 0.964936  3104.33       0.196152
   0.82     13.5556    -800.292    -346.397     263.359   284365   300916   312996          284365          300916          312996 0.965682  3105.55        0.19757
  0.822     12.2363    -801.159     -345.87     263.669   284075   299747   312545          284075          299747          312545 0.964677  3106.78       0.198978
  0.824     10.9241    -802.028    -345.342     263.976   283938   299747   312379          283938          299747          312379 0.964543  3108.02       0.200372
  0.826     9.61923    -802.896    -344.814     264.279   283689   299747   312291          283689          299747          312291 0.965537  3109.27       0.201752
  0.828     8.32147    -803.766    -344.285     264.576   283414   299747   311947          283414          299747          311947 0.96516  3110.53       0.203116
   0.83     7.03079    -804.636    -343.756     264.866   283154   299747   311528          283154          299747          311528 0.964353   3111.8       0.204462
  0.832     5.74717    -805.507    -343.226     265.148   282740   299747   311431          282740          299747          311431 0.96644  3113.08       0.205788
  0.834     4.47053    -806.379    -342.695     265.419   282565   299747   311346          282565          299747          311346 0.967159  3114.36       0.207093
  0.836     3.20084    -807.251    -342.164     265.679   282325   296174   311068          282325          296174          311068 0.96712  3115.66       0.208375
  0.838     1.93804    -808.124    -341.633     265.927   282157   296174   310911          282157          296174          310911 0.967384  3116.96       0.209634
   0.84    0.682084    -808.998      -341.1     266.161   281981   296174   310732          281981          296174          310732 0.967552  3118.27       0.210868
  0.842    -0.56708    -809.872    -340.568     266.381   281894   296174   310512          281894          296174          310512 0.966938  3119.59       0.212075
  0.844     -1.8095    -810.747    -340.035     266.585   281644   296174   310423          281644          296174          310423 0.968029  3120.92       0.213255
  0.846    -3.04522    -811.623    -339.502     266.773   281475   296174   310243          281475          296174          310243 0.968095  3122.25       0.214406
  0.848     -4.2743    -812.499    -338.968     266.944   281333   296174   310098          281333          296174          310098 0.968186   3123.6       0.215527
   0.85    -5.49678    -813.376    -338.434     267.097   281084   296174   309939          281084          296174          309939 0.968798  3124.95       0.216619
  0.852     -6.7127    -814.254    -337.899     267.232   280869   296174   309830          280869          296174          309830 0.969504   3126.3       0.217679
  0.854    -7.92213    -815.133    -337.365     267.347   280589   292679   309716          280589          292679          309716 0.970549  3127.67       0.218708
  0.856    -9.12509    -816.012     -336.83     267.444   280451   292679   309502          280451          292679          309502 0.970207  3129.04       0.219704
  0.858    -10.3216    -816.892    -336.295     267.521   280332   292679   309283          280332          292679          309283 0.969725  3130.42       0.220668
   0.86    -11.5118    -817.773     -335.76     267.578   280209   292679   309134          280209          292679          309134 0.969646   3131.8       0.221598
  0.862    -12.6957    -818.654    -335.225     267.616   280052   292679   308881          280052          292679          308881 0.969162  3133.19       0.222496
  0.864    -13.8733    -819.536     -334.69     267.633   279805   292679   308582          279805          292679          308582 0.968962  3134.59        0.22336
  0.866    -15.0447    -820.419    -334.154      267.63   279683   292679   308452          279683          292679          308452 0.969053  3135.99        0.22419
  0.868    -16.2098    -821.302    -333.619     267.608   279435   292679   308317          279435          292679          308317 0.9699   3137.4       0.224988
   0.87    -17.3689    -822.186    -333.084     267.565   279226   292679   308089          279226          292679          308089 0.96993  3138.82       0.225752
  0.872    -18.5218    -823.071    -332.549     267.503   279142   292679   307768          279142          292679          307768 0.968696  3140.24       0.226483
  0.874    -19.6687    -823.956    -332.014     267.422   279079   292679   307643          279079          292679          307643 0.968484  3141.66       0.227182
  0.876    -20.8096    -824.842    -331.479     267.322   279018   292679   307523          279018          292679          307523 0.968234  3143.09       0.227848
  0.878    -21.9445    -825.729    -330.945     267.204   278819   292679   307397          278819          292679          307397 0.968749  3144.53       0.228483
   0.88    -23.0736    -826.616     -330.41     267.068   278601   292679   307142          278601          292679          307142 0.968631  3145.97       0.229087
  0.882    -24.1967    -827.504    -329.876     266.914   278459   292679   306768          278459          292679          306768 0.967387  3147.41        0.22966
  0.884     -25.314    -828.393    -329.343     266.744   278320   292679   306636          278320          292679          306636 0.967596  3148.86       0.230204
  0.886    -26.4255    -829.283    -328.809     266.558   278107   292679   306472          278107          292679          306472 0.968052  3150.31       0.230719
  0.888    -27.5312    -830.173    -328.276     266.356   278007   292679   306382          278007          292679          306382 0.968249  3151.76       0.231206
   0.89    -28.6313    -831.063    -327.744      266.14   277877   292679   306269          277877          292679          306269 0.968444  3153.22       0.231666
  0.892    -29.7256    -831.955    -327.212      265.91   277715   292679   306199          277715          292679          306199 0.969053  3154.69         0.2321
  0.894    -30.8144    -832.847     -326.68     265.666   277546   290243   306061          277546          290243          306061 0.969283  3156.15       0.232509
  0.896    -31.8975    -833.739    -326.149     265.411   277429   289054   305907          277429          289054          305907 0.969067  3157.62       0.232893
  0.898    -32.9751    -834.633    -325.619     265.144   277299   289054   305801          277299          289054          305801 0.969202  3159.09       0.233255
    0.9    -34.0472    -835.527    -325.089     264.867   277184   289054   305617          277184          289054          305617 0.968742  3160.57       0.233596
  0.902    -35.1138    -836.421    -324.559      264.58   276912   289054   305465          276912          289054          305465 0.969469  3162.05       0.233915
  0.904     -36.175    -837.317     -324.03     264.284   276799   289054   305361          276799          289054          305361 0.969503  3163.53       0.234216
  0.906    -37.2308    -838.213    -323.502      263.98   276644   289054   305140          276644          289054          305140 0.969076  3165.01       0.234498
  0.908    -38.2813    -839.109    -322.974      263.67   276527   289054   304920          276527          289054          304920 0.96841   3166.5       0.234763
   0.91    -39.3264    -840.006    -322.447     263.353   276335   289054   304794          276335          289054          304794 0.968813  3167.98       0.235013
  0.912    -40.3663    -840.904    -321.921     263.031   276195   289054   304494          276195          289054          304494 0.967806  3169.47       0.235249
  0.914    -41.4009    -841.803    -321.395     262.706   276091   289054   304344          276091          289054          304344 0.96752  3170.97       0.235472
  0.916    -42.4304    -842.702     -320.87     262.376   275936   289054   304181          275936          289054          304181 0.967458  3172.46       0.235683
  0.918    -43.4546    -843.601    -320.346     262.045   275885   289054   304055          275885          289054          304055 0.966951  3173.96       0.235885
   0.92    -44.4738    -844.502    -319.822     261.712   275743   289054   303970          275743          289054          303970 0.967233  3175.46       0.236077
  0.922    -45.4878    -845.402    -319.299     261.379   275675   289054   303784          275675          289054          303784 0.966372  3176.96       0.236261
  0.924    -46.4968    -846.304    -318.777     261.045   275523   289054   303637          275523          289054          303637 0.966267  3178.46        0.23644
  0.926    -47.5008    -847.206    -318.255     260.713   275340   289054   303452          275340          289054          303452 0.966122  3179.96       0.236613
  0.928    -48.4998    -848.109    -317.734     260.383   275270   287231   303324          275270          287231          303324 0.965602  3181.47       0.236783
   0.93    -49.4939    -849.012    -317.213     260.056   275109   287231   303190          275109          287231          303190 0.965577  3182.98       0.236951
  0.932     -50.483    -849.916    -316.693     259.732   275005   287231   303051          275005          287231          303051 0.965142  3184.48       0.237117
  0.934    -51.4673    -850.821    -316.174     259.412   274685   287231   302882          274685          287231          302882 0.965869     3186       0.237284
  0.936    -52.4467    -851.726    -315.656     259.098   274363   287231   302667          274363          287231          302667 0.966389  3187.51       0.237453
  0.938    -53.4213    -852.632    -315.138      258.79   274068   287231   302489          274068          287231          302489 0.96703  3189.02       0.237624
   0.94    -54.3911    -853.538    -314.621     258.488   273818   286375   302301          273818          286375          302301 0.967373  3190.54         0.2378
  0.942    -55.3562    -854.445    -314.104     258.193   273644   286375   302077          273644          286375          302077 0.967029  3192.06       0.237981
  0.944    -56.3166    -855.352    -313.588     257.906   273481   286375   301905          273481          286375          301905 0.966981  3193.58       0.238168
  0.946    -57.2723    -856.261    -313.072     257.628   273364   286375   301714          273364          286375          301714 0.966516   3195.1       0.238364
  0.948    -58.2233    -857.169    -312.557     257.359   273151   286375   301550          273151          286375          301550 0.966837  3196.62       0.238568
   0.95    -59.1698    -858.078    -312.043       257.1   273043   286375   301236          273043          286375          301236 0.965538  3198.15       0.238782
  0.952    -60.1116    -858.988    -311.529     256.851   272814   286375   301116          272814          286375          301116 0.966303  3199.68       0.239007
  0.954    -61.0489    -859.899    -311.015     256.613   272757   286375   300984          272757          286375          300984 0.965859  3201.21       0.239245
  0.956    -61.9817     -860.81    -310.502     256.386   272542   286375   300793          272542          286375          300793 0.966041  3202.74       0.239496
  0.958      -62.91    -861.721     -309.99     256.171   272397   286375   300604          272397          286375          300604 0.965808  3204.28       0.239761
   0.96    -63.8338    -862.633    -309.478     255.969   272287   286375   300368          272287          286375          300368 0.96505  3205.82       0.240042
  0.962    -64.7532    -863.546    -308.966     255.779   272164   286375   300231          272164          286375          300231 0.964992  3207.36       0.240339
  0.964    -65.6682    -864.459    -308.455     255.603   272112   286375   300043          272112          286375          300043 0.964138   3208.9       0.240654
  0.966    -66.5789    -865.373    -307.944      255.44   271984   286375   299852          271984          286375          299852 0.963729  3210.45       0.240986
  0.968    -67.4851    -866.288    -307.433     255.291   271791   282774   299760          271791          282774          299760 0.964322  3211.99       0.241338
   0.97    -68.3871    -867.202    -306.922     255.157   271599   282774   299505          271599          282774          299505 0.963898  3213.55        0.24171
  0.972    -69.2848    -868.118    -306.412     255.037   271334   282774   299136          271334          282774          299136 0.963256   3215.1       0.242102
  0.974    -70.1782    -869.034    -305.902     254.932   271193   282774   299011          271193          282774          299011 0.963417  3216.66       0.242517
  0.976    -71.0674    -869.951    -305.393     254.842   271119   282774   298792          271119          282774          298792 0.962515  3218.22       0.242953
  0.978    -71.9524    -870.868    -304.883     254.768   271022   282774   298564          271022          282774          298564 0.961678  3219.79       0.243413
   0.98    -72.8333    -871.785    -304.373     254.709   270737   282774   298332          270737          282774          298332 0.962075  3221.36       0.243896
  0.982    -73.7099    -872.704    -303.864     254.666   270608   282774   298199          270608          282774          298199 0.962111  3222.93       0.244404
  0.984    -74.5825    -873.623    -303.355     254.639   270452   282774   298011          270452          282774          298011 0.961938  3224.51       0.244937
  0.986    -75.4509    -874.542    -302.845     254.629   270399   282774   297649          270399          282774          297649 0.959949  3226.09       0.245495
  0.988    -76.3153    -875.462    -302.336     254.634   270189   282774   297482          270189          282774          297482 0.960295  3227.68       0.246079
   0.99    -77.1757    -876.382    -301.827     254.657   270069   282774   297365          270069          282774          297365 0.960362  3229.27        0.24669
  0.992     -78.032    -877.303    -301.318     254.695   269974   282774   297263          269974          282774          297263 0.960315  3230.86       0.247328
  0.994    -78.8844    -878.225    -300.808      254.75   269804   282774   297028          269804          282774          297028 0.959865  3232.46       0.247993
  0.996    -79.7327    -879.147    -300.299     254.822   269652   282774   296863          269652          282774          296863 0.959759  3234.07       0.248687
  0.998    -80.5772    -880.069    -299.789     254.911   269482   282183   296762          269482          282183          296762 0.960185  3235.68       0.249408
      1    -81.4177    -880.993    -299.279     255.016   269293   282183   296580          269293          282183          296580 0.960184   3237.3       0.250158
  1.002    -82.2543    -881.916    -298.769     255.137   269109   282183   296439          269109          282183          296439 0.960427  3238.92       0.250936
  1.004     -83.087    -882.841    -298.258     255.276   268889   282183   296352          268889          282183          296352 0.961254  3240.55       0.251743
  1.006    -83.9159    -883.765    -297.748      255.43   268719   282183   296222          268719          282183          296222 0.961446  3242.18       0.252579
  1.008     -84.741    -884.691    -297.237     255.601   268573   282183   295952          268573          282183          295952 0.960548  3243.82       0.253445
   1.01    -85.5623    -885.616    -296.725     255.789   268467   282183   295852          268467          282183          295852 0.960514  3245.47       0.254339
  1.012    -86.3798    -886.543    -296.213     255.992   268244   282183   295645          268244          282183          295645 0.960554  3247.13       0.255263
  1.014    -87.1935     -887.47    -295.701     256.212   268122   282183   295443          268122          282183          295443 0.959926  3248.79       0.256215
  1.016    -88.0035    -888.397    -295.189     256.447   268053   280526   295342          268053          280526          295342 0.95959  3250.46       0.257197
  1.018    -88.8098    -889.325    -294.675     256.699   267915   280526   295171          267915          280526          295171 0.959219  3252.13       0.258208
   1.02    -89.6124    -890.254    -294.162     256.965   267743   280526   294942          267743          280526          294942 0.958677  3253.81       0.259247
  1.022    -90.4114    -891.183    -293.648     257.247   267425   279451   294715          267425          279451          294715 0.95915  3255.51       0.260315
  1.024    -91.2067    -892.112    -293.133     257.544   267342   279451   294603          267342          279451          294603 0.958836   3257.2       0.261411
  1.026    -91.9983    -893.043    -292.617     257.855   267285   279451   294395          267285          279451          294395 0.957666  3258.91       0.262535
  1.028    -92.7864    -893.973    -292.101     258.181   267037   279451   294311          267037          279451          294311 0.958584  3260.63       0.263687
   1.03    -93.5709    -894.905    -291.585     258.521   266906   279451   294160          266906          279451          294160 0.958247  3262.35       0.264865
  1.032    -94.3518    -895.836    -291.067     258.875   266739   279451   294046          266739          279451          294046 0.95838  3264.08       0.266071
  1.034    -95.1292    -896.769    -290.549     259.242   266612   279451   293970          266612          279451          293970 0.958464  3265.82       0.267303
  1.036    -95.9031    -897.701     -290.03     259.623   266381   279451   293648          266381          279451          293648 0.957591  3267.57        0.26856
  1.038    -96.6734    -898.635    -289.511     260.016   266024   279451   293474          266024          279451          293474 0.958634  3269.33       0.269842
   1.04    -97.4403    -899.569     -288.99     260.421   265966   279451   293360          265966          279451          293360 0.958057   3271.1       0.271149
  1.042    -98.2037    -900.503    -288.469     260.838   265741   279451   293242          265741          279451          293242 0.958568  3272.88        0.27248
  1.044    -98.9637    -901.438    -287.947     261.267   265518   279451   293095          265518          279451          293095 0.958859  3274.67       0.273834
  1.046    -99.7202    -902.374    -287.424     261.707   265401   279451   293012          265401          279451          293012 0.958873  3276.47       0.275209
  1.048    -100.473     -903.31      -286.9     262.157   265252   279451   292916          265252          279451          292916 0.958968  3278.28       0.276607
   1.05    -101.223    -904.246    -286.375     262.617   265110   279451   292823          265110          279451          292823 0.959006   3280.1       0.278025
  1.052     -101.97    -905.184     -285.85     263.087   264540   279451   292765          264540          279451          292765 0.962187  3281.93       0.279462
  1.054    -102.713    -906.121    -285.323     263.566   264172   279451   292686          264172          279451          292686 0.96393  3283.77       0.280918
  1.056    -103.452     -907.06    -284.795     264.054   264063   279451   292527          264063          279451          292527 0.963432  3285.62       0.282393
  1.058    -104.189    -907.998    -284.267     264.549   263853   279451   292361          263853          279451          292361 0.963571  3287.48       0.283883
   1.06    -104.922    -908.938    -283.737     265.052   263720   279191   292019          263720          279191          292019 0.962081  3289.35        0.28539
  1.062    -105.652    -909.878    -283.206     265.562   263522   279191   291922          263522          279191          291922 0.962634  3291.23       0.286911
  1.064    -106.378    -910.818    -282.675     266.078   263424   279191   291845          263424          279191          291845 0.962639  3293.13       0.288446
  1.066    -107.102    -911.759    -282.142       266.6   262972   279191   291534          262972          279191          291534 0.963452  3295.03       0.289993
  1.068    -107.822    -912.701    -281.608     267.127   262858   279191   291446          262858          279191          291446 0.963595  3296.95       0.291551
   1.07    -108.539    -913.643    -281.074     267.659   262747   279191   291315          262747          279191          291315 0.963406  3298.88       0.293119
  1.072    -109.252    -914.585    -280.538     268.194   262530   279191   291205          262530          279191          291205 0.96402  3300.82       0.294696
  1.074    -109.963    -915.529    -280.001     268.733   262354   279191   291133          262354          279191          291133 0.964603  3302.77        0.29628
  1.076     -110.67    -916.472    -279.463     269.275   262170   279191   291024          262170          279191          291024 0.964982  3304.73       0.297871
  1.078    -111.374    -917.417    -278.924     269.819   262058   279191   290963          262058          279191          290963 0.965192   3306.7       0.299467
   1.08    -112.076    -918.362    -278.384     270.364   261895   279191   290875          261895          279191          290875 0.965518  3308.69       0.301066
  1.082    -112.774    -919.307    -277.842     270.909   261765   279191   290734          261765          279191          290734 0.965303  3310.69       0.302668
  1.084    -113.468    -920.253      -277.3     271.455   261647   279191   290650          261647          279191          290650 0.965341   3312.7        0.30427
  1.086     -114.16    -921.199    -276.756     272.001   261479   279191   290545          261479          279191          290545 0.965541  3314.72       0.305872
  1.088    -114.849    -922.147    -276.212     272.545   261312   279191   290418          261312          279191          290418 0.96557  3316.75       0.307473
   1.09    -115.535    -923.094    -275.666     273.088   261055   279191   290353          261055          279191          290353 0.966503   3318.8        0.30907
  1.092    -116.218    -924.042     -275.12     273.628   260909   276707   290314          260909          276707          290314 0.966909  3320.86       0.310663
  1.094    -116.897    -924.991    -274.572     274.166   260817   276707   290244          260817          276707          290244 0.966782  3322.93       0.312251
  1.096    -117.574    -925.941    -274.023     274.699   260376   276707   290096          260376          276707          290096 0.96825  3325.01       0.313831
  1.098    -118.248    -926.891    -273.473     275.229   260093   273867   289971          260093          273867          289971 0.968969   3327.1       0.315403
    1.1    -118.918    -927.841    -272.922     275.753   260014   273867   289774          260014          273867          289774 0.968117  3329.21       0.316965
  1.102    -119.586    -928.792     -272.37     276.272   259718   273867   289592          259718          273867          289592 0.968649  3331.32       0.318516
  1.104    -120.251    -929.744    -271.817     276.785   259652   273867   289524          259652          273867          289524 0.968482  3333.45       0.320055
  1.106    -120.913    -930.696    -271.263     277.292   259265   273867   289363          259265          273867          289363 0.969677  3335.59        0.32158
  1.108    -121.572    -931.649    -270.708     277.791   259068   273867   289254          259068          273867          289254 0.970103  3337.74        0.32309
