# n_walkers  560  n_cull  1  simple log(alpha)  -0.001784121793501292
#   T     log_Z(T)      F(T)        U(T)       Cvp(T)    low_pct_i(T) mode_i(T) high_pct_i(T) low_pct_iter(T)  mode_iter(T)   high_pct_iter(T) Z_fract(T)   V(T)   thermal_exp(T)
   0.01     57739.3    -587.626    -586.385     120.972   569963   570012   570012          569963          570012          570012 0.915291  1721.37      -0.128212
  0.012     47946.2    -587.634    -586.143     120.966   569955   570012   570012          569955          570012          570012 0.905329  1720.93      -0.124357
  0.014     40951.2    -587.643    -585.901     120.958   569943   570012   570012          569943          570012          570012 0.913382  1720.52      -0.114279
  0.016     35704.9    -587.652    -585.659     120.954   569932   570012   570012          569932          570012          570012 0.91961  1720.14      -0.103283
  0.018     31624.5    -587.661    -585.418     120.956   569919   570012   570012          569919          570012          570012 0.930479  1719.81     -0.0929694
   0.02     28360.2    -587.671    -585.176     120.965   569912   570012   570012          569912          570012          570012 0.928539   1719.5     -0.0837034
  0.022     25689.4     -587.68    -584.934      120.98   569904   570012   570012          569904          570012          570012 0.928335  1719.23     -0.0754581
  0.024     23463.8     -587.69    -584.692     120.999   569896   570012   570012          569896          570012          570012 0.928094  1718.98     -0.0681076
  0.026     21580.5      -587.7     -584.45     121.023   569885   570012   570012          569885          570012          570012 0.933028  1718.76     -0.0615218
  0.028     19966.3     -587.71    -584.208     121.049   569878   570012   570012          569878          570012          570012 0.93026  1718.56     -0.0555921
   0.03     18567.4     -587.72    -583.965     121.076   569872   570012   570012          569872          570012          570012 0.925982  1718.38     -0.0502334
  0.032     17343.3    -587.731    -583.723     121.105   569865   570012   570012          569865          570012          570012 0.922819  1718.21     -0.0453798
  0.034     16263.2    -587.741    -583.481     121.135   569858   570012   570012          569858          570012          570012 0.918792  1718.06      -0.040979
  0.036     15303.1    -587.752    -583.239     121.165   569851   570012   570012          569851          570012          570012 0.914694  1717.93     -0.0369878
  0.038     14444.1    -587.762    -582.996     121.195   569840   570012   570012          569840          570012          570012 0.91528  1717.81     -0.0333695
   0.04       13671    -587.773    -582.754     121.225   569829   570012   570012          569829          570012          570012 0.916159   1717.7     -0.0300915
  0.042     12971.6    -587.784    -582.511     121.254   569822   570012   570012          569822          570012          570012 0.912021   1717.6     -0.0271241
  0.044     12335.7    -587.796    -582.269     121.284   569815   570012   570012          569815          570012          570012 0.907491  1717.51     -0.0244401
  0.046     11755.1    -587.807    -582.026     121.313   569806   570012   570012          569806          570012          570012 0.905014  1717.43     -0.0220142
  0.048     11222.9    -587.818    -581.784     121.342   569795   570012   570012          569795          570012          570012 0.904144  1717.36     -0.0198231
   0.05     10733.3     -587.83    -581.541     121.371   569787   570012   570012          569787          570012          570012 0.900387   1717.3     -0.0178448
  0.052     10281.3    -587.841    -581.298       121.4   569770   570012   570012          569770          570012          570012 0.904724  1717.24     -0.0160595
  0.054     9862.87    -587.853    -581.055     121.428   569756   570012   570012          569756          570012          570012 0.90665  1717.19     -0.0144486
  0.056     9474.28    -587.865    -580.812     121.457   569746   570012   570012          569746          570012          570012 0.904984  1717.14     -0.0129953
  0.058      9112.5    -587.877     -580.57     121.485   569730   570012   570012          569730          570012          570012 0.908208   1717.1     -0.0116844
   0.06     8774.84    -587.889    -580.327     121.513   569724   570012   570012          569724          570012          570012 0.903467  1717.06     -0.0105018
  0.062     8458.97    -587.901    -580.083     121.542   569710   570012   570012          569710          570012          570012 0.904507  1717.03    -0.00943496
  0.064     8162.84    -587.913     -579.84      121.57   569698   570012   570012          569698          570012          570012 0.903928  1716.99    -0.00847257
  0.066     7884.66    -587.925    -579.597     121.598   569689   570012   570012          569689          570012          570012 0.901251  1716.97    -0.00760438
  0.068     7622.84    -587.938    -579.354     121.626   569676   570012   570012          569676          570012          570012 0.900903  1716.94    -0.00682122
   0.07     7375.99     -587.95    -579.111     121.655   569661   570012   570012          569661          570012          570012 0.90182  1716.92    -0.00611484
  0.072     7142.85    -587.963    -578.867     121.683   569646   570012   570012          569646          570012          570012 0.902753   1716.9    -0.00547783
  0.074     6922.32    -587.976    -578.624     121.711   569630   570012   570012          569630          570012          570012 0.903902  1716.88    -0.00490354
  0.076     6713.39    -587.989    -578.381      121.74   569621   570012   570012          569621          570012          570012 0.90107  1716.87    -0.00438603
  0.078     6515.18    -588.001    -578.137     121.768   569606   570012   570012          569606          570012          570012 0.901524  1716.85    -0.00391994
   0.08     6326.88    -588.014    -577.893     121.797   569584   570012   570012          569584          570012          570012 0.905698  1716.84    -0.00350047
  0.082     6147.76    -588.027     -577.65     121.826   569569   570012   570012          569569          570012          570012 0.906174  1716.83     -0.0031233
  0.084     5977.18    -588.041    -577.406     121.855   569550   570012   570012          569550          570012          570012 0.908487  1716.82    -0.00278455
  0.086     5814.53    -588.054    -577.162     121.884   569542   570012   570012          569542          570012          570012 0.905259  1716.81    -0.00248072
  0.088     5659.28    -588.067    -576.919     121.914   569533   570012   570012          569533          570012          570012 0.902392   1716.8    -0.00220869
   0.09     5510.93    -588.081    -576.675     121.944   569522   570012   570012          569522          570012          570012 0.900234  1716.79    -0.00196562
  0.092     5369.03    -588.094    -576.431     121.974   569507   570012   570012          569507          570012          570012 0.899811  1716.79    -0.00174897
  0.094     5233.16    -588.108    -576.187     122.005   569491   570012   570012          569491          570012          570012 0.899687  1716.78    -0.00155644
  0.096     5102.96    -588.121    -575.943     122.037   569476   570012   570012          569476          570012          570012 0.89902  1716.78    -0.00138596
  0.098     4978.08    -588.135    -575.699     122.069   569464   570012   570012          569464          570012          570012 0.897042  1716.77    -0.00123567
    0.1     4858.19    -588.149    -575.455     122.101   569445   570012   570012          569445          570012          570012 0.897721  1716.77    -0.00110388
  0.102        4743    -588.163     -575.21     122.135   569429   570012   570012          569429          570012          570012 0.897119  1716.76   -0.000989092
  0.104     4632.25    -588.177    -574.966     122.169   569415   570012   570012          569415          570012          570012 0.895683  1716.76   -0.000889929
  0.106     4525.67    -588.191    -574.722     122.203   569398   570012   570012          569398          570012          570012 0.895268  1716.76   -0.000805165
  0.108     4423.04    -588.205    -574.477     122.239   569377   570012   570012          569377          570012          570012 0.896203  1716.76   -0.000733693
   0.11     4324.15     -588.22    -574.233     122.276   569355   570012   570012          569355          570012          570012 0.897413  1716.75   -0.000674517
  0.112     4228.79    -588.234    -573.988     122.314   569329   570012   570012          569329          570012          570012 0.899925  1716.75   -0.000626741
  0.114     4136.77    -588.248    -573.743     122.352   569311   570012   570012          569311          570012          570012 0.899591  1716.75   -0.000589561
  0.116     4047.93    -588.263    -573.499     122.392   569293   570012   570012          569293          570012          570012 0.899237  1716.75   -0.000562253
  0.118      3962.1    -588.277    -573.254     122.434   569261   570012   570012          569261          570012          570012 0.903183  1716.75   -0.000544172
   0.12     3879.13    -588.292    -573.009     122.476   569230   570012   570012          569230          570012          570012 0.906758  1716.74   -0.000534736
  0.122     3798.88    -588.307    -572.764      122.52   569210   570012   570012          569210          570012          570012 0.906963  1716.74   -0.000533429
  0.124     3721.23    -588.322    -572.519     122.565   569185   570012   570012          569185          570012          570012 0.908546  1716.74   -0.000539788
  0.126     3646.04    -588.337    -572.274     122.612   569157   570012   570012          569157          570012          570012 0.910856  1716.74   -0.000553401
  0.128     3573.19    -588.352    -572.028      122.66   569139   570012   570012          569139          570012          570012 0.910295  1716.74   -0.000573904
   0.13      3502.6    -588.367    -571.783      122.71   569117   570012   570012          569117          570012          570012 0.91073  1716.73   -0.000600972
  0.132     3434.14    -588.382    -571.538     122.762   569105   570012   570012          569105          570012          570012 0.908448  1716.73   -0.000634318
  0.134     3367.72    -588.397    -571.292     122.816   569082   570012   570012          569082          570012          570012 0.908859  1716.73   -0.000673691
  0.136     3303.26    -588.412    -571.046     122.871   569058   570012   570012          569058          570012          570012 0.909402  1716.73   -0.000718869
  0.138     3240.67    -588.428    -570.801     122.929   569035   570012   570012          569035          570012          570012 0.909579  1716.72   -0.000769657
   0.14     3179.86    -588.443    -570.555     122.988   569010   570012   570012          569010          570012          570012 0.910176  1716.72   -0.000825886
  0.142     3120.78    -588.459    -570.309      123.05   568996   570011   570012          568996          570011          570012 0.908096  1716.72   -0.000887408
  0.144     3063.33    -588.475    -570.062     123.114   568959   570011   570012          568959          570011          570012 0.911096  1716.72   -0.000954094
  0.146     3007.45     -588.49    -569.816      123.18   568943   570011   570012          568943          570011          570012 0.909329  1716.71    -0.00102583
  0.148     2953.09    -588.506     -569.57     123.249   568916   570011   570012          568916          570011          570012 0.90982  1716.71    -0.00110253
   0.15     2900.18    -588.522    -569.323      123.32   568901   570011   570012          568901          570011          570012 0.907661  1716.71     -0.0011841
  0.152     2848.66    -588.538    -569.076     123.394   568874   570011   570012          568874          570011          570012 0.907869   1716.7    -0.00127047
  0.154     2798.48    -588.554     -568.83      123.47   568835   570011   570012          568835          570011          570012 0.910359   1716.7    -0.00136157
  0.156     2749.59    -588.571    -568.582      123.55   568812   570011   570012          568812          570011          570012 0.909646  1716.69    -0.00145736
  0.158     2701.93    -588.587    -568.335     123.632   568783   570011   570012          568783          570011          570012 0.909908  1716.69    -0.00155777
   0.16     2655.47    -588.603    -568.088     123.717   568762   570011   570012          568762          570011          570012 0.908536  1716.68    -0.00166276
  0.162     2610.15     -588.62     -567.84     123.806   568728   570011   570012          568728          570011          570012 0.909475  1716.67    -0.00177229
  0.164     2565.94    -588.636    -567.593     123.897   568690   570011   570012          568690          570011          570012 0.910948  1716.67    -0.00188632
  0.166      2522.8    -588.653    -567.345     123.992   568674   570011   570012          568674          570011          570012 0.908463  1716.66     -0.0020048
  0.168     2480.68     -588.67    -567.097     124.091   568648   570011   570012          568648          570011          570012 0.907496  1716.65    -0.00212769
   0.17     2439.56    -588.687    -566.848     124.194   568616   570011   570012          568616          570011          570012 0.907407  1716.65    -0.00225495
  0.172     2399.39    -588.704      -566.6       124.3   568602   570011   570012          568602          570011          570012 0.904268  1716.64    -0.00238652
  0.174     2360.15    -588.721    -566.351      124.41   568571   570011   570012          568571          570011          570012 0.903678  1716.63    -0.00252237
  0.176      2321.8    -588.738    -566.102     124.525   568546   570011   570012          568546          570011          570012 0.902022  1716.62    -0.00266243
  0.178     2284.31    -588.755    -565.853     124.644   568502   570011   570012          568502          570011          570012 0.903019  1716.61    -0.00280665
   0.18     2247.66    -588.773    -565.604     124.768   568466   570011   570012          568466          570011          570012 0.902735   1716.6    -0.00295497
  0.182     2211.81     -588.79    -565.354     124.897   568443   570011   570012          568443          570011          570012 0.900424  1716.59    -0.00310732
  0.184     2176.74    -588.808    -565.104     125.031   568406   570011   570012          568406          570011          570012 0.899929  1716.58    -0.00326363
  0.186     2142.43    -588.825    -564.854      125.17   568359   570011   570012          568359          570011          570012 0.900637  1716.57    -0.00342383
  0.188     2108.84    -588.843    -564.603     125.315   568320   570009   570012          568320          570009          570012 0.900136  1716.56    -0.00358784
   0.19     2075.97    -588.861    -564.353     125.467   568265   570009   570012          568265          570009          570012 0.901532  1716.55    -0.00375557
  0.192     2043.78    -588.879    -564.102     125.624   568235   570009   570012          568235          570009          570012 0.899627  1716.53    -0.00392694
  0.194     2012.25    -588.897     -563.85     125.789   568176   570009   570012          568176          570009          570012 0.901097  1716.52    -0.00410187
  0.196     1981.37    -588.916    -563.598     125.961   568134   570009   570012          568134          570009          570012 0.900409   1716.5    -0.00428026
  0.198     1951.11    -588.934    -563.346      126.14   568099   570009   570012          568099          570009          570012 0.898725  1716.49    -0.00446204
    0.2     1921.46    -588.953    -563.094     126.328   568052   570009   570012          568052          570009          570012 0.898212  1716.47     -0.0046471
  0.202      1892.4    -588.971    -562.841     126.525   567978   570009   570012          567978          570009          570012 0.900514  1716.46    -0.00483538
  0.204      1863.9     -588.99    -562.588     126.732   567942   570009   570012          567942          570009          570012 0.898566  1716.44    -0.00502678
  0.206     1835.96    -589.009    -562.334     126.948   567897   570009   570012          567897          570009          570012 0.897372  1716.42    -0.00522123
  0.208     1808.56    -589.028     -562.08     127.176   567842   570009   570012          567842          570009          570012 0.89698   1716.4    -0.00541868
   0.21     1781.68    -589.047    -561.825     127.416   567716   570009   570012          567716          570009          570012 0.90368  1716.39    -0.00561905
  0.212     1755.31    -589.066     -561.57     127.668   567682   570009   570012          567682          570009          570012 0.901088  1716.37    -0.00582231
  0.214     1729.44    -589.086    -561.315     127.935   567603   570009   570012          567603          570009          570012 0.902682  1716.35    -0.00602842
  0.216     1704.04    -589.106    -561.059     128.217   567529   570009   570012          567529          570009          570012 0.903552  1716.32    -0.00623737
  0.218     1679.11    -589.125    -560.802     128.515   567423   570009   570012          567423          570009          570012 0.907256   1716.3    -0.00644914
   0.22     1654.63    -589.145    -560.544     128.832   567358   570009   570012          567358          570009          570012 0.906996  1716.28    -0.00666376
  0.222      1630.6    -589.165    -560.286     129.169   567322   570009   570012          567322          570009          570012 0.904034  1716.26    -0.00688125
  0.224     1606.99    -589.186    -560.028     129.527   567231   570009   570012          567231          570009          570012 0.905432  1716.23    -0.00710166
  0.226      1583.8    -589.206    -559.768      129.91   567153   570001   570012          567153          570001          570012 0.905673  1716.21    -0.00732505
  0.228     1561.02    -589.227    -559.508     130.319   567102   570001   570012          567102          570001          570012 0.903439  1716.18     -0.0075515
   0.23     1538.64    -589.247    -559.247     130.758   566960   570001   570012          566960          570001          570012 0.907971  1716.16    -0.00778107
  0.232     1516.65    -589.268    -558.985     131.229   566872   570001   570012          566872          570001          570012 0.90826  1716.13    -0.00801385
  0.234     1495.03    -589.289    -558.722     131.737   566800   570001   570012          566800          570001          570012 0.907095   1716.1    -0.00824989
  0.236     1473.78    -589.311    -558.458     132.285   566716   570001   570012          566716          570001          570012 0.906526  1716.07    -0.00848921
  0.238     1452.88    -589.332    -558.193     132.878   566577   570001   570012          566577          570001          570012 0.909513  1716.04    -0.00873178
   0.24     1432.34    -589.354    -557.927     133.523   566508   570001   570012          566508          570001          570012 0.907495  1716.01    -0.00897749
  0.242     1412.14    -589.376    -557.659     134.224   566385   570001   570012          566385          570001          570012 0.908737  1715.98    -0.00922606
  0.244     1392.27    -589.398     -557.39      134.99   566262   569974   570012          566262          569974          570012 0.909713  1715.95    -0.00947706
  0.246     1372.72    -589.421    -557.119     135.828   566178   569974   570012          566178          569974          570012 0.907769  1715.92    -0.00972976
  0.248     1353.49    -589.444    -556.846      136.75   566113   569974   570012          566113          569974          570012 0.904347  1715.88    -0.00998308
   0.25     1334.56    -589.467    -556.572     137.766   565993   569974   570012          565993          569974          570012 0.903652  1715.85     -0.0102354
  0.252     1315.94     -589.49    -556.295     138.889   565851   569974   570012          565851          569974          570012 0.903762  1715.81     -0.0104845
  0.254     1297.62    -589.514    -556.016     140.137   565744   569974   570012          565744          569974          570012 0.901503  1715.78     -0.0107272
  0.256     1279.58    -589.538    -555.734     141.527   565519   569974   570012          565519          569974          570012 0.905051  1715.74     -0.0109589
  0.258     1261.82    -589.562     -555.45     143.082   565421   569974   570012          565421          569974          570012 0.90161   1715.7     -0.0111738
   0.26     1244.34    -589.586    -555.162      144.83   565301   569974   570012          565301          569974          570012 0.898595  1715.66     -0.0113634
  0.262     1227.12    -589.611     -554.87     146.802   565132   569974   570012          565132          569974          570012 0.897343  1715.62     -0.0115166
  0.264     1210.17    -589.637    -554.575      149.04   565006   569974   570012          565006          569974          570012 0.893384  1715.58     -0.0116181
  0.266     1193.47    -589.663    -554.274     151.591   564835   569974   570012          564835          569974          570012 0.890683  1715.54     -0.0116472
  0.268     1177.03    -589.689    -553.968     154.517   564593   569974   570012          564593          569974          570012 0.890246   1715.5     -0.0115759
   0.27     1160.83    -589.716    -553.656     157.896   564367   569974   570012          564367          569974          570012 0.888194  1715.46      -0.011366
  0.272     1144.87    -589.743    -553.336     161.823   564204   569974   570012          564204          569974          570012 0.882746  1715.43     -0.0109655
  0.274     1129.15    -589.771    -553.008     166.427   564111   569974   570012          564111          569974          570012 0.873517  1715.39     -0.0103026
  0.276     1113.65      -589.8     -552.67      171.87   563813   569974   570012          563813          569974          570012 0.870358  1715.36    -0.00927867
  0.278     1098.39    -589.829     -552.32     178.372   563425   569974   570012          563425          569974          570012 0.868848  1715.33    -0.00775625
   0.28     1083.34     -589.86    -551.955     186.224   563060   569974   570012          563060          569974          570012 0.86506   1715.3    -0.00554342
  0.282     1068.51    -589.891    -551.574     195.823   562584   569974   570012          562584          569974          570012 0.86274  1715.29    -0.00237013
  0.284     1053.89    -589.923    -551.171     207.711   562179   569974   570012          562179          569974          570012 0.856678  1715.29     0.00214555
  0.286     1039.48    -589.957    -550.741     222.635   561557   569917   570012          561557          569917          570012 0.853937  1715.31     0.00854596
  0.288     1025.28    -589.992    -550.277     241.632   560814   569917   570012          560814          569917          570012 0.85196  1715.35      0.0176023
   0.29     1011.28    -590.028    -549.771     266.131   560181   569917   570012          560181          569917          570012 0.843625  1715.43      0.0304086
  0.292     997.476    -590.067    -549.208     298.088   559039   569917   570012          559039          569917          570012 0.843051  1715.56      0.0485039
  0.294     983.869    -590.108    -548.572     340.123   557760   569917   570012          557760          569917          570012 0.840568  1715.77      0.0740152
  0.296     970.456    -590.153    -547.838     395.605   556099   569917   570012          556099          569917          570012 0.839923  1716.08       0.109789
  0.298     957.236      -590.2    -546.978     468.579   554868   569917   570012          554868          569917          570012 0.824073  1716.54       0.159426
    0.3     944.208    -590.253     -545.95     563.271   552056   569917   570012          552056          569917          570012 0.824876   1717.2       0.227038
  0.302     931.372    -590.312    -544.708     682.867   549513   569917   570012          549513          569917          570012 0.811586  1718.13       0.316439
  0.304     918.729    -590.378    -543.202     827.201   545564   569917   570012          545564          569917          570012 0.799826   1719.4       0.429421
  0.306     906.283    -590.453    -541.387     989.538   528523   569917   570012          528523          569917          570012 0.897951   1721.1       0.563083
  0.308     894.034     -590.54    -539.242     1153.81   520597   569917   570012          520597          569917          570012 0.919642  1723.29       0.707085
   0.31     881.988     -590.64    -536.787     1295.26   509671   569917   570012          509671          569917          570012 0.966752  1725.97       0.843091
  0.312     870.143    -590.755    -534.094     1387.11   504073   569917   570012          504073          569917          570012 0.97822  1729.08       0.948991
  0.314     858.502    -590.887    -531.283     1411.83   498949   569917   570012          498949          569917          570012 0.986114  1732.48        1.00754
  0.316     847.059    -591.034    -528.492     1369.84   494972   529406   570012          494972          529406          570012 0.990522     1736        1.01433
  0.318      835.81    -591.198    -525.837     1278.64   493874   512695   570012          493874          512695          570012 0.988015  1739.47       0.979023
   0.32     824.748    -591.376    -523.393     1163.49   492686   512695   570012          492686          512695          570012 0.985234  1742.78       0.919338
  0.322     813.863    -591.567    -521.184     1047.06   491465   512695   570012          491465          512695          570012 0.982052  1745.87       0.853044
  0.324     803.148     -591.77    -519.196     944.053   490145   512695   551150          490145          512695          551150 0.933246  1748.75       0.792982
  0.326     792.596    -591.983    -517.394     861.069   489028   512660   543121          489028          512660          543121 0.922189  1751.44       0.746121
  0.328       782.2    -592.205    -515.737      799.14   486390   510200   539996          486390          510200          539996 0.929644  1753.99        0.71495
   0.33     771.955    -592.435    -514.185      756.39   483475   510178   537940          483475          510178          537940 0.938945  1756.47       0.699331
  0.332     761.857    -592.673    -512.701     729.877   480913   510178   536010          480913          510178          536010 0.944716  1758.92       0.697909
  0.334     751.903    -592.918    -511.256     716.546   476412   510178   533452          476412          510178          533452 0.954194   1761.4       0.708885
  0.336     742.087    -593.171    -509.828     713.573   473963   504128   531924          473963          504128          531924 0.960008  1763.93       0.730338
  0.338      732.41    -593.431    -508.397     718.412   472496   504128   530432          472496          504128          530432 0.961253  1766.56       0.760281
   0.34     722.866    -593.697     -506.95     728.718   470113   497614   528840          470113          497614          528840 0.964379  1769.31       0.796618
  0.342     713.456    -593.971     -505.48      742.28   468449   497614   526512          468449          497614          526512 0.962655   1772.2       0.837117
  0.344     704.175    -594.252    -503.981     757.009   466298   497614   523641          466298          497614          523641 0.96136  1775.25       0.879446
  0.346     695.024    -594.541    -502.452         771   464628   497614   521853          464628          497614          521853 0.96142  1778.45       0.921301
  0.348     685.999    -594.837    -500.898     782.649   462853   496842   520762          462853          496842          520762 0.962991   1781.8        0.96061
   0.35       677.1    -595.141    -499.324     790.785   459395   496842   518925          459395          496842          518925 0.966991  1785.29       0.995765
  0.352     668.323    -595.452    -497.738     794.781   456553   496842   518055          456553          496842          518055 0.972517   1788.9        1.02583
  0.354     659.667    -595.771    -496.148     794.593   455212   478415   516093          455212          478415          516093 0.970245  1792.62        1.05065
  0.356     651.129    -596.098    -494.562     790.716   453102   477197   514114          453102          477197          514114 0.970289  1796.43        1.07082
  0.358     642.709    -596.432    -492.987     784.054   452046   476412   512812          452046          476412          512812 0.969039  1800.31         1.0876
   0.36     634.402    -596.773    -491.427     775.747   451178   476412   510605          451178          476412          510605 0.963702  1804.26        1.10264
  0.362     626.207    -597.122    -489.884     766.997   449662   474209   507408          449662          474209          507408 0.956915  1808.27        1.11779
  0.364     618.122    -597.478    -488.358     758.905   448085   474209   505890          448085          474209          505890 0.956164  1812.35        1.13485
  0.366     610.144    -597.841    -486.847      752.38   444695   474209   503373          444695          474209          503373 0.957948   1816.5        1.15551
  0.368     602.272    -598.211    -485.347     748.088   441829   474209   501676          441829          474209          501676 0.962073  1820.75        1.18123
   0.37     594.504    -598.588    -483.853     746.464   439586   474209   499735          439586          474209          499735 0.963789  1825.11        1.21338
  0.372     586.837    -598.972     -482.36      747.76   438157   469432   498289          438157          469432          498289 0.964112  1829.62        1.25336
  0.374      579.27    -599.362     -480.86     752.117   436742   466448   496532          436742          466448          496532 0.962609   1834.3        1.30287
  0.376     571.802    -599.759    -479.349     759.657   435161   466448   493951          435161          466448          493951 0.958606  1839.19        1.36427
  0.378     564.431    -600.163    -477.819     770.578   432674   458291   490919          432674          458291          490919 0.9564  1844.35        1.44102
   0.38     557.155    -600.574    -476.264     785.247   430055   458291   487992          430055          458291          487992 0.955135  1849.85        1.53824
  0.382     549.974    -600.992    -474.675     804.286   428488   458291   486412          428488          458291          486412 0.95366  1855.77        1.66336
  0.384     542.887    -601.417    -473.043     828.637   425996   453263   485058          425996          453263          485058 0.95394  1862.25        1.82678
  0.386     535.892    -601.849    -471.356     859.596   423346   453263   483263          423346          453263          483263 0.951911  1869.45        2.04242
  0.388     528.989    -602.289      -469.6     898.773   420012   453263   481567          420012          453263          481567 0.951957  1877.61        2.32797
   0.39     522.177    -602.737    -467.755     947.956   416135   453263   479973          416135          453263          479973 0.952877  1887.05        2.70428
  0.392     515.457    -603.194      -465.8      1008.8   412740   453263   479069          412740          453263          479069 0.952635  1898.17        3.19322
  0.394     508.828    -603.659    -463.711     1082.31   408956   441831   477916          408956          441831          477916 0.950495  1911.48        3.81327
  0.396      502.29    -604.135    -461.463     1168.01   403334   440663   476412          403334          440663          476412 0.951991  1927.53        4.57214
  0.398     495.845    -604.621    -459.033     1263.01   393726   440663   474337          393726          440663          474337 0.964349  1946.92        5.45681
    0.4     489.493    -605.118    -456.408     1361.14   387004   440663   472008          387004          440663          472008 0.973372  1970.17        6.42361
  0.402     483.235    -605.628    -453.592      1452.7   384769   439929   470304          384769          439929          470304 0.975325   1997.6        7.39322
  0.404     477.072    -606.151     -450.61     1525.49   381929   439929   468149          381929          439929          468149 0.978457  2029.16        8.25712
  0.406     471.004    -606.688    -447.511     1567.23   379648   439445   466671          379648          439445          466671 0.982498  2064.37        8.89871
  0.408      465.03    -607.239    -444.368     1569.01   378099   439445   464465          378099          439445          464465 0.984292  2102.25        9.22452
   0.41     459.149    -607.805    -441.264     1528.09   376794   393828   461140          376794          393828          461140 0.984132  2141.45         9.1922
  0.412     453.358    -608.384    -438.281     1448.88   376412   389328   458173          376412          389328          458173 0.982861  2180.49        8.82154
  0.414     447.654    -608.976    -435.487     1341.39   376213   389328   453503          376213          389328          453503 0.977431  2217.97        8.18345
  0.416     442.034     -609.58    -432.926     1218.07   375808   389328   446919          375808          389328          446919 0.968074  2252.79        7.37471
  0.418     436.492    -610.194    -430.618     1090.72   375447   389328   443505          375447          389328          443505 0.966844  2284.25        6.49153
   0.42     431.026    -610.818     -428.56     968.431   375103   387493   435278          375103          387493          435278 0.947693  2312.06        5.61173
  0.422      425.63     -611.45    -426.737     856.963   374797   387493   430680          374797          387493          430680 0.944949   2336.2        4.78801
  0.424     420.302    -612.088    -425.123     759.065   374507   387493   424580          374507          387493          424580 0.935812   2356.9        4.04948
  0.426     415.038    -612.733    -423.691     675.303   374162   387493   421086          374162          387493          421086 0.936187   2374.5        3.40721
  0.428     409.836    -613.383    -422.413      604.89   374069   387493   417773          374069          387493          417773 0.934431  2389.39        2.86041
   0.43     404.692    -614.038    -421.263     546.357   373785   387471   414758          373785          387471          414758 0.932916  2401.97         2.4016
  0.432     399.606    -614.696    -420.221     498.002   373451   387471   411414          373451          387471          411414 0.929544  2412.58        2.02032
  0.434     394.574    -615.358    -419.266     458.158   373150   387338   409410          373150          387338          409410 0.931448  2421.56        1.70536
  0.436     389.595    -616.023    -418.383     425.322   372767   387338   407636          372767          387338          407636 0.933678  2429.19        1.44606
  0.438     384.669    -616.691    -417.561     398.201   372528   387338   406863          372528          387338          406863 0.939215  2435.68        1.23291
   0.44     379.793    -617.362    -416.787     375.721   372354   386793   406230          372354          386793          406230 0.9436  2441.26        1.05772
  0.442     374.966    -618.035    -416.055     357.004   371996   386793   404212          371996          386793          404212 0.940516  2446.06       0.913607
  0.444     370.188     -618.71    -415.357     341.341   371586   386179   403682          371586          386179          403682 0.945452  2450.24       0.794894
  0.446     365.457    -619.387    -414.688     328.163   371153   383240   402443          371153          383240          402443 0.945976  2453.89       0.696918
  0.448     360.773    -620.066    -414.043     317.014   370958   383240   401561          370958          383240          401561 0.946489   2457.1       0.615882
   0.45     356.134    -620.746    -413.419      307.53   370437   383240   400711          370437          383240          400711 0.948596  2459.96         0.5487
  0.452     351.539    -621.428    -412.812      299.42   369934   382814   400254          369934          382814          400254 0.95238  2462.52       0.492865
  0.454     346.989    -622.112    -412.221     292.449   369554   380293   399609          369554          380293          399609 0.953945  2464.83       0.446342
  0.456     342.482    -622.798    -411.642     286.428   369239   380293   398892          369239          380293          398892 0.954482  2466.93       0.407478
  0.458     338.018    -623.485    -411.074     281.206   368831   380293   397947          368831          380293          397947 0.954046  2468.86       0.374924
   0.46     333.595    -624.173    -410.517     276.656   368637   380293   397169          368637          380293          397169 0.953085  2470.64        0.34758
  0.462     329.214    -624.862    -409.967     272.678   368390   380293   396624          368390          380293          396624 0.953791   2472.3       0.324549
  0.464     324.873    -625.553    -409.426     269.189   368080   380293   396197          368080          380293          396197 0.955312  2473.86       0.305091
  0.466     320.572    -626.246     -408.89     266.117   367691   378792   395949          367691          378792          395949 0.958209  2475.33       0.288603
  0.468     316.311    -626.939    -408.361     263.407   367530   378792   395316          367530          378792          395316 0.956862  2476.72       0.274584
   0.47     312.089    -627.634    -407.836     261.009   367407   378792   394820          367407          378792          394820 0.956005  2478.05       0.262623
  0.472     307.904     -628.33    -407.317     258.882   366989   378792   394390          366989          378792          394390 0.957478  2479.33        0.25238
  0.474     303.758    -629.027    -406.801     256.993   366539   378792   394065          366539          378792          394065 0.959769  2480.56       0.243573
  0.476     299.649    -629.725    -406.289     255.311   366407   378792   393570          366407          378792          393570 0.958643  2481.75        0.23597
  0.478     295.577    -630.424    -405.779      253.81   366213   378792   392951          366213          378792          392951 0.957131   2482.9       0.229375
   0.48     291.541    -631.125    -405.273     252.469   365996   378792   392554          365996          378792          392554 0.957175  2484.03       0.223628
  0.482     287.541    -631.826    -404.769     251.267   365672   378792   392084          365672          378792          392084 0.957378  2485.12       0.218595
  0.484     283.576    -632.529    -404.268     250.188   365342   378792   391805          365342          378792          391805 0.958959   2486.2       0.214164
  0.486     279.646    -633.233    -403.769     249.216   365151   376439   391396          365151          376439          391396 0.958532  2487.25       0.210242
  0.488      275.75    -633.938    -403.271     248.338   364919   376439   391180          364919          376439          391180 0.959637  2488.29       0.206752
   0.49     271.889    -634.644    -402.775     247.542   364573   376439   390833          364573          376439          390833 0.96062  2489.31       0.203629
  0.492      268.06     -635.35    -402.281     246.816   364285   376439   390569          364285          376439          390569 0.961727  2490.32       0.200819
  0.494     264.265    -636.058    -401.788     246.151   364072   376439   390260          364072          376439          390260 0.961862  2491.31       0.198278
  0.496     260.503    -636.767    -401.296     245.537   363865   376439   389994          363865          376439          389994 0.962162   2492.3       0.195968
  0.498     256.773    -637.477    -400.806     244.968   363566   376439   389801          363566          376439          389801 0.963598  2493.27       0.193857
    0.5     253.074    -638.188    -400.316     244.434   363285   376439   389609          363285          376439          389609 0.96482  2494.23        0.19192
  0.502     249.408      -638.9    -399.828      243.93   363022   376439   389412          363022          376439          389412 0.965848  2495.18       0.190135
  0.504     245.772    -639.613    -399.341     243.449   362777   376439   389103          362777          376439          389103 0.965924  2496.13       0.188484
  0.506     242.167    -640.327    -398.854     242.986   362509   376439   388801          362509          376439          388801 0.96627  2497.07       0.186951
  0.508     238.592    -641.042    -398.369     242.537   362368   375214   388440          362368          375214          388440 0.965279     2498       0.185523
   0.51     235.047    -641.758    -397.884     242.097   362143   375214   388260          362143          375214          388260 0.966081  2498.92        0.18419
  0.512     231.532    -642.475      -397.4     241.662   361946   375214   388012          361946          375214          388012 0.966143  2499.84       0.182944
  0.514     228.045    -643.193    -396.917      241.23   361822   374242   387787          361822          374242          387787 0.965767  2500.75       0.181775
  0.516     224.588    -643.911    -396.435     240.797   361388   374242   387566          361388          374242          387566 0.967565  2501.66       0.180679
  0.518     221.159    -644.631    -395.954     240.361   361175   374242   387338          361175          374242          387338 0.967798  2502.56       0.179649
   0.52     217.759    -645.352    -395.474     239.921   361092   374242   387024          361092          374242          387024 0.966539  2503.45       0.178681
  0.522     214.386    -646.073    -394.995     239.475   360784   374242   386664          360784          374242          386664 0.966456  2504.35       0.177771
  0.524     211.041    -646.796    -394.516     239.023   360492   374242   386402          360492          374242          386402 0.967009  2505.23       0.176916
  0.526     207.723    -647.519    -394.038     238.564   360165   374242   386214          360165          374242          386214 0.968284  2506.12       0.176114
  0.528     204.431    -648.243    -393.562     238.098   359943   374239   385920          359943          374239          385920 0.968211     2507       0.175361
   0.53     201.167    -648.968    -393.086     237.624   359736   374239   385649          359736          374239          385649 0.968187  2507.88       0.174656
  0.532     197.928    -649.695    -392.611     237.145   359598   368948   385347          359598          368948          385347 0.967483  2508.75       0.173997
  0.534     194.715    -650.421    -392.137     236.659   359479   368948   385033          359479          368948          385033 0.966507  2509.62       0.173382
  0.536     191.528    -651.149    -391.665      236.17   359327   368948   384494          359327          368948          384494 0.96427  2510.49       0.172811
  0.538     188.367    -651.878    -391.193     235.677   359197   368948   384218          359197          368948          384218 0.96361  2511.36       0.172283
   0.54      185.23    -652.607    -390.722     235.182   359048   368948   383966          359048          368948          383966 0.963162  2512.22       0.171796
  0.542     182.118    -653.338    -390.252     234.687   358899   368948   383678          358899          368948          383678 0.962381  2513.09        0.17135
  0.544      179.03    -654.069    -389.783     234.194   358713   368948   383472          358713          368948          383472 0.962368  2513.95       0.170944
  0.546     175.967    -654.801    -389.315     233.704   358434   368948   383256          358434          368948          383256 0.962918   2514.8       0.170578
  0.548     172.927    -655.534    -388.848      233.22   358213   368948   382893          358213          368948          382893 0.96198  2515.66       0.170252
   0.55     169.912    -656.268    -388.382     232.744   358077   368948   382659          358077          368948          382659 0.961362  2516.52       0.169965
  0.552     166.919    -657.002    -387.917     232.276   357846   368948   382403          357846          368948          382403 0.961253  2517.37       0.169718
  0.554      163.95    -657.738    -387.453      231.82   357621   368948   382140          357621          368948          382140 0.961011  2518.23       0.169509
  0.556     161.003    -658.474     -386.99     231.377   357386   368948   381975          357386          368948          381975 0.961524  2519.08        0.16934
  0.558     158.079    -659.211    -386.528      230.95   357052   368948   381733          357052          368948          381733 0.962184  2519.93       0.169209
   0.56     155.177    -659.948    -386.066     230.539   356711   368948   381434          356711          368948          381434 0.962584  2520.79       0.169118
  0.562     152.297    -660.687    -385.606     230.146   356429   366531   381184          356429          366531          381184 0.962907  2521.64       0.169065
  0.564     149.439    -661.426    -385.146     229.774   356246   366531   381022          356246          366531          381022 0.963178  2522.49       0.169052
  0.566     146.603    -662.166    -384.686     229.424   356155   366531   380764          356155          366531          380764 0.961974  2523.34       0.169077
  0.568     143.788    -662.907    -384.228     229.096   356015   366531   380558          356015          366531          380558 0.961463   2524.2       0.169141
   0.57     140.994    -663.649     -383.77     228.793   355713   366531   380352          355713          366531          380352 0.962136  2525.05       0.169244
  0.572     138.221    -664.391    -383.313     228.515   355389   366531   380087          355389          366531          380087 0.962586  2525.91       0.169386
  0.574     135.469    -665.135    -382.856     228.263   355176   366531   379856          355176          366531          379856 0.9625  2526.76       0.169566
  0.576     132.737    -665.878      -382.4     228.038   354964   366531   379671          354964          366531          379671 0.962728  2527.62       0.169784
  0.578     130.025    -666.623    -381.944      227.84   354722   366531   379401          354722          366531          379401 0.962551  2528.48       0.170041
   0.58     127.333    -667.369    -381.488      227.67   354542   366531   379274          354542          366531          379274 0.962995  2529.34       0.170336
  0.582     124.661    -668.115    -381.033     227.528   354422   366531   379049          354422          366531          379049 0.962145   2530.2       0.170667
  0.584     122.009    -668.862    -380.578     227.414   354174   366531   378889          354174          366531          378889 0.962734  2531.07       0.171036
  0.586     119.376    -669.609    -380.123     227.328   353860   366531   378716          353860          366531          378716 0.963792  2531.94       0.171441
  0.588     116.762    -670.358    -379.669      227.27   353658   366531   378351          353658          366531          378351 0.962567  2532.81       0.171882
   0.59     114.167    -671.107    -379.214      227.24   353461   366531   378143          353461          366531          378143 0.962517  2533.68       0.172357
  0.592      111.59    -671.857     -378.76     227.236   353225   364455   377791          353225          364455          377791 0.96171  2534.55       0.172866
  0.594     109.033    -672.607    -378.305     227.259   353146   364455   377585          353146          364455          377585 0.960791  2535.43       0.173408
  0.596     106.494    -673.358    -377.851     227.307   352955   364455   377457          352955          364455          377457 0.961219  2536.31       0.173982
  0.598     103.973     -674.11    -377.396     227.379   352815   364455   377299          352815          364455          377299 0.960973  2537.19       0.174587
    0.6     101.469    -674.863    -376.941     227.475   352491   364455   377146          352491          364455          377146 0.962152  2538.08       0.175222
  0.602     98.9842    -675.617    -376.486     227.594   352137   364455   376933          352137          364455          376933 0.963102  2538.97       0.175884
  0.604     96.5166    -676.371    -376.031     227.733   351957   364455   376798          351957          364455          376798 0.963348  2539.87       0.176573
  0.606     94.0665    -677.126    -375.575     227.893   351816   364455   376605          351816          364455          376605 0.962825  2540.77       0.177287
  0.608     91.6337    -677.881    -375.119      228.07   351290   364455   376458          351290          364455          376458 0.965556  2541.67       0.178024
   0.61     89.2179    -678.637    -374.663     228.265   351214   363202   376109          351214          363202          376109 0.963514  2542.58       0.178783
  0.612     86.8192    -679.394    -374.206     228.476   350983   362690   375929          350983          362690          375929 0.963878  2543.49       0.179562
  0.614     84.4372    -680.152    -373.749       228.7   350747   362690   375658          350747          362690          375658 0.963601   2544.4       0.180358
  0.616     82.0718     -680.91    -373.291     228.937   350525   362690   375511          350525          362690          375511 0.964212  2545.32       0.181171
  0.618     79.7229     -681.67    -372.833     229.184   350363   362690   375275          350363          362690          375275 0.963671  2546.25       0.181997
   0.62     77.3903    -682.429    -372.375      229.44   350199   362690   375140          350199          362690          375140 0.963891  2547.18       0.182835
  0.622     75.0738     -683.19    -371.916     229.704   349960   362690   374929          349960          362690          374929 0.964064  2548.11       0.183683
  0.624     72.7733    -683.951    -371.456     229.973   349767   362690   374742          349767          362690          374742 0.964093  2549.05       0.184538
  0.626     70.4886    -684.713    -370.996     230.247   349555   362690   374527          349555          362690          374527 0.964085  2549.99       0.185398
  0.628     68.2196    -685.476    -370.535     230.523   349304   362690   374370          349304          362690          374370 0.964803  2550.94       0.186261
   0.63     65.9661    -686.239    -370.074       230.8   349111   362690   374184          349111          362690          374184 0.964838  2551.89       0.187125
  0.632      63.728    -687.003    -369.612     231.076   348844   362690   373733          348844          362690          373733 0.963654  2552.85       0.187988
  0.634     61.5051    -687.768    -369.149      231.35   348600   362690   373591          348600          362690          373591 0.964552  2553.81       0.188847
  0.636     59.2973    -688.533    -368.686     231.621   348380   362690   373413          348380          362690          373413 0.964968  2554.78         0.1897
  0.638     57.1045      -689.3    -368.223     231.886   348143   362690   373250          348143          362690          373250 0.965614  2555.75       0.190545
   0.64     54.9264    -690.066    -367.759     232.146   347946   362690   373082          347946          362690          373082 0.965976  2556.73        0.19138
  0.642      52.763    -690.834    -367.294     232.397   347753   360142   372927          347753          360142          372927 0.96638  2557.71       0.192203
  0.644     50.6142    -691.602    -366.829      232.64   347562   360142   372744          347562          360142          372744 0.966527  2558.69       0.193013
  0.646     48.4797    -692.371    -366.364     232.874   347461   359884   372405          347461          359884          372405 0.964994  2559.68       0.193806
  0.648     46.3595    -693.141    -365.898     233.096   347334   359884   372133          347334          359884          372133 0.964138  2560.68       0.194582
   0.65     44.2534    -693.911    -365.431     233.307   347093   359884   371931          347093          359884          371931 0.964507  2561.68       0.195338
  0.652     42.1612    -694.682    -364.964     233.505   346815   359884   371770          346815          359884          371770 0.965403  2562.68       0.196074
  0.654      40.083    -695.454    -364.497     233.691   346609   359884   371655          346609          359884          371655 0.966125  2563.69       0.196787
  0.656     38.0185    -696.226     -364.03     233.862   346420   359884   371475          346420          359884          371475 0.966265   2564.7       0.197477
  0.658     35.9676        -697    -363.562     234.019   346053   359884   371319          346053          359884          371319 0.967786  2565.71       0.198141
   0.66     33.9301    -697.773    -363.094     234.162   345914   359884   371195          345914          359884          371195 0.968018  2566.73        0.19878
  0.662     31.9061    -698.548    -362.625      234.29   345770   359884   370971          345770          359884          370971 0.967579  2567.75       0.199391
  0.664     29.8952    -699.323    -362.157     234.402   345615   359884   370838          345615          359884          370838 0.96779  2568.78       0.199975
  0.666     27.8975    -700.099    -361.688     234.499   345442   356429   370746          345442          356429          370746 0.968351  2569.81       0.200531
  0.668     25.9127    -700.876    -361.219     234.582   345277   356429   370563          345277          356429          370563 0.968211  2570.84       0.201057
   0.67     23.9409    -701.653    -360.749     234.648   345046   356429   370400          345046          356429          370400 0.968634  2571.88       0.201554
  0.672     21.9818    -702.431     -360.28       234.7   344876   356429   370217          344876          356429          370217 0.968534  2572.91       0.202022
  0.674     20.0353     -703.21    -359.811     234.737   344556   356429   370077          344556          356429          370077 0.969748  2573.96       0.202459
  0.676     18.1014    -703.989    -359.341      234.76   344353   356429   369960          344353          356429          369960 0.97033     2575       0.202867
  0.678     16.1798    -704.769    -358.871     234.768   344253   356429   369777          344253          356429          369777 0.96979  2576.05       0.203246
   0.68     14.2706     -705.55    -358.402     234.763   344121   355406   369625          344121          355406          369625 0.969647  2577.09       0.203595
  0.682     12.3735    -706.331    -357.932     234.744   343945   355406   369434          343945          355406          369434 0.969503  2578.14       0.203915
  0.684     10.4886    -707.113    -357.463     234.714   343809   355406   369281          343809          355406          369281 0.969324   2579.2       0.204207
  0.686     8.61557    -707.896    -356.994     234.671   343659   355320   369111          343659          355320          369111 0.969139  2580.25       0.204472
  0.688     6.75443    -708.679    -356.524     234.617   343551   354804   369015          343551          354804          369015 0.969118  2581.31        0.20471
   0.69     4.90505    -709.463    -356.055     234.553   343352   354804   368863          343352          354804          368863 0.969308  2582.36       0.204921
  0.692     3.06731    -710.248    -355.586     234.479   343168   354804   368569          343168          354804          368569 0.968454  2583.42       0.205108
  0.694     1.24113    -711.033    -355.117     234.396   342974   354804   368419          342974          354804          368419 0.96868  2584.48       0.205271
  0.696   -0.573621    -711.819    -354.649     234.305   342773   353911   368273          342773          353911          368273 0.969014  2585.55       0.205411
  0.698    -2.37703    -712.606     -354.18     234.207   342532   353911   368055          342532          353911          368055 0.969125  2586.61        0.20553
    0.7    -4.16919    -713.393    -353.712     234.103   342314   353911   367904          342314          353911          367904 0.969596  2587.67       0.205629
  0.702    -5.95022    -714.181    -353.244     233.993   342240   353911   367777          342240          353911          367777 0.969214  2588.74       0.205709
  0.704     -7.7202     -714.97    -352.776     233.878   342155   353911   367571          342155          353911          367571 0.968306   2589.8       0.205771
  0.706    -9.47924    -715.759    -352.308      233.76   342021   353911   367307          342021          353911          367307 0.967361  2590.87       0.205818
  0.708    -11.2274    -716.549    -351.841     233.639   341922   353911   367175          341922          353911          367175 0.967049  2591.93        0.20585
   0.71    -12.9649     -717.34    -351.374     233.515   341745   353911   367012          341745          353911          367012 0.967025     2593        0.20587
  0.712    -14.6916    -718.131    -350.907     233.391   341528   353911   366846          341528          353911          366846 0.967286  2594.07       0.205878
  0.714    -16.4078    -718.923     -350.44     233.266   341381   353911   366696          341381          353911          366696 0.96717  2595.14       0.205876
  0.716    -18.1136    -719.715    -349.974     233.142   341301   353911   366604          341301          353911          366604 0.96693  2596.21       0.205866
  0.718    -19.8089    -720.508    -349.507     233.018   341201   353911   366488          341201          353911          366488 0.966602  2597.28        0.20585
   0.72     -21.494    -721.302    -349.041     232.897   341029   351291   366154          341029          351291          366154 0.965289  2598.35       0.205829
  0.722    -23.1689    -722.096    -348.576     232.779   340826   351291   365905          340826          351291          365905 0.964786  2599.42       0.205804
  0.724    -24.8336    -722.891     -348.11     232.663   340715   351291   365724          340715          351291          365724 0.964127  2600.49       0.205777
  0.726    -26.4883    -723.687    -347.645     232.552   340545   351291   365606          340545          351291          365606 0.964293  2601.56        0.20575
  0.728    -28.1331    -724.483     -347.18     232.446   340247   351291   365418          340247          351291          365418 0.964887  2602.63       0.205724
   0.73     -29.768     -725.28    -346.715     232.345   340145   351291   365179          340145          351291          365179 0.96374   2603.7       0.205701
  0.732    -31.3931    -726.078    -346.251     232.249   339908   351291   364999          339908          351291          364999 0.963987  2604.77       0.205681
  0.734    -33.0086    -726.876    -345.786      232.16   339758   351291   364844          339758          351291          364844 0.963808  2605.84       0.205667
  0.736    -34.6144    -727.674    -345.322     232.078   339611   351291   364744          339611          351291          364744 0.963949  2606.91       0.205659
  0.738    -36.2107    -728.474    -344.858     232.003   339187   351291   364538          339187          351291          364538 0.965353  2607.99       0.205659
   0.74    -37.7975    -729.274    -344.394     231.935   339055   351291   364457          339055          351291          364457 0.96561  2609.06       0.205668
  0.742     -39.375    -730.074     -343.93     231.876   338837   350617   364200          338837          350617          364200 0.965209  2610.13       0.205687
  0.744    -40.9432    -730.875    -343.467     231.825   338722   350617   363981          338722          350617          363981 0.96436  2611.21       0.205717
  0.746    -42.5022    -731.677    -343.003     231.782   338632   350617   363894          338632          350617          363894 0.964258  2612.28       0.205759
  0.748     -44.052    -732.479    -342.539     231.748   338338   350617   363708          338338          350617          363708 0.964921  2613.36       0.205814
   0.75    -45.5928    -733.282    -342.076     231.722   338187   350617   363500          338187          350617          363500 0.964395  2614.43       0.205884
  0.752    -47.1246    -734.086    -341.613     231.706   337882   350617   363366          337882          350617          363366 0.965538  2615.51       0.205967
  0.754    -48.6475     -734.89    -341.149     231.699   337713   350617   363231          337713          350617          363231 0.965708  2616.59       0.206066
  0.756    -50.1615    -735.694    -340.686     231.701   337607   350617   363071          337607          350617          363071 0.965232  2617.67       0.206181
  0.758    -51.6668      -736.5    -340.222     231.712   337473   349657   362931          337473          349657          362931 0.965064  2618.75       0.206312
   0.76    -53.1633    -737.306    -339.759     231.732   337274   348915   362738          337274          348915          362738 0.964987  2619.83        0.20646
  0.762    -54.6513    -738.112    -339.295     231.762   337003   348915   362556          337003          348915          362556 0.965515  2620.91       0.206625
  0.764    -56.1307    -738.919    -338.832       231.8   336779   348915   362272          336779          348915          362272 0.965066  2621.99       0.206808
  0.766    -57.6015    -739.727    -338.368     231.846   336592   348915   362068          336592          348915          362068 0.964954  2623.08       0.207008
  0.768     -59.064    -740.535    -337.904     231.902   336495   348915   361787          336495          348915          361787 0.963667  2624.17       0.207226
   0.77    -60.5181    -741.344    -337.441     231.966   336399   348915   361686          336399          348915          361686 0.963643  2625.25       0.207462
  0.772     -61.964    -742.153    -336.977     232.037   336231   348915   361570          336231          348915          361570  0.964  2626.34       0.207715
  0.774    -63.4016    -742.963    -336.512     232.117   335829   348009   361424          335829          348009          361424 0.965769  2627.44       0.207986
  0.776     -64.831    -743.774    -336.048     232.204   335702   348009   361258          335702          348009          361258 0.96553  2628.53       0.208274
  0.778    -66.2524    -744.585    -335.584     232.298   335541   348009   360947          335541          348009          360947 0.96453  2629.63       0.208579
   0.78    -67.6657    -745.397    -335.119     232.399   335389   348009   360822          335389          348009          360822 0.964796  2630.72       0.208901
  0.782    -69.0711    -746.209    -334.654     232.506   335163   348009   360686          335163          348009          360686 0.965513  2631.82        0.20924
  0.784    -70.4685    -747.022    -334.189     232.619   335060   348009   360534          335060          348009          360534 0.965228  2632.93       0.209594
  0.786    -71.8581    -747.835    -333.724     232.738   334903   348009   360384          334903          348009          360384 0.965319  2634.03       0.209963
  0.788      -73.24    -748.649    -333.258     232.862   334754   348009   360280          334754          348009          360280 0.965659  2635.14       0.210347
   0.79    -74.6141    -749.464    -332.792      232.99   334593   348009   360148          334593          348009          360148 0.965875  2636.25       0.210745
  0.792    -75.9805    -750.279    -332.326     233.122   334398   346008   359984          334398          346008          359984 0.966106  2637.36       0.211156
  0.794    -77.3393    -751.095     -331.86     233.258   334291   346008   359736          334291          346008          359736 0.965126  2638.48       0.211579
  0.796    -78.6906    -751.911    -331.393     233.396   334179   346008   359485          334179          346008          359485 0.964178  2639.59       0.212014
  0.798    -80.0345    -752.728    -330.926     233.538   334062   346008   359209          334062          346008          359209 0.963089  2640.71       0.212459
    0.8    -81.3708    -753.545    -330.459     233.681   333858   346008   359009          333858          346008          359009 0.963176  2641.84       0.212914
  0.802    -82.6998    -754.363    -329.991     233.825   333697   346008   358831          333697          346008          358831 0.963132  2642.96       0.213378
  0.804    -84.0215    -755.182    -329.523     233.971   333621   346008   358668          333621          346008          358668 0.962562  2644.09        0.21385
  0.806     -85.336    -756.001    -329.055     234.117   333385   346008   358562          333385          346008          358562 0.963531  2645.23       0.214328
  0.808    -86.6432    -756.821    -328.587     234.262   333202   346008   358397          333202          346008          358397 0.963683  2646.36       0.214813
   0.81    -87.9432    -757.641    -328.118     234.407   332859   346008   358240          332859          346008          358240 0.965093   2647.5       0.215301
  0.812    -89.2362    -758.462    -327.649      234.55   332685   344603   358145          332685          344603          358145 0.965766  2648.64       0.215793
  0.814    -90.5221    -759.283     -327.18     234.691   332555   344603   357926          332555          344603          357926 0.965267  2649.79       0.216288
  0.816     -91.801    -760.105    -326.711      234.83   332327   344603   357732          332327          344603          357732 0.965636  2650.93       0.216784
  0.818     -93.073    -760.928    -326.241     234.967   332253   344603   357556          332253          344603          357556 0.965051  2652.09        0.21728
   0.82    -94.3381    -761.751    -325.771     235.099   332162   344603   357470          332162          344603          357470 0.965198  2653.24       0.217775
  0.822    -95.5964    -762.574      -325.3     235.228   332004   344603   357304          332004          344603          357304 0.965216   2654.4       0.218268
  0.824    -96.8478    -763.399     -324.83     235.353   331833   344603   357183          331833          344603          357183 0.965656  2655.56       0.218759
  0.826    -98.0925    -764.223    -324.359     235.472   331608   344603   357086          331608          344603          357086 0.966634  2656.72       0.219244
  0.828    -99.3306    -765.049    -323.888     235.586   331493   344603   356946          331493          344603          356946 0.966548  2657.89       0.219725
   0.83    -100.562    -765.874    -323.417     235.695   331287   344603   356847          331287          344603          356847 0.967384  2659.06         0.2202
  0.832    -101.787    -766.701    -322.945     235.798   331180   344603   356769          331180          344603          356769 0.96765  2660.23       0.220667
  0.834    -103.005    -767.528    -322.474     235.894   331067   344603   356587          331067          344603          356587 0.967214   2661.4       0.221126
  0.836    -104.217    -768.355    -322.002     235.983   330906   344603   356486          330906          344603          356486 0.967667  2662.58       0.221576
  0.838    -105.422    -769.184     -321.53     236.066   330773   344299   356367          330773          344299          356367 0.967791  2663.76       0.222016
   0.84    -106.621    -770.012    -321.057      236.14   330705   344299   356248          330705          344299          356248 0.967432  2664.95       0.222444
  0.842    -107.814    -770.841    -320.585     236.208   330463   342397   355968          330463          342397          355968 0.967195  2666.14       0.222861
  0.844        -109    -771.671    -320.113     236.267   330305   342397   355845          330305          342397          355845 0.967491  2667.32       0.223266
  0.846     -110.18    -772.502     -319.64     236.318   330189   342397   355731          330189          342397          355731 0.967544  2668.52       0.223657
  0.848    -111.354    -773.332    -319.167     236.361   330040   342276   355613          330040          342276          355613 0.967788  2669.71       0.224035
   0.85    -112.521    -774.164    -318.695     236.396   329835   342276   355482          329835          342276          355482 0.968315  2670.91       0.224398
  0.852    -113.683    -774.996    -318.222     236.422   329695   342276   355395          329695          342276          355395 0.968707  2672.11       0.224745
  0.854    -114.838    -775.828    -317.749     236.439   329657   342276   355212          329657          342276          355212 0.967715  2673.31       0.225077
  0.856    -115.988    -776.661    -317.276     236.448   329378   342276   355071          329378          342276          355071 0.968698  2674.52       0.225393
  0.858    -117.131    -777.495    -316.803     236.448   329285   342276   354924          329285          342276          354924 0.968361  2675.72       0.225693
   0.86    -118.268    -778.329     -316.33     236.439   329145   342276   354832          329145          342276          354832 0.968723  2676.93       0.225975
  0.862      -119.4    -779.164    -315.857     236.421   329054   342276   354691          329054          342276          354691 0.968395  2678.14       0.226241
  0.864    -120.526    -779.999    -315.384     236.395   328941   342276   354484          328941          342276          354484 0.967753  2679.36       0.226489
  0.866    -121.646    -780.835    -314.912     236.361   328777   342276   354318          328777          342276          354318 0.967764  2680.57       0.226719
  0.868     -122.76    -781.671    -314.439     236.317   328588   342276   354187          328588          342276          354187 0.968171  2681.79       0.226932
   0.87    -123.868    -782.508    -313.966     236.266   328472   342276   354110          328472          342276          354110 0.968461     2683       0.227127
  0.872    -124.971    -783.345    -313.494     236.206   328266   342276   354009          328266          342276          354009 0.969186  2684.22       0.227304
  0.874    -126.068    -784.183    -313.022     236.139   328138   342276   353937          328138          342276          353937 0.96957  2685.44       0.227464
  0.876    -127.159    -785.022    -312.549     236.063   327877   342276   353736          327877          342276          353736 0.969979  2686.67       0.227605
  0.878    -128.245    -785.861    -312.077      235.98   327687   339209   353612          327687          339209          353612 0.970453  2687.89       0.227729
   0.88    -129.325      -786.7    -311.606      235.89   327560   339209   353430          327560          339209          353430 0.970158  2689.12       0.227836
  0.882      -130.4     -787.54    -311.134     235.792   327505   339209   353302          327505          339209          353302 0.969744  2690.34       0.227926
  0.884    -131.469    -788.381    -310.662     235.688   327394   339209   353029          327394          339209          353029 0.968736  2691.57       0.227999
  0.886    -132.533    -789.222    -310.191     235.577   327324   339209   352891          327324          339209          352891 0.968349   2692.8       0.228055
  0.888    -133.591    -790.063     -309.72     235.461   327217   339209   352728          327217          339209          352728 0.968039  2694.02       0.228095
   0.89    -134.644    -790.906    -309.249     235.338   327089   339209   352640          327089          339209          352640 0.968344  2695.25       0.228119
  0.892    -135.692    -791.748    -308.779      235.21   327005   338852   352481          327005          338852          352481 0.967859  2696.48       0.228128
  0.894    -136.735    -792.591    -308.308     235.076   326925   337884   352333          326925          337884          352333 0.967399  2697.71       0.228122
  0.896    -137.772    -793.435    -307.838     234.938   326693   337884   352200          326693          337884          352200 0.968075  2698.95       0.228102
  0.898    -138.804    -794.279    -307.369     234.796   326585   337884   352119          326585          337884          352119 0.96826  2700.18       0.228067
    0.9    -139.831    -795.124    -306.899     234.649   326546   337884   351940          326546          337884          351940 0.967302  2701.41        0.22802
  0.902    -140.853    -795.969     -306.43     234.499   326443   337884   351747          326443          337884          351747 0.966668  2702.64       0.227959
  0.904     -141.87    -796.815    -305.961     234.345   326260   337884   351637          326260          337884          351637 0.967113  2703.87       0.227886
  0.906    -142.882    -797.661    -305.493     234.189   326126   337884   351555          326126          337884          351555 0.967433  2705.11       0.227802
  0.908    -143.889    -798.508    -305.024      234.03   326019   336939   351424          326019          336939          351424 0.967216  2706.34       0.227707
   0.91     -144.89    -799.355    -304.557     233.868   325939   336783   351345          325939          336783          351345 0.967136  2707.57       0.227601
  0.912    -145.887    -800.203    -304.089     233.705   325830   336594   351120          325830          336594          351120 0.966235   2708.8       0.227485
  0.914    -146.879    -801.051    -303.622     233.541   325686   335835   350964          325686          335835          350964 0.966064  2710.04       0.227361
  0.916    -147.866      -801.9    -303.155     233.376   325591   335835   350818          325591          335835          350818 0.965624  2711.27       0.227228
  0.918    -148.848    -802.749    -302.688     233.209   325467   335835   350692          325467          335835          350692 0.965503   2712.5       0.227087
   0.92    -149.826    -803.598    -302.222     233.043   325330   335835   350547          325330          335835          350547 0.965329  2713.73       0.226939
  0.922    -150.798    -804.449    -301.756     232.877   325096   335835   350356          325096          335835          350356 0.96556  2714.96       0.226784
  0.924    -151.766    -805.299    -301.291     232.711   324898   335835   350165          324898          335835          350165 0.965533  2716.19       0.226624
  0.926    -152.729     -806.15    -300.825     232.546   324839   335835   350025          324839          335835          350025 0.964934  2717.43       0.226459
  0.928    -153.688    -807.002     -300.36     232.382   324583   335835   349881          324583          335835          349881 0.965712  2718.66       0.226289
   0.93    -154.642    -807.854    -299.896     232.219   324373   335835   349724          324373          335835          349724 0.966088  2719.89       0.226115
  0.932    -155.591    -808.707    -299.431     232.058   324231   335835   349661          324231          335835          349661 0.966661  2721.12       0.225937
  0.934    -156.536     -809.56    -298.967     231.899   324007   335835   349477          324007          335835          349477 0.966981  2722.35       0.225757
  0.936    -157.476    -810.414    -298.504     231.743   323822   335835   349317          323822          335835          349317 0.967232  2723.57       0.225575
  0.938    -158.411    -811.268    -298.041     231.589   323742   335835   349152          323742          335835          349152 0.966716   2724.8       0.225392
   0.94    -159.343    -812.122    -297.577     231.437   323706   335835   349041          323706          335835          349041 0.966243  2726.03       0.225207
  0.942    -160.269    -812.977    -297.115     231.289   323645   335835   348954          323645          335835          348954 0.966084  2727.26       0.225022
  0.944    -161.191    -813.833    -296.652     231.145   323530   335835   348800          323530          335835          348800 0.965809  2728.49       0.224837
  0.946    -162.109    -814.689     -296.19     231.004   323441   335277   348699          323441          335277          348699 0.965719  2729.71       0.224653
  0.948    -163.023    -815.545    -295.728     230.866   323227   335277   348483          323227          335277          348483 0.965716  2730.94        0.22447
   0.95    -163.932    -816.402    -295.267     230.733   323049   335277   348397          323049          335277          348397 0.966418  2732.16       0.224289
  0.952    -164.837    -817.259    -294.805     230.604   322945   335277   348227          322945          335277          348227 0.965991  2733.39        0.22411
  0.954    -165.737    -818.117    -294.344     230.479   322715   335277   348138          322715          335277          348138 0.967062  2734.61       0.223933
  0.956    -166.633    -818.975    -293.883     230.359   322621   335277   348042          322621          335277          348042 0.967095  2735.84       0.223759
  0.958    -167.526    -819.834    -293.423     230.243   322486   335142   347875          322486          335142          347875 0.966932  2737.06       0.223589
   0.96    -168.413    -820.693    -292.962     230.132   322413   335142   347689          322413          335142          347689 0.966196  2738.29       0.223423
  0.962    -169.297    -821.553    -292.502     230.026   322207   335142   347571          322207          335142          347571 0.966916  2739.51       0.223261
  0.964    -170.177    -822.413    -292.042     229.926   322064   332790   347301          322064          332790          347301 0.966135  2740.73       0.223103
  0.966    -171.052    -823.274    -291.583      229.83   321892   332790   347205          321892          332790          347205 0.966818  2741.96        0.22295
  0.968    -171.923    -824.135    -291.123     229.739   321811   332790   347018          321811          332790          347018 0.966214  2743.18       0.222803
   0.97    -172.791    -824.996    -290.664     229.654   321689   332610   346904          321689          332610          346904 0.966412   2744.4        0.22266
  0.972    -173.654    -825.858    -290.204     229.574   321588   332610   346793          321588          332610          346793 0.966467  2745.62       0.222524
  0.974    -174.513    -826.721    -289.745       229.5   321550   332610   346650          321550          332610          346650 0.965819  2746.85       0.222394
  0.976    -175.368    -827.583    -289.286     229.431   321426   332610   346486          321426          332610          346486 0.965635  2748.07        0.22227
  0.978     -176.22    -828.447    -288.828     229.368   321318   332610   346349          321318          332610          346349 0.96553  2749.29       0.222152
   0.98    -177.067    -829.311    -288.369      229.31   321285   332610   346269          321285          332610          346269 0.965274  2750.51       0.222041
  0.982    -177.911    -830.175     -287.91     229.257   321214   332327   346160          321214          332327          346160 0.965035  2751.73       0.221937
  0.984     -178.75    -831.039    -287.452      229.21   321123   332327   346074          321123          332327          346074 0.965092  2752.95        0.22184
  0.986    -179.586    -831.904    -286.994     229.169   321062   332327   345880          321062          332327          345880 0.964119  2754.17       0.221751
  0.988    -180.418     -832.77    -286.535     229.133   320839   332327   345638          320839          332327          345638 0.964006   2755.4       0.221669
   0.99    -181.246    -833.636    -286.077     229.103   320735   332327   345519          320735          332327          345519 0.963961  2756.62       0.221594
  0.992     -182.07    -834.502    -285.619     229.078   320608   332327   345329          320608          332327          345329 0.963576  2757.84       0.221527
  0.994    -182.891    -835.369    -285.161     229.059   320551   332327   345223          320551          332327          345223 0.963278  2759.06       0.221468
  0.996    -183.708    -836.236    -284.703     229.045   320399   332327   345142          320399          332327          345142 0.963854  2760.28       0.221417
  0.998    -184.521    -837.104    -284.245     229.036   320365   332327   344998          320365          332327          344998 0.963065  2761.51       0.221374
      1     -185.33    -837.972    -283.786     229.033   320251   332327   344901          320251          332327          344901 0.963194  2762.73       0.221339
  1.002    -186.136    -838.841    -283.328     229.035   320167   332327   344784          320167          332327          344784 0.96293  2763.95       0.221312
  1.004    -186.938     -839.71     -282.87     229.042   320129   332327   344706          320129          332327          344706 0.962582  2765.18       0.221293
  1.006    -187.736    -840.579    -282.412     229.055   320039   332327   344645          320039          332327          344645 0.962709   2766.4       0.221283
  1.008    -188.531    -841.449    -281.954     229.072   319984   332327   344505          319984          332327          344505 0.961958  2767.62       0.221281
   1.01    -189.323     -842.32    -281.496     229.095   319713   331299   344398          319713          331299          344398 0.963021  2768.85       0.221287
  1.012     -190.11     -843.19    -281.038     229.123   319577   331299   344304          319577          331299          344304 0.963207  2770.08       0.221302
  1.014    -190.895    -844.062    -280.579     229.155   319346   331299   344082          319346          331299          344082 0.963182   2771.3       0.221325
  1.016    -191.675    -844.933    -280.121     229.193   319158   331299   343954          319158          331299          343954 0.963577  2772.53       0.221357
  1.018    -192.452    -845.805    -279.663     229.235   319069   331299   343812          319069          331299          343812 0.963166  2773.76       0.221397
   1.02    -193.226    -846.678    -279.204     229.282   318847   331299   343730          318847          331299          343730 0.964148  2774.98       0.221446
  1.022    -193.997    -847.551    -278.746     229.333   318781   331299   343513          318781          331299          343513 0.963032  2776.21       0.221504
  1.024    -194.763    -848.424    -278.287     229.389   318711   331299   343455          318711          331299          343455 0.963083  2777.44        0.22157
  1.026    -195.527    -849.298    -277.828      229.45   318519   331299   343304          318519          331299          343304 0.963338  2778.68       0.221644
  1.028    -196.287    -850.172    -277.369     229.515   318341   331299   343194          318341          331299          343194 0.96379  2779.91       0.221727
   1.03    -197.044    -851.046     -276.91     229.585   318229   331299   343078          318229          331299          343078 0.963741  2781.14       0.221819
  1.032    -197.797    -851.922    -276.451     229.659   318003   331299   342992          318003          331299          342992 0.964711  2782.38       0.221919
  1.034    -198.547    -852.797    -275.991     229.737   317911   331299   342897          317911          331299          342897 0.964671  2783.61       0.222028
  1.036    -199.294    -853.673    -275.532     229.819   317658   331299   342828          317658          331299          342828 0.965957  2784.85       0.222145
  1.038    -200.037    -854.549    -275.072     229.906   317501   329396   342656          317501          329396          342656 0.965858  2786.09       0.222271
   1.04    -200.777    -855.426    -274.612     229.996   317460   329396   342597          317460          329396          342597 0.965725  2787.33       0.222406
  1.042    -201.514    -856.303    -274.152     230.091   317346   329396   342478          317346          329396          342478 0.965659  2788.57       0.222549
  1.044    -202.248    -857.181    -273.692      230.19   317243   329396   342398          317243          329396          342398 0.965779  2789.81       0.222701
  1.046    -202.979    -858.059    -273.231     230.292   317110   329396   342278          317110          329396          342278 0.965826  2791.05       0.222861
  1.048    -203.706    -858.937    -272.771     230.399   316941   329396   341907          316941          329396          341907 0.964398   2792.3        0.22303
   1.05     -204.43    -859.816     -272.31     230.509   316879   329396   341790          316879          329396          341790 0.964033  2793.54       0.223207
  1.052    -205.151    -860.695    -271.848     230.623   316696   329396   341696          316696          329396          341696 0.964655  2794.79       0.223393
  1.054    -205.869    -861.575    -271.387     230.741   316638   329396   341617          316638          329396          341617 0.964503  2796.04       0.223588
  1.056    -206.584    -862.455    -270.926     230.862   316603   329396   341454          316603          329396          341454 0.963572  2797.29       0.223791
  1.058    -207.295    -863.336    -270.464     230.988   316457   329396   341267          316457          329396          341267 0.963249  2798.54       0.224002
   1.06    -208.004    -864.216    -270.002     231.117   316329   329396   341130          316329          329396          341130 0.963178   2799.8       0.224222
  1.062    -208.709    -865.098    -269.539     231.249   316257   327688   340953          316257          327688          340953 0.962419  2801.05       0.224451
  1.064    -209.412     -865.98    -269.077     231.385   316106   327688   340865          316106          327688          340865 0.962825  2802.31       0.224688
  1.066    -210.111    -866.862    -268.614     231.525   316037   327688   340759          316037          327688          340759 0.962512  2803.57       0.224933
  1.068    -210.808    -867.744     -268.15     231.669   315922   327688   340614          315922          327688          340614 0.96224  2804.84       0.225187
   1.07    -211.501    -868.628    -267.687     231.815   315723   327688   340512          315723          327688          340512 0.96286   2806.1        0.22545
  1.072    -212.191    -869.511    -267.223     231.966   315654   327688   340406          315654          327688          340406 0.962526  2807.37       0.225721
  1.074    -212.879    -870.395    -266.759      232.12   315575   327688   340326          315575          327688          340326 0.962422  2808.63          0.226
  1.076    -213.563    -871.279    -266.295     232.277   315397   327688   340268          315397          327688          340268 0.963154   2809.9       0.226287
  1.078    -214.245    -872.164     -265.83     232.438   315266   327688   340162          315266          327688          340162 0.963214  2811.18       0.226583
   1.08    -214.924    -873.049    -265.365     232.602   315077   327688   339999          315077          327688          339999 0.963305  2812.45       0.226887
  1.082    -215.599    -873.935      -264.9      232.77   314979   327688   339913          314979          327688          339913 0.963282  2813.73         0.2272
  1.084    -216.272    -874.821    -264.434     232.941   314900   327688   339814          314900          327688          339814 0.963011  2815.01       0.227521
  1.086    -216.942    -875.707    -263.968     233.116   314579   327688   339658          314579          327688          339658 0.964015  2816.29        0.22785
  1.088     -217.61    -876.594    -263.501     233.294   314476   327688   339550          314476          327688          339550 0.963893  2817.58       0.228187
   1.09    -218.274    -877.481    -263.035     233.475   314313   327688   339485          314313          327688          339485 0.964469  2818.86       0.228532
  1.092    -218.936    -878.369    -262.568      233.66   314219   327688   339418          314219          327688          339418 0.964544  2820.15       0.228885
  1.094    -219.594    -879.257      -262.1     233.848   314062   327688   339363          314062          327688          339363 0.965124  2821.45       0.229246
  1.096     -220.25    -880.145    -261.632     234.039   314018   327688   339290          314018          327688          339290 0.964768  2822.74       0.229615
  1.098    -220.903    -881.034    -261.164     234.234   313916   327688   339229          313916          327688          339229 0.964863  2824.04       0.229992
    1.1    -221.554    -881.923    -260.695     234.432   313852   323938   339123          313852          323938          339123 0.964364  2825.34       0.230377
  1.102    -222.202    -882.813    -260.226     234.634   313778   323938   338933          313778          323938          338933 0.963343  2826.64       0.230769
  1.104    -222.847    -883.703    -259.757     234.838   313665   323938   338868          313665          323938          338868 0.963439  2827.95       0.231169
  1.106    -223.489    -884.594    -259.287     235.046   313482   323938   338666          313482          323938          338666 0.963069  2829.26       0.231577
  1.108    -224.129    -885.485    -258.816     235.258   313300   323938   338546          313300          323938          338546 0.963296  2830.57       0.231991
