# n_walkers  560  n_cull  1  simple log(alpha)  -0.001784121793501292
#   T     log_Z(T)      F(T)        U(T)       Cvp(T)    low_pct_i(T) mode_i(T) high_pct_i(T) low_pct_iter(T)  mode_iter(T)   high_pct_iter(T) Z_fract(T)   V(T)   thermal_exp(T)
   0.01     65263.3    -665.804     -664.56     121.448   734638   734700   734700          734638          734700          734700 0.859004  1601.42     0.00700831
  0.012     54167.3    -665.813    -664.317      121.44   734615   734700   734700          734615          734700          734700 0.874446  1601.44     0.00625031
  0.014     46241.7    -665.823    -664.074     121.425   734599   734700   734700          734599          734700          734700 0.871371  1601.46     0.00551901
  0.016     40297.4    -665.833    -663.831     121.411   734582   734700   734700          734582          734700          734700 0.86732  1601.47      0.0048987
  0.018     35674.2    -665.843    -663.588     121.402   734558   734700   734700          734558          734700          734700 0.876379  1601.49     0.00438895
   0.02     31975.6    -665.854    -663.345     121.397   734540   734700   734700          734540          734700          734700 0.873889   1601.5     0.00396906
  0.022     28949.5    -665.865    -663.103     121.397   734517   734700   734700          734517          734700          734700 0.87945  1601.51     0.00361803
  0.024     26427.7    -665.877     -662.86     121.401   734496   734700   734700          734496          734700          734700 0.881373  1601.52      0.0033193
  0.026       24294    -665.888    -662.617     121.409   734475   734700   734700          734475          734700          734700 0.883079  1601.53     0.00306093
  0.028       22465      -665.9    -662.374     121.421   734449   734700   734700          734449          734700          734700 0.890228  1601.54     0.00283453
   0.03     20879.9    -665.912    -662.131     121.436   734427   734700   734700          734427          734700          734700 0.891983  1601.55     0.00263426
  0.032       19493    -665.924    -661.888     121.456   734406   734700   734700          734406          734700          734700 0.892786  1601.56     0.00245598
  0.034     18269.2    -665.936    -661.645     121.479   734379   734700   734700          734379          734700          734700 0.897661  1601.57     0.00229674
  0.036     17181.4    -665.949    -661.402     121.506   734357   734700   734700          734357          734700          734700 0.89801  1601.58     0.00215439
  0.038     16208.2    -665.961    -661.159     121.537   734337   734700   734700          734337          734700          734700 0.896506  1601.58     0.00202732
   0.04     15332.2    -665.974    -660.916     121.571   734305   734700   734700          734305          734700          734700 0.902704  1601.59     0.00191431
  0.042     14539.7    -665.987    -660.673     121.609   734276   734700   734700          734276          734700          734700 0.906636  1601.59     0.00181438
  0.044     13819.2        -666     -660.43      121.65   734256   734700   734700          734256          734700          734700 0.904823   1601.6     0.00172675
  0.046     13161.4    -666.013    -660.187     121.695   734234   734700   734700          734234          734700          734700 0.903916  1601.61     0.00165077
  0.048     12558.4    -666.027    -659.943     121.744   734196   734700   734700          734196          734700          734700 0.910958  1601.61     0.00158586
   0.05     12003.7     -666.04      -659.7     121.797   734176   734700   734700          734176          734700          734700 0.908672  1601.62     0.00153153
  0.052     11491.6    -666.054    -659.456     121.855   734148   734700   734700          734148          734700          734700 0.909624  1601.62     0.00148731
  0.054     11017.5    -666.068    -659.212     121.916   734117   734700   734700          734117          734700          734700 0.911271  1601.63     0.00145279
  0.056     10577.2    -666.082    -658.968     121.982   734097   734700   734700          734097          734700          734700 0.908117  1601.63      0.0014276
  0.058     10167.3    -666.096    -658.724     122.053   734077   734700   734700          734077          734700          734700 0.904633  1601.63     0.00141139
   0.06     9784.71     -666.11     -658.48     122.129   734048   734700   734700          734048          734700          734700 0.903936  1601.64     0.00140383
  0.062     9426.82    -666.125    -658.236      122.21   734028   734700   734700          734028          734700          734700 0.899775  1601.64     0.00140466
  0.064      9091.3    -666.139    -657.991     122.296   733981   734700   734700          733981          734700          734700 0.904196  1601.65     0.00141362
  0.066     8776.12    -666.154    -657.746     122.388   733949   734700   734700          733949          734700          734700 0.90343  1601.65      0.0014305
  0.068     8479.48    -666.169    -657.502     122.486   733915   734700   734700          733915          734700          734700 0.902874  1601.66     0.00145513
   0.07     8199.79    -666.184    -657.257     122.591   733860   734700   734700          733860          734700          734700 0.907901  1601.66     0.00148738
  0.072     7935.64    -666.199    -657.011     122.702   733816   734700   734700          733816          734700          734700 0.909492  1601.67     0.00152715
  0.074     7685.77    -666.214    -656.766      122.82   733788   734700   734700          733788          734700          734700 0.906558  1601.67     0.00157439
  0.076     7449.06     -666.23     -656.52     122.945   733745   734700   734700          733745          734700          734700 0.906796  1601.68      0.0016291
  0.078     7224.48    -666.245    -656.274     123.079   733711   734699   734700          733711          734699          734700 0.904586  1601.68     0.00169132
   0.08     7011.14    -666.261    -656.028     123.221   733681   734699   734700          733681          734699          734700 0.900958  1601.69     0.00176113
  0.082      6808.2    -666.277    -655.781     123.371   733645   734699   734700          733645          734699          734700 0.898168  1601.69     0.00183866
  0.084     6614.94    -666.293    -655.534     123.531   733608   734699   734700          733608          734699          734700 0.895213   1601.7      0.0019241
  0.086     6430.66    -666.309    -655.287     123.701   733554   734699   734700          733554          734699          734700 0.895053  1601.71      0.0020177
  0.088     6254.76    -666.326    -655.039     123.882   733488   734699   734700          733488          734699          734700 0.896701  1601.71     0.00211974
   0.09     6086.68    -666.342    -654.791     124.073   733405   734699   734700          733405          734699          734700 0.900982  1601.72     0.00223059
  0.092     5925.91    -666.359    -654.543     124.278   733371   734699   734700          733371          734699          734700 0.896266  1601.73     0.00235065
  0.094     5771.98    -666.376    -654.294     124.495   733305   734699   734700          733305          734699          734700 0.89626  1601.73     0.00248043
  0.096     5624.47    -666.393    -654.045     124.726   733252   734699   734700          733252          734699          734700 0.893785  1601.74     0.00262049
  0.098     5482.98    -666.411    -653.795     124.973   733205   734699   734700          733205          734699          734700 0.889798  1601.75     0.00277149
    0.1     5347.16    -666.428    -653.545     125.236   733120   734699   734700          733120          734699          734700 0.890802  1601.76     0.00293416
  0.102     5216.66    -666.446    -653.294     125.517   733005   734699   734700          733005          734699          734700 0.895336  1601.77     0.00310936
  0.104     5091.18    -666.464    -653.043     125.817   732942   734699   734700          732942          734699          734700 0.892587  1601.78     0.00329807
  0.106     4970.44    -666.482    -652.791     126.139   732819   734699   734700          732819          734699          734700 0.896709  1601.79     0.00350137
  0.108     4854.18    -666.501    -652.538     126.485   732719   734699   734700          732719          734699          734700 0.897646   1601.8     0.00372053
   0.11     4742.14    -666.519    -652.285     126.855   732649   734699   734700          732649          734699          734700 0.89436  1601.82     0.00395696
  0.112     4634.11    -666.538    -652.031     127.255   732525   734699   734700          732525          734699          734700 0.896459  1601.83     0.00421229
  0.114     4529.87    -666.557    -651.776     127.685   732386   734699   734700          732386          734699          734700 0.899631  1601.84     0.00448835
  0.116     4429.23    -666.577     -651.52      128.15   732319   734699   734700          732319          734699          734700 0.894833  1601.86     0.00478725
  0.118        4332    -666.597    -651.263     128.654   732142   734699   734700          732142          734699          734700 0.899754  1601.87     0.00511137
   0.12     4238.01    -666.617    -651.006     129.201   731997   734699   734700          731997          734699          734700 0.901217  1601.89     0.00546343
  0.122     4147.11    -666.637    -650.747     129.796   731860   734699   734700          731860          734699          734700 0.901143  1601.91     0.00584652
  0.124     4059.15    -666.658    -650.486     130.445   731673   734699   734700          731673          734699          734700 0.904674  1601.93     0.00626418
  0.126     3973.97    -666.679    -650.225     131.154   731484   734699   734700          731484          734699          734700 0.907561  1601.95     0.00672042
  0.128     3891.47      -666.7    -649.962     131.932   731308   734699   734700          731308          734699          734700 0.908768  1601.97     0.00721981
   0.13      3811.5    -666.722    -649.697     132.786   731194   734699   734700          731194          734699          734700 0.904741  1601.99     0.00776754
  0.132     3733.96    -666.744    -649.431     133.726   730947   734699   734700          730947          734699          734700 0.908567  1602.02     0.00836952
  0.134     3658.74    -666.766    -649.162     134.764   730734   734699   734700          730734          734699          734700 0.909418  1602.05     0.00903244
  0.136     3585.74    -666.789    -648.891     135.912   730590   734699   734700          730590          734699          734700 0.905135  1602.08     0.00976386
  0.138     3514.85    -666.813    -648.618     137.185   730342   734699   734700          730342          734699          734700 0.905686  1602.11      0.0105723
   0.14     3445.99    -666.837    -648.343     138.599   730047   734699   734700          730047          734699          734700 0.907608  1602.15      0.0114674
  0.142     3379.08    -666.861    -648.064     140.171   729577   734699   734700          729577          734699          734700 0.917283  1602.18      0.0124599
  0.144     3314.03    -666.886    -647.782     141.922   729324   734699   734700          729324          734699          734700 0.915451  1602.23      0.0135617
  0.146     3250.76    -666.912    -647.496     143.875   728974   734699   734700          728974          734699          734700 0.916434  1602.27       0.014786
  0.148     3189.21    -666.938    -647.206     146.053   728618   734699   734700          728618          734699          734700 0.916362  1602.32      0.0161475
   0.15     3129.31    -666.965    -646.912     148.485   728215   734699   734700          728215          734699          734700 0.916632  1602.38      0.0176618
  0.152     3070.99    -666.993    -646.612     151.198   727760   734699   734700          727760          734699          734700 0.917436  1602.43      0.0193461
  0.154     3014.18    -667.022    -646.307     154.223   727151   734699   734700          727151          734699          734700 0.921605   1602.5       0.021218
  0.156     2958.84    -667.051    -645.995     157.593   726642   734699   734700          726642          734699          734700 0.921154  1602.57      0.0232964
  0.158     2904.91    -667.081    -645.676     161.339   725682   734699   734700          725682          734699          734700 0.931798  1602.65      0.0255999
   0.16     2852.33    -667.113    -645.349     165.494   725053   734689   734700          725053          734689          734700 0.933022  1602.74      0.0281471
  0.162     2801.06    -667.146    -645.014     170.089   724005   734689   734700          724005          734689          734700 0.941844  1602.83      0.0309556
  0.164     2751.04    -667.179    -644.669     175.152   723118   734689   734700          723118          734689          734700 0.946012  1602.93      0.0340408
  0.166     2702.24    -667.215    -644.313     180.706   722214   734689   734700          722214          734689          734700 0.949129  1603.05      0.0374161
  0.168     2654.61    -667.251    -643.945     186.772   721116   734689   734700          721116          734689          734700 0.95401  1603.17       0.041091
   0.17     2608.11     -667.29    -643.565     193.362   719901   734456   734700          719901          734456          734700 0.95895  1603.31      0.0450714
  0.172      2562.7     -667.33    -643.172     200.485   718456   734201   734700          718456          734201          734700 0.966249  1603.46      0.0493592
  0.174     2518.34    -667.372    -642.763     208.142   716997   734201   734700          716997          734201          734700 0.972211  1603.63      0.0539526
  0.176     2475.01    -667.415    -642.339     216.333   716095   734199   734700          716095          734199          734700 0.971959  1603.81      0.0588472
  0.178     2432.66    -667.461    -641.897     225.055   714965   731390   734700          714965          731390          734700 0.97275  1604.01      0.0640373
   0.18     2391.26     -667.51    -641.438     234.309   713626   729593   734700          713626          729593          734700 0.97446  1604.22      0.0695183
  0.182     2350.79    -667.561     -640.96     244.098   712000   729593   734700          712000          729593          734700 0.977142  1604.45      0.0752884
  0.184     2311.21    -667.615    -640.461     254.436   710653   725416   734700          710653          725416          734700 0.977102   1604.7        0.08135
  0.186      2272.5    -667.671    -639.942     265.339   709360   725416   734700          709360          725416          734700 0.976503  1604.98      0.0877096
  0.188     2234.64    -667.731      -639.4     276.828   707816   725416   734700          707816          725416          734700 0.976771  1605.27      0.0943753
   0.19     2197.58    -667.794    -638.834     288.915   705698   723526   734700          705698          723526          734700 0.980542  1605.58       0.101352
  0.192     2161.32    -667.861    -638.244     301.592   704494   722985   734700          704494          722985          734700 0.978917  1605.92       0.108633
  0.194     2125.82    -667.931    -637.627     314.813   702897   719473   734700          702897          719473          734700 0.97852  1606.28       0.116192
  0.196     2091.07    -668.006    -636.984     328.478   701027   718586   734700          701027          718586          734700 0.979795  1606.67       0.123969
  0.198     2057.04    -668.084    -636.313     342.425   699302   717056   734700          699302          717056          734700 0.980279  1607.08       0.131871
    0.2     2023.71    -668.168    -635.614     356.437   697961   716917   734700          697961          716917          734700 0.978677  1607.51       0.139774
  0.202     1991.07    -668.256    -634.887     370.327   695648   716917   734278          695648          716917          734278 0.980255  1607.98       0.147599
  0.204     1959.09    -668.348    -634.133     384.337   694349   716917   732827          694349          716917          732827 0.973387  1608.46       0.155692
  0.206     1927.76    -668.447    -633.348     401.271   692166   716917   731878          692166          716917          731878 0.973556  1608.98       0.166898
  0.208     1897.06     -668.55    -632.516     437.596   690153   716917   731027          690153          716917          731027 0.97345  1609.56       0.197617
   0.21     1866.97     -668.66    -631.534     578.811   688602   705839   729786          688602          705839          729786 0.966836  1610.36       0.333608
  0.212     1837.49    -668.779    -629.888     1220.16   687293   705839   728067          687293          705839          728067 0.940479  1612.21       0.975266
  0.214     1808.68    -668.922    -625.491     3611.62   601986   705839   726570          601986          705839          726570 0.970415  1618.56        3.39944
  0.216     1780.71    -669.133    -614.269     7301.51   594147   705839   725558          594147          705839          725558 0.984213  1636.25        7.15852
  0.218     1753.82    -669.466    -600.559     5349.66   592651   609489   716258          592651          609489          716258 0.965887  1658.43        5.24627
   0.22     1727.85    -669.894    -593.666     1926.84   591597   609489   623541          591597          609489          623541 0.903422  1669.61        1.85068
  0.222     1702.51    -670.359    -591.297     702.675   591059   604134   622820          591059          604134          622820 0.950352  1673.33       0.628642
  0.224     1677.67    -670.835     -590.27     396.011   590356   604134   621909          590356          604134          621909 0.960734  1674.79       0.318422
  0.226      1653.3    -671.316    -589.568     322.681   589182   604134   620987          589182          604134          620987 0.964994   1675.7       0.242134
  0.228     1629.37    -671.802    -588.945     304.197   588333   604134   620028          588333          604134          620028 0.965402  1676.47       0.221417
   0.23     1605.87     -672.29    -588.343      298.87   587433   604134   619338          587433          604134          619338 0.967364   1677.2       0.214208
  0.232     1582.79    -672.781    -587.747     296.942   586925   601509   618731          586925          601509          618731 0.966812  1677.91       0.210568
  0.234     1560.12    -673.276    -587.154     296.073   586565   601509   618032          586565          601509          618032 0.964016  1678.62       0.208096
  0.236     1537.85    -673.774    -586.563     295.687   585436   599986   616818          585436          599986          616818 0.962464  1679.31       0.206203
  0.238     1515.96    -674.274    -585.971     295.637   584413   597879   615793          584413          597879          615793 0.962133     1680       0.204743
   0.24     1494.45    -674.778     -585.38     295.882   583494   597879   614785          583494          597879          614785 0.961532  1680.69        0.20368
  0.242      1473.3    -675.284    -584.788     296.407   582641   597879   613619          582641          597879          613619 0.95976  1681.37       0.203001
  0.244     1452.52    -675.794    -584.194     297.199   581942   597879   612868          581942          597879          612868 0.959514  1682.05       0.202694
  0.246     1432.08    -676.306    -583.599     298.244   581046   597879   611809          581046          597879          611809 0.958337  1682.74       0.202743
  0.248     1411.99    -676.821    -583.001      299.53   579781   597830   611123          579781          597830          611123 0.961401  1683.42        0.20313
   0.25     1392.23    -677.339      -582.4     301.041   578762   593783   610693          578762          593783          610693 0.964547   1684.1       0.203832
  0.252     1372.79     -677.86    -581.797     302.761   577817   593153   610035          577817          593153          610035 0.965591  1684.79        0.20482
  0.254     1353.68    -678.384    -581.189     304.671   577040   593153   609505          577040          593153          609505 0.96605  1685.48       0.206065
  0.256     1334.87    -678.911    -580.578     306.751   576134   591717   608282          576134          591717          608282 0.963714  1686.18       0.207534
  0.258     1316.36     -679.44    -579.962     308.981   575089   591653   607588          575089          591653          607588 0.965205  1686.88       0.209192
   0.26     1298.15    -679.973    -579.342     311.338   574326   591653   606874          574326          591653          606874 0.964989  1687.59       0.211004
  0.262     1280.23    -680.508    -578.717     313.801   573771   589026   606178          573771          589026          606178 0.963291  1688.31       0.212935
  0.264      1262.6    -681.047    -578.087     316.348   572789   588081   605412          572789          588081          605412 0.963507  1689.03       0.214954
  0.266     1245.24    -681.588    -577.451     318.959   572180   588081   604654          572180          588081          604654 0.961371  1689.76        0.21703
  0.268     1228.15    -682.133    -576.811     321.616   570674   588081   604150          570674          588081          604150 0.965439   1690.5        0.21914
   0.27     1211.32     -682.68    -576.165     324.307   569628   588081   603080          569628          588081          603080 0.964328  1691.24       0.221265
  0.272     1194.75    -683.231    -575.513      327.02   568800   587972   602507          568800          587972          602507 0.964796     1692       0.223394
  0.274     1178.44    -683.785    -574.857      329.75   567886   587487   602073          567886          587487          602073 0.96604  1692.76       0.225519
  0.276     1162.37    -684.341    -574.194     332.494   567290   582813   601360          567290          582813          601360 0.963723  1693.52       0.227638
  0.278     1146.55    -684.901    -573.527     335.252   565849   582813   600549          565849          582813          600549 0.965185   1694.3       0.229754
   0.28     1130.96    -685.464    -572.853     338.022   564530   582813   599737          564530          582813          599737 0.966461  1695.08       0.231869
  0.282      1115.6     -686.03    -572.175     340.803   563682   582813   599027          563682          582813          599027 0.966128  1695.87       0.233983
  0.284     1100.48    -686.599     -571.49      343.59   562792   582775   598387          562792          582775          598387 0.966226  1696.67       0.236093
  0.286     1085.57    -687.171      -570.8     346.373   561589   579335   597730          561589          579335          597730 0.967707  1697.47       0.238188
  0.288     1070.88    -687.746    -570.105     349.132   560623   579335   596352          560623          579335          596352 0.965023  1698.28       0.240251
   0.29     1056.41    -688.325    -569.404     351.842   559474   578009   595588          559474          578009          595588 0.966092   1699.1       0.242252
  0.292     1042.14    -688.907    -568.697     354.467   558687   576739   594911          558687          576739          594911 0.965866  1699.93       0.244153
  0.294     1028.08    -689.491    -567.986     356.964   557571   575118   594251          557571          575118          594251 0.967459  1700.76       0.245907
  0.296     1014.22     -690.08     -567.27     359.284   556783   575118   593465          556783          575118          593465 0.966791   1701.6       0.247459
  0.298     1000.56    -690.671    -566.549     361.372   555647   575118   592732          555647          575118          592732 0.96812  1702.45       0.248752
    0.3     987.093    -691.266    -565.824     363.176   554469   575118   592003          554469          575118          592003 0.969954   1703.3       0.249728
  0.302     973.813    -691.864    -565.096     364.645   553493   575118   591181          553493          575118          591181 0.970879  1704.15       0.250335
  0.304     960.719    -692.465    -564.366     365.737   552767   570692   590364          552767          570692          590364 0.970812     1705       0.250527
  0.306     947.806    -693.069    -563.634     366.424   552077   570692   589546          552077          570692          589546 0.970444  1705.86       0.250275
  0.308     935.071    -693.677    -562.901     366.694   551528   569634   589061          551528          569634          589061 0.970755  1706.71       0.249563
   0.31     922.511    -694.288    -562.167     366.563   550820   569634   588205          550820          569634          588205 0.969874  1707.56       0.248397
  0.312     910.123    -694.901    -561.435     366.094   550056   564692   587047          550056          564692          587047 0.967843  1708.41       0.246809
  0.314     897.902    -695.519    -560.703     365.429   549564   564692   585724          549564          564692          585724 0.964167  1709.25       0.244864
  0.316     885.845    -696.139    -559.973     364.886   548568   564692   584876          548568          564692          584876 0.964808  1710.08       0.242693
  0.318      873.95    -696.762    -559.243     365.192   547604   564692   584189          547604          564692          584189 0.966063  1710.91       0.240561
   0.32     862.214    -697.389     -558.51     368.049   546667   564692   583314          546667          564692          583314 0.966198  1711.73       0.239066
  0.322     850.633    -698.018    -557.766     377.554   545922   564692   582847          545922          564692          582847 0.967091  1712.55       0.239641
  0.324     839.204    -698.651    -556.989     403.675   545219   563270   581776          545219          563270          581776 0.963903  1713.37       0.245853
  0.326     827.927    -699.287    -556.125     470.619   544380   561740   580835          544380          561740          580835 0.960332  1714.25       0.266666
  0.328     816.801    -699.928    -555.043     635.972   543504   559475   580020          543504          559475          580020 0.953285  1715.24       0.324252
   0.33     805.829    -700.575    -553.433     1028.53   542884   558136   579342          542884          558136          579342 0.935136  1716.57       0.470424
  0.332     795.025    -701.234    -550.617     1891.53   541722   558136   578265          541722          558136          578265 0.894632  1718.69       0.808817
  0.334     784.415    -701.915    -545.368     3485.59   466224   558136   577402          466224          558136          577402 0.946643  1722.51         1.4668
  0.336     774.054    -702.636    -536.379     5468.77   455493   554244   576760          455493          554244          576760 0.962044  1729.09        2.34759
  0.338     763.999     -703.42    -524.282     6286.72   446751   554244   575691          446751          554244          575691 0.977883  1738.29        2.82889
   0.34     754.272    -704.275    -512.657     5071.12   443909   469991   571347          443909          469991          571347 0.972802  1747.75        2.47901
  0.342     744.826    -705.188    -504.422     3198.82   442340   469991   565071          442340          469991          565071 0.963294  1755.23        1.79477
  0.344     735.597    -706.137    -499.459     1886.58   440224   469889   494680          440224          469889          494680 0.904822  1760.57        1.28994
  0.346     726.536    -707.107    -496.444     1212.67   436184   466229   492766          436184          466229          492766 0.940713   1764.6        1.03065
  0.348     717.617     -708.09    -494.362     912.099   434571   466229   491201          434571          466229          491201 0.953214  1768.02       0.924706
   0.35     708.825    -709.083     -492.68     788.478   432524   460197   488983          432524          460197          488983 0.957302  1771.23       0.895728
  0.352     700.156    -710.083    -491.157     742.532   429872   459350   487412          429872          459350          487412 0.962485  1774.41       0.902927
  0.354     691.605    -711.091    -489.688     729.918   428076   459350   485888          428076          459350          485888 0.96358  1777.66       0.927155
  0.356     683.169    -712.105    -488.228     731.599   426351   450318   483981          426351          450318          483981 0.962314  1781.01       0.959627
  0.358     674.846    -713.126    -486.758     739.349   424708   450318   481774          424708          450318          481774 0.959276   1784.5       0.996074
   0.36     666.636    -714.154     -485.27     749.404   422911   450318   478853          422911          450318          478853 0.954381  1788.13        1.03407
  0.362     658.535    -715.189     -483.76     759.804   419129   450318   477811          419129          450318          477811 0.96304   1791.9        1.07187
  0.364     650.543    -716.231    -482.231     769.319   417299   448585   476445          417299          448585          476445 0.964519  1795.81          1.108
  0.366     642.658    -717.281    -480.684     777.045   414686   448585   475433          414686          448585          475433 0.969856  1799.85        1.14112
  0.368     634.877    -718.337    -479.124     782.282   412830   448585   473896          412830          448585          473896 0.971315  1804.02        1.17001
   0.37     627.201    -719.401    -477.557     784.523   411616   448585   472195          411616          448585          472195 0.970306  1808.29        1.19374
  0.372     619.626    -720.472    -475.989     783.483   410076   436272   470601          410076          436272          470601 0.970096  1812.65         1.2117
  0.374     612.151     -721.55    -474.425     779.126   408591   436272   468529          408591          436272          468529 0.968692  1817.07        1.22373
  0.376     604.775    -722.635    -472.874     771.663   407180   436272   466486          407180          436272          466486 0.967408  1821.53        1.23015
  0.378     597.495    -723.727    -471.341      761.54   405413   436272   464290          405413          436272          464290 0.966581  1826.02        1.23172
   0.38      590.31    -724.825    -469.829     749.381   404254   431010   462318          404254          431010          462318 0.96506  1830.53         1.2296
  0.382     583.217    -725.931    -468.344     735.937   402792   431010   460638          402792          431010          460638 0.964888  1835.03        1.22526
  0.384     576.214    -727.043    -466.886      722.01   400151   430889   459103          400151          430889          459103 0.968164  1839.52        1.22031
  0.386     569.301    -728.161    -465.456     708.399   399371   419248   456208          399371          419248          456208 0.96254  1844.01        1.21646
  0.388     562.474    -729.285    -464.052     695.847   398705   419248   454592          398705          419248          454592 0.959576  1848.49        1.21537
   0.39     555.733    -730.415    -462.671     685.007   396338   419248   452472          396338          419248          452472 0.960492     1853         1.2186
  0.392     549.076    -731.551     -461.31     676.422   394901   419248   450747          394901          419248          450747 0.959646  1857.53        1.22759
  0.394       542.5    -732.693    -459.964     670.523   392693   415875   448961          392693          415875          448961 0.960653  1862.13        1.24362
  0.396     536.005     -733.84    -458.626     667.629   391599   415875   445523          391599          415875          445523 0.952374  1866.81        1.26784
  0.398     529.589    -734.992    -457.291     667.956   390157   415875   443264          390157          415875          443264 0.950503  1871.61        1.30126
    0.4     523.251    -736.151    -455.952     671.637   388761   415598   441040          388761          415598          441040  0.948  1876.56        1.34487
  0.402      516.99    -737.314    -454.602     678.734   387161   414692   439670          387161          414692          439670 0.94868  1881.72        1.39961
  0.404     510.804    -738.484    -453.235      689.25   384612   413051   438788          384612          413051          438788 0.95388  1887.11        1.46646
  0.406     504.694    -739.659    -451.843     703.148   382610   413051   437537          382610          413051          437537 0.955803   1892.8        1.54649
  0.408     498.657    -740.839     -450.42     720.354   380737   412881   436586          380737          412881          436586 0.956963  1898.84        1.64085
   0.41     492.694    -742.026    -448.959     740.755   378442   412881   434902          378442          412881          434902 0.956146  1905.29         1.7508
  0.412     486.803    -743.219    -447.455     764.194   376820   412881   433583          376820          412881          433583 0.954052  1912.21        1.87759
  0.414     480.984    -744.418    -445.901     790.438   373730   412881   432632          373730          412881          432632 0.956559  1919.67        2.02232
  0.416     475.237    -745.623    -444.291     819.145   368667   400161   431614          368667          400161          431614 0.963812  1927.76         2.1857
  0.418     469.561    -746.835    -442.623     849.804   365380   400161   430420          365380          400161          430420 0.966766  1936.55        2.36768
   0.42     463.956    -748.054    -440.891     881.681   361943   400161   428825          361943          400161          428825 0.96913  1946.13        2.56698
  0.422     458.421    -749.281    -439.096     913.766   360098   392700   427231          360098          392700          427231 0.967898  1956.56        2.78065
  0.424     452.955    -750.514    -437.237     944.746   357089   392700   425089          357089          392700          425089 0.969446  1967.91        3.00372
  0.426      447.56    -751.756    -435.319     973.032   355306   392700   423629          355306          392700          423629 0.969789  1980.21        3.22896
  0.428     442.233    -753.006    -433.348     996.842   352902   392700   422028          352902          392700          422028 0.971817  1993.48        3.44715
   0.43     436.976    -754.264    -431.336     1014.36   350636   392700   421115          350636          392700          421115 0.975986  2007.68        3.64769
  0.432     431.786     -755.53    -429.296     1023.96   348698   383195   420081          348698          383195          420081 0.978792  2022.74        3.81965
  0.434     426.663    -756.804    -427.246     1024.42   346890   383195   418649          346890          383195          418649 0.980612  2038.54         3.9531
  0.436     421.606    -758.087    -425.205     1015.12   346080   383195   416895          346080          383195          416895 0.979837  2054.92        4.04044
  0.438     416.614    -759.378    -423.192     996.178   344640   383195   415640          344640          383195          415640 0.981935  2071.68        4.07743
   0.44     411.686    -760.677    -421.226     968.391   343971   367451   413324          343971          367451          413324 0.980021  2088.64        4.06364
  0.442      406.82    -761.984    -419.323     933.165   343158   366783   409702          343158          366783          409702 0.976094  2105.57        4.00228
  0.444     402.014    -763.298    -417.497     892.287   342618   362065   406290          342618          362065          406290 0.971929  2122.28        3.89947
  0.446     397.267    -764.619    -415.756     847.699   341887   361949   403600          341887          361949          403600 0.970644  2138.62         3.7632
  0.448     392.577    -765.947    -414.107     801.283   341506   357824   400951          341506          357824          400951 0.968903  2154.44        3.60223
   0.45     387.942     -767.28    -412.551       754.7   341021   357824   398003          341021          357824          398003 0.96597  2169.63        3.42508
  0.452      383.36     -768.62    -411.088      709.29   340527   357824   396000          340527          357824          396000 0.966091  2184.14        3.23937
  0.454     378.831    -769.964    -409.713     666.043   340294   357824   393492          340294          357824          393492 0.963281  2197.93        3.05141
  0.456     374.352    -771.314    -408.422     625.615   339566   357824   391175          339566          357824          391175 0.962542  2210.97        2.86607
  0.458     369.921    -772.667    -407.208      588.37   339139   357824   388240          339139          357824          388240 0.958813  2223.28        2.68686
   0.46     365.538    -774.025    -406.066     554.444   338822   357824   386107          338822          357824          386107 0.958045  2234.87        2.51609
  0.462     361.201    -775.387    -404.988     523.802   338382   357824   384731          338382          357824          384731 0.960326  2245.78         2.3551
  0.464     356.909    -776.752    -403.969     496.294   338169   351642   383215          338169          351642          383215 0.960358  2256.04        2.20451
  0.466     352.661    -778.121    -403.001     471.701   337930   351642   379476          337930          351642          379476 0.951633  2265.69        2.06439
  0.468     348.455    -779.492     -402.08     449.767   337650   351642   378112          337650          351642          378112 0.95259  2274.76        1.93446
   0.47     344.292    -780.866      -401.2     430.224   337186   351642   375689          337186          351642          375689 0.949791   2283.3        1.81424
  0.472     340.169    -782.243    -400.358     412.809   336874   350884   374193          336874          350884          374193 0.949964  2291.34        1.70311
  0.474     336.086    -783.623    -399.548     397.276   336647   350874   373188          336647          350874          373188 0.951487  2298.92         1.6004
  0.476     332.043    -785.004    -398.768     383.398   336332   350874   371756          336332          350874          371756 0.950699  2306.07        1.50544
  0.478     328.038    -786.388    -398.013     370.972   335818   346949   370739          335818          346949          370739 0.952748  2312.82         1.4176
   0.48      324.07    -787.774    -397.283     359.818   335604   346908   370184          335604          346908          370184 0.955079   2319.2        1.33626
  0.482      320.14    -789.162    -396.573     349.779   335303   346908   369567          335303          346908          369567 0.957009  2325.22        1.26089
  0.484     316.246    -790.552    -395.883     340.718   335041   346908   368751          335041          346908          368751 0.957279  2330.93        1.19099
  0.486     312.388    -791.944     -395.21     332.519   334655   346908   367925          334655          346908          367925 0.957915  2336.34         1.1261
  0.488     308.566    -793.337    -394.552     325.079   334492   346908   367192          334492          346908          367192 0.957438  2341.46        1.06582
   0.49     304.778    -794.733    -393.909     318.312   334226   346908   366436          334226          346908          366436 0.957209  2346.32         1.0098
  0.492     301.024    -796.129    -393.279     312.143   333941   346908   365734          333941          346908          365734 0.957262  2350.94       0.957713
  0.494     297.303    -797.528     -392.66     306.508   333780   346908   364821          333780          346908          364821 0.955165  2355.34       0.909273
  0.496     293.616    -798.928    -392.053     301.351   333545   346908   363863          333545          346908          363863 0.953239  2359.51       0.864221
  0.498     289.961    -800.329    -391.455     296.624   333195   346908   363439          333195          346908          363439 0.955158   2363.5        0.82232
    0.5     286.338    -801.732    -390.866     292.287   333001   346908   363155          333001          346908          363155 0.956639  2367.29       0.783356
  0.502     282.747    -803.136    -390.285     288.302   332729   346908   362671          332729          346908          362671 0.957133  2370.92       0.747133
  0.504     279.187    -804.541    -389.712     284.638   332383   346908   362332          332383          346908          362332 0.95878  2374.38       0.713471
  0.506     275.657    -805.948    -389.146     281.267   332020   345121   361957          332020          345121          361957 0.960154   2377.7       0.682202
  0.508     272.158    -807.356    -388.587     278.165   331766   343298   360942          331766          343298          360942 0.957166  2380.87       0.653173
   0.51     268.689    -808.766    -388.034      275.31   331476   343298   360610          331476          343298          360610 0.958363  2383.92       0.626238
  0.512      265.25    -810.176    -387.486     272.682   331309   343298   359912          331309          343298          359912 0.956459  2386.85       0.601263
  0.514     261.839    -811.588    -386.943     270.262   331084   343298   359464          331084          343298          359464 0.956316  2389.67       0.578121
  0.516     258.457    -813.001    -386.405     268.036   330648   343298   359256          330648          343298          359256 0.958913  2392.38       0.556693
  0.518     255.104    -814.415    -385.871     265.989   330403   343298   358740          330403          343298          358740 0.958271  2394.99       0.536867
   0.52     251.778     -815.83     -385.34     264.107   330125   343298   358457          330125          343298          358457 0.959254  2397.52       0.518537
  0.522      248.48    -817.246    -384.814     262.378   329809   341576   358097          329809          341576          358097 0.959859  2399.97       0.501603
  0.524     245.209    -818.664    -384.291     260.791   329245   341576   357820          329245          341576          357820 0.962657  2402.34       0.485971
  0.526     241.966    -820.082    -383.771     259.335   328911   341576   357154          328911          341576          357154 0.961542  2404.64       0.471552
  0.528     238.749    -821.502    -383.253         258   328708   341576   356508          328708          341576          356508 0.959782  2406.88       0.458261
   0.53     235.558    -822.922    -382.739     256.778   328599   341576   356146          328599          341576          356146 0.959228  2409.05       0.446019
  0.532     232.393    -824.344    -382.226      255.66   328371   340746   355746          328371          340746          355746 0.959098  2411.18       0.434751
  0.534     229.253    -825.766    -381.716     254.637   328197   340578   355382          328197          340578          355382 0.958768  2413.25       0.424386
  0.536     226.139     -827.19    -381.208     253.703   327944   340578   354924          327944          340578          354924 0.958298  2415.28       0.414856
  0.538      223.05    -828.615    -380.701     252.849   327614   340578   354718          327614          340578          354718 0.959975  2417.26       0.406097
   0.54     219.986     -830.04    -380.196      252.07   327482   339639   354334          327482          339639          354334 0.959048   2419.2       0.398051
  0.542     216.946    -831.467    -379.693     251.359   327247   339639   353977          327247          339639          353977 0.958891  2421.11       0.390659
  0.544      213.93    -832.894    -379.191      250.71   326853   339389   353625          326853          339389          353625 0.959871  2422.99       0.383871
  0.546     210.938    -834.323     -378.69     250.117   326398   339389   353324          326398          339389          353324 0.961671  2424.83       0.377634
  0.548      207.97    -835.752     -378.19     249.574   326112   339389   353114          326112          339389          353114 0.962975  2426.65       0.371903
   0.55     205.025    -837.183    -377.692     249.078   325941   339389   352751          325941          339389          352751 0.962402  2428.44       0.366633
  0.552     202.103    -838.614    -377.194     248.622   325653   339154   352543          325653          339154          352543 0.963658  2430.21       0.361783
  0.554     199.203    -840.046    -376.697     248.202   325421   339154   352329          325421          339154          352329 0.964447  2431.96       0.357314
  0.556     196.327     -841.48    -376.201     247.814   325234   339154   352037          325234          339154          352037 0.964339  2433.69        0.35319
  0.558     193.472    -842.914    -375.706     247.454   325030   339154   351827          325030          339154          351827 0.964872   2435.4       0.349378
   0.56      190.64    -844.349    -375.211     247.119   324839   339154   351694          324839          339154          351694 0.965727  2437.09       0.345846
  0.562     187.829    -845.785    -374.717     246.804   324493   339154   351395          324493          339154          351395 0.966483  2438.77       0.342565
  0.564      185.04    -847.221    -374.224     246.506   324225   339154   351178          324225          339154          351178 0.967326  2440.44       0.339509
  0.566     182.272    -848.659    -373.731     246.223   324022   338556   350952          324022          338556          350952 0.967606  2442.09       0.336652
  0.568     179.525    -850.098    -373.239     245.951   323868   335412   350571          323868          335412          350571 0.966522  2443.72       0.333972
   0.57     176.799    -851.537    -372.747     245.688   323734   335412   350291          323734          335412          350291  0.966  2445.35       0.331449
  0.572     174.094    -852.978    -372.256     245.432   323483   335412   349866          323483          335412          349866 0.965266  2446.97       0.329063
  0.574     171.409    -854.419    -371.766      245.18   323357   335412   349607          323357          335412          349607 0.964787  2448.57       0.326797
  0.576     168.744    -855.861    -371.276     244.932   323222   335412   349378          323222          335412          349378 0.964508  2450.17       0.324636
  0.578       166.1    -857.304    -370.786     244.684   323066   334661   349151          323066          334661          349151 0.964319  2451.75       0.322566
   0.58     163.474    -858.748    -370.297     244.437   322761   334661   349001          322761          334661          349001 0.965559  2453.33       0.320574
  0.582     160.869    -860.193    -369.808     244.188   322588   334661   348680          322588          334661          348680 0.964743   2454.9        0.31865
  0.584     158.283    -861.638     -369.32     243.936   322419   334661   348380          322419          334661          348380 0.964038  2456.46       0.316784
  0.586     155.715    -863.085    -368.832     243.682   322180   334661   348169          322180          334661          348169 0.964374  2458.01       0.314968
  0.588     153.167    -864.532    -368.345     243.424   321910   334661   347956          321910          334661          347956 0.964864  2459.56       0.313194
   0.59     150.637     -865.98    -367.859     243.163   321702   334661   347688          321702          334661          347688 0.964573  2461.09       0.311457
  0.592     148.126    -867.429    -367.373     242.896   321370   334058   347501          321370          334058          347501 0.965698  2462.62       0.309751
  0.594     145.634    -868.879    -366.887     242.626   321190   334058   347369          321190          334058          347369 0.966126  2464.14       0.308073
  0.596     143.159     -870.33    -366.402     242.352   320994   334058   347153          320994          334058          347153 0.966047  2465.66        0.30642
  0.598     140.702    -871.781    -365.918     242.073   320721   334058   347044          320721          334058          347044 0.967165  2467.17       0.304788
    0.6     138.263    -873.233    -365.434     241.791   320537   334058   346805          320537          334058          346805 0.966777  2468.67       0.303176
  0.602     135.842    -874.686    -364.951     241.506   320198   334058   346590          320198          334058          346590 0.96758  2470.16       0.301583
  0.604     133.438     -876.14    -364.468     241.218   319914   334058   346286          319914          334058          346286 0.967511  2471.65       0.300008
  0.606     131.051    -877.595    -363.986     240.928   319720   334058   345919          319720          334058          345919 0.966533  2473.13       0.298451
  0.608     128.681    -879.051    -363.504     240.637   319580   329309   345621          319580          329309          345621 0.965647   2474.6       0.296913
   0.61     126.328    -880.507    -363.023     240.345   319229   329309   345482          319229          329309          345482 0.967167  2476.07       0.295394
  0.612     123.992    -881.964    -362.543     240.053   319043   329309   345312          319043          329309          345312 0.967393  2477.53       0.293894
  0.614     121.672    -883.422    -362.063     239.762   318821   329309   345057          318821          329309          345057 0.96727  2478.98       0.292416
  0.616     119.368     -884.88    -361.584     239.473   318702   329047   344728          318702          329047          344728 0.965965  2480.43       0.290959
  0.618     117.081     -886.34    -361.105     239.186   318514   329042   344478          318514          329042          344478 0.965635  2481.87       0.289526
   0.62      114.81      -887.8    -360.627     238.903   318350   329042   344275          318350          329042          344275 0.965499   2483.3       0.288118
  0.622     112.554    -889.261     -360.15     238.623   318210   329042   343868          318210          329042          343868 0.963731  2484.73       0.286736
  0.624     110.314    -890.723    -359.673     238.349   317965   329042   343654          317965          329042          343654 0.964087  2486.15       0.285381
  0.626      108.09    -892.185    -359.196     238.081   317776   329042   343488          317776          329042          343488 0.964355  2487.57       0.284055
  0.628     105.881    -893.648     -358.72     237.818   317485   329042   343354          317485          329042          343354 0.96557  2488.98       0.282759
   0.63     103.687    -895.112    -358.245     237.563   317322   328913   343032          317322          328913          343032 0.964555  2490.38       0.281495
  0.632     101.509    -896.577     -357.77     237.315   317215   328913   342834          317215          328913          342834 0.964022  2491.78       0.280262
  0.634     99.3448    -898.042    -357.296     237.076   317028   328913   342583          317028          328913          342583 0.963623  2493.17       0.279062
  0.636     97.1958    -899.509    -356.822     236.844   316843   328913   342357          316843          328913          342357 0.963406  2494.56       0.277896
  0.638     95.0615    -900.975    -356.348     236.622   316593   328913   342150          316593          328913          342150 0.963763  2495.95       0.276763
   0.64     92.9416    -902.443    -355.875     236.408   316496   328913   342017          316496          328913          342017 0.963557  2497.33       0.275664
  0.642     90.8361    -903.912    -355.403     236.204   316294   328913   341872          316294          328913          341872 0.963953   2498.7         0.2746
  0.644     88.7448    -905.381     -354.93     236.009   316067   328913   341662          316067          328913          341662 0.964048  2500.07       0.273569
  0.646     86.6675     -906.85    -354.459     235.824   315762   326117   341375          315762          326117          341375 0.964205  2501.44       0.272571
  0.648     84.6042    -908.321    -353.987     235.648   315594   326117   341167          315594          326117          341167 0.963992   2502.8       0.271607
   0.65     82.5547    -909.792    -353.516     235.482   315456   326117   340925          315456          326117          340925 0.963266  2504.16       0.270674
  0.652     80.5188    -911.264    -353.045     235.325   315188   326117   340770          315188          326117          340770 0.964149  2505.51       0.269773
  0.654     78.4964    -912.737    -352.575     235.177   314960   326117   340578          314960          326117          340578 0.964477  2506.86       0.268902
  0.656     76.4875     -914.21    -352.104     235.037   314794   326117   340134          314794          326117          340134 0.962562  2508.21       0.268059
  0.658     74.4919    -915.684    -351.634     234.906   314569   326117   339911          314569          326117          339911 0.962755  2509.55       0.267243
   0.66     72.5094    -917.159    -351.165     234.782   314416   326117   339787          314416          326117          339787 0.963143  2510.89       0.266453
  0.662     70.5399    -918.635    -350.695     234.666   314306   326117   339677          314306          326117          339677 0.963247  2512.22       0.265686
  0.664     68.5833    -920.111    -350.226     234.556   314239   326117   339485          314239          326117          339485 0.962308  2513.56       0.264942
  0.666     66.6396    -921.588    -349.757     234.452   313794   326117   339271          313794          326117          339271 0.964122  2514.89       0.264217
  0.668     64.7085    -923.065    -349.288     234.354   313644   326117   339092          313644          326117          339092 0.964032  2516.22        0.26351
   0.67     62.7899    -924.544     -348.82     234.261   313411   326117   338804          313411          326117          338804 0.963766  2517.54       0.262819
  0.672     60.8838    -926.022    -348.351     234.171   313276   326117   338598          313276          326117          338598 0.963417  2518.86       0.262142
  0.674       58.99    -927.502    -347.883     234.085   313045   326117   338438          313045          326117          338438 0.964119  2520.18       0.261476
  0.676     57.1084    -928.982    -347.415     234.001   312879   326117   338103          312879          326117          338103 0.963089   2521.5       0.260819
  0.678     55.2389    -930.463    -346.947     233.919   312688   326117   337950          312688          326117          337950 0.963593  2522.81       0.260169
   0.68     53.3814    -931.945    -346.479     233.838   312489   326117   337693          312489          326117          337693 0.963445  2524.12       0.259524
  0.682     51.5358    -933.427    -346.012     233.757   312298   326117   337522          312298          326117          337522 0.963853  2525.43       0.258882
  0.684     49.7019     -934.91    -345.544     233.675   312139   324400   337410          312139          324400          337410 0.964421  2526.74        0.25824
  0.686     47.8797    -936.394    -345.077     233.591   311915   324400   337251          311915          324400          337251 0.96509  2528.04       0.257597
  0.688      46.069    -937.878     -344.61     233.505   311686   324400   337086          311686          324400          337086 0.96578  2529.34       0.256951
   0.69     44.2698    -939.363    -344.143     233.415   311578   324400   336879          311578          324400          336879 0.96528  2530.64       0.256299
  0.692      42.482    -940.849    -343.676     233.322   311431   324400   336689          311431          324400          336689 0.965172  2531.94       0.255639
  0.694     40.7054    -942.335     -343.21     233.224   311153   324400   336471          311153          324400          336471 0.965845  2533.23       0.254971
  0.696       38.94    -943.822    -342.743      233.12   311060   324400   336275          311060          324400          336275 0.965354  2534.52       0.254293
  0.698     37.1856    -945.309    -342.277      233.01   310948   324400   336123          310948          324400          336123 0.965273  2535.81       0.253602
    0.7     35.4421    -946.798    -341.811     232.894   310776   324400   336023          310776          324400          336023 0.965929  2537.09       0.252898
  0.702     33.7095    -948.286    -341.346      232.77   310604   324400   335914          310604          324400          335914 0.966498  2538.38       0.252179
  0.704     31.9877    -949.776     -340.88     232.637   310218   324400   335719          310218          324400          335719 0.967979  2539.66       0.251444
  0.706     30.2765    -951.266    -340.415     232.497   309979   324400   335571          309979          324400          335571 0.968822  2540.93       0.250693
  0.708     28.5759    -952.757     -339.95     232.347   309788   324400   335490          309788          324400          335490 0.969806   2542.2       0.249924
   0.71     26.8858    -954.248    -339.486     232.189   309549   324400   335303          309549          324400          335303 0.970428  2543.47       0.249137
  0.712      25.206     -955.74    -339.021      232.02   309346   324400   335123          309346          324400          335123 0.970872  2544.74       0.248331
  0.714     23.5366    -957.233    -338.558     231.841   309173   324400   335013          309173          324400          335013 0.971586     2546       0.247505
  0.716     21.8773    -958.726    -338.094     231.652   308863   321466   334827          308863          321466          334827 0.972717  2547.26        0.24666
  0.718     20.2282     -960.22    -337.631     231.452   308792   321466   334715          308792          321466          334715 0.972797  2548.51       0.245796
   0.72      18.589    -961.715    -337.168     231.242   308730   319933   334460          308730          319933          334460 0.971845  2549.76       0.244911
  0.722     16.9599     -963.21    -336.706      231.02   308538   319933   334280          308538          319933          334280 0.972262  2551.01       0.244007
  0.724     15.3405    -964.706    -336.244     230.788   308486   319933   334104          308486          319933          334104 0.971783  2552.25       0.243083
  0.726      13.731    -966.202    -335.783     230.545   308375   318866   333752          308375          318866          333752 0.970527  2553.49       0.242141
  0.728     12.1311    -967.699    -335.322     230.291   308303   318866   333490          308303          318866          333490 0.96963  2554.73        0.24118
   0.73     10.5408    -969.197    -334.862     230.026   308203   318866   333380          308203          318866          333380 0.969903  2555.96         0.2402
  0.732        8.96    -970.695    -334.402     229.751   308047   318866   333165          308047          318866          333165 0.969839  2557.18       0.239204
  0.734     7.38866    -972.194    -333.943     229.465   307908   318866   332906          307908          318866          332906 0.96941   2558.4       0.238191
  0.736     5.82667    -973.693    -333.484      229.17   307802   318866   332684          307802          318866          332684 0.969012  2559.62       0.237162
  0.738     4.27394    -975.193    -333.026     228.864   307737   318866   332489          307737          318866          332489 0.968493  2560.83       0.236119
   0.74     2.73041    -976.694    -332.569     228.549   307669   318866   332341          307669          318866          332341 0.968277  2562.04       0.235062
  0.742     1.19598    -978.195    -332.112     228.225   307600   318866   332203          307600          318866          332203 0.968091  2563.24       0.233992
  0.744   -0.329404    -979.697    -331.656     227.892   307422   318866   332040          307422          318866          332040 0.968471  2564.44       0.232911
  0.746    -1.84584    -981.199      -331.2     227.551   307343   318866   331847          307343          318866          331847 0.96796  2565.63       0.231819
  0.748    -3.35339    -982.702    -330.746     227.202   307219   318866   331674          307219          318866          331674 0.967875  2566.82       0.230719
   0.75    -4.85213    -984.205    -330.291     226.846   307047   317453   331512          307047          317453          331512 0.968223     2568       0.229611
  0.752    -6.34215    -985.709    -329.838     226.483   306947   317453   331274          306947          317453          331274 0.96751  2569.18       0.228497
  0.754    -7.82351    -987.214    -329.386     226.114   306771   317453   331066          306771          317453          331066 0.967568  2570.35       0.227378
  0.756    -9.29629    -988.719    -328.934     225.739   306710   317453   330929          306710          317453          330929 0.967313  2571.51       0.226255
  0.758    -10.7606    -990.225    -328.483      225.36   306515   317453   330785          306515          317453          330785 0.967928  2572.67        0.22513
   0.76    -12.2164    -991.731    -328.032     224.976   306381   317453   330668          306381          317453          330668 0.968293  2573.83       0.224005
  0.762    -13.6639    -993.238    -327.583     224.589   306239   317403   330492          306239          317403          330492 0.968285  2574.98        0.22288
  0.764     -15.103    -994.745    -327.134     224.199   306177   317403   330325          306177          317403          330325 0.967784  2576.13       0.221757
  0.766     -16.534    -996.253    -326.686     223.806   305981   317403   330194          305981          317403          330194 0.96848  2577.27       0.220638
  0.768    -17.9567    -997.762    -326.239     223.411   305858   317403   330032          305858          317403          330032 0.968438   2578.4       0.219524
   0.77    -19.3714    -999.271    -325.792     223.016   305754   317403   329912          305754          317403          329912 0.968545  2579.53       0.218417
  0.772    -20.7781    -1000.78    -325.347      222.62   305690   317403   329707          305690          317403          329707 0.967743  2580.65       0.217317
  0.774    -22.1768    -1002.29    -324.902     222.225   305600   317403   329638          305600          317403          329638 0.968046  2581.77       0.216227
  0.776    -23.5676     -1003.8    -324.458     221.831   305519   315250   329560          305519          315250          329560 0.968175  2582.89       0.215147
  0.778    -24.9506    -1005.31    -324.014     221.438   305469   315250   329448          305469          315250          329448 0.967789     2584       0.214079
   0.78    -26.3259    -1006.82    -323.572     221.048   305307   315250   329314          305307          315250          329314 0.968018   2585.1       0.213024
  0.782    -27.6934    -1008.34     -323.13     220.661   305140   315250   329144          305140          315250          329144 0.968036   2586.2       0.211984
  0.784    -29.0533    -1009.85    -322.689     220.277   304972   314964   328964          304972          314964          328964 0.967996  2587.29       0.210959
  0.786    -30.4056    -1011.36    -322.249     219.898   304911   314517   328811          304911          314517          328811 0.967377  2588.38       0.209951
  0.788    -31.7504    -1012.88     -321.81     219.524   304851   314517   328527          304851          314517          328527 0.965796  2589.47       0.208962
   0.79    -33.0878    -1014.39    -321.371     219.156   304761   314517   328336          304761          314517          328336 0.965108  2590.55       0.207991
  0.792    -34.4178     -1015.9    -320.933     218.793   304675   314517   328117          304675          314517          328117 0.964179  2591.62        0.20704
  0.794    -35.7405    -1017.42    -320.496     218.438   304602   314517   327944          304602          314517          327944 0.963486  2592.69       0.206111
  0.796    -37.0558    -1018.94    -320.059     218.089   304391   314517   327799          304391          314517          327799 0.964006  2593.76       0.205204
  0.798     -38.364    -1020.45    -319.624     217.749   304308   314517   327678          304308          314517          327678 0.963749  2594.82        0.20432
    0.8     -39.665    -1021.97    -319.188     217.417   304144   313668   327349          304144          313668          327349 0.962536  2595.88        0.20346
  0.802     -40.959    -1023.49    -318.754     217.094   303956   313668   327247          303956          313668          327247 0.963236  2596.93       0.202625
  0.804    -42.2458       -1025     -318.32     216.781   303751   313668   327093          303751          313668          327093 0.963716  2597.98       0.201816
  0.806    -43.5257    -1026.52    -317.887     216.478   303670   313668   326994          303670          313668          326994 0.963644  2599.03       0.201033
  0.808    -44.7987    -1028.04    -317.454     216.185   303561   313668   326871          303561          313668          326871 0.963565  2600.07       0.200277
   0.81    -46.0648    -1029.56    -317.022     215.902   303408   313668   326733          303408          313668          326733 0.963689  2601.11        0.19955
  0.812    -47.3241    -1031.08     -316.59     215.632   303323   313668   326618          303323          313668          326618 0.963452  2602.15        0.19885
  0.814    -48.5766     -1032.6    -316.159     215.372   303227   313668   326507          303227          313668          326507 0.963294  2603.18        0.19818
  0.816    -49.8224    -1034.12    -315.729     215.125   303062   313668   326424          303062          313668          326424 0.963848  2604.21        0.19754
  0.818    -51.0615    -1035.64    -315.299      214.89   302915   313668   326278          302915          313668          326278 0.963767  2605.24       0.196929
   0.82    -52.2941    -1037.16    -314.869     214.668   302800   313668   326164          302800          313668          326164 0.963676  2606.27        0.19635
  0.822      -53.52    -1038.68     -314.44     214.459   302694   313066   325959          302694          313066          325959 0.962804  2607.29       0.195801
  0.824    -54.7395    -1040.21    -314.012     214.263   302367   313066   325775          302367          313066          325775 0.963806  2608.31       0.195284
  0.826    -55.9525    -1041.73    -313.583     214.081   302282   313066   325686          302282          313066          325686 0.963743  2609.33       0.194798
  0.828    -57.1591    -1043.25    -313.155     213.912   302126   313066   325497          302126          313066          325497 0.96345  2610.34       0.194344
   0.83    -58.3593    -1044.78    -312.728     213.758   301958   313066   325366          301958          313066          325366 0.963699  2611.36       0.193923
  0.832    -59.5532     -1046.3      -312.3     213.618   301794   311809   325206          301794          311809          325206 0.963719  2612.37       0.193533
  0.834    -60.7409    -1047.83    -311.873     213.492   301620   311809   324996          301620          311809          324996 0.96345  2613.38       0.193177
  0.836    -61.9223    -1049.35    -311.446      213.38   301572   311809   324800          301572          311809          324800 0.962329  2614.39       0.192853
  0.838    -63.0975    -1050.88     -311.02     213.283   301394   311691   324682          301394          311691          324682 0.962804  2615.39       0.192561
   0.84    -64.2667     -1052.4    -310.593     213.201   301309   311691   324568          301309          311691          324568 0.962567   2616.4       0.192303
  0.842    -65.4297    -1053.93    -310.167     213.133   301182   311691   324439          301182          311691          324439 0.962503  2617.41       0.192077
  0.844    -66.5867    -1055.45     -309.74     213.081   301071   311691   324297          301071          311691          324297 0.962214  2618.41       0.191883
  0.846    -67.7377    -1056.98    -309.314     213.043   300915   311691   324066          300915          311691          324066 0.961607  2619.42       0.191723
  0.848    -68.8828    -1058.51    -308.888      213.02   300849   309622   323875          300849          309622          323875 0.960601  2620.42       0.191594
   0.85     -70.022    -1060.04    -308.462     213.012   300731   309622   323649          300731          309622          323649 0.959728  2621.43       0.191498
  0.852    -71.1553    -1061.57    -308.036     213.018   300508   309622   323508          300508          309622          323508 0.960374  2622.43       0.191434
  0.854    -72.2828     -1063.1     -307.61     213.039   300446   309622   323294          300446          309622          323294 0.959164  2623.43       0.191402
  0.856    -73.4045    -1064.63    -307.184     213.075   300413   309622   323026          300413          309622          323026 0.957275  2624.44       0.191401
  0.858    -74.5204    -1066.16    -306.758     213.125   300297   309622   322912          300297          309622          322912 0.957268  2625.44       0.191432
   0.86    -75.6307    -1067.69    -306.332      213.19   300238   309622   322797          300238          309622          322797 0.956753  2626.45       0.191493
  0.862    -76.7353    -1069.22    -305.905     213.269   299921   309622   322605          299921          309622          322605 0.957757  2627.45       0.191584
  0.864    -77.8343    -1070.75    -305.478     213.362   299826   309622   322426          299826          309622          322426 0.957049  2628.46       0.191706
  0.866    -78.9278    -1072.28    -305.052     213.468   299588   309622   322286          299588          309622          322286 0.957856  2629.47       0.191857
  0.868    -80.0157    -1073.81    -304.625     213.589   299512   309622   322125          299512          309622          322125 0.957164  2630.48       0.192037
   0.87    -81.0981    -1075.34    -304.197     213.722   299445   308866   322017          299445          308866          322017 0.956803  2631.49       0.192246
  0.872     -82.175    -1076.88     -303.77     213.869   299338   308866   321900          299338          308866          321900 0.956665   2632.5       0.192482
  0.874    -83.2465    -1078.41    -303.342     214.029   299177   308866   321740          299177          308866          321740 0.956608  2633.52       0.192746
  0.876    -84.3126    -1079.94    -302.914     214.201   299044   308866   321601          299044          308866          321601 0.956505  2634.53       0.193036
  0.878    -85.3734    -1081.48    -302.485     214.386   298996   308866   321505          298996          308866          321505 0.956004  2635.55       0.193352
   0.88    -86.4289    -1083.01    -302.056     214.582   298682   308866   321395          298682          308866          321395 0.957662  2636.57       0.193694
  0.882    -87.4791    -1084.55    -301.627      214.79   298575   308866   321238          298575          308866          321238 0.957172   2637.6        0.19406
  0.884    -88.5241    -1086.08    -301.197      215.01   298460   308866   321056          298460          308866          321056 0.956533  2638.62        0.19445
  0.886    -89.5638    -1087.62    -300.767      215.24   298408   308864   320937          298408          308864          320937 0.955877  2639.65       0.194864
  0.888    -90.5984    -1089.16    -300.336     215.481   298213   308864   320858          298213          308864          320858 0.956792  2640.68       0.195299
   0.89    -91.6279    -1090.69    -299.905     215.732   298079   308864   320699          298079          308864          320699 0.956485  2641.71       0.195756
  0.892    -92.6522    -1092.23    -299.473     215.993   297954   308864   320537          297954          308864          320537 0.956087  2642.75       0.196234
  0.894    -93.6715    -1093.77    -299.041     216.263   297772   308864   320447          297772          308864          320447 0.956802  2643.78       0.196731
  0.896    -94.6858    -1095.31    -298.608     216.542   297625   308864   320333          297625          308864          320333 0.957019  2644.83       0.197248
  0.898     -95.695    -1096.84    -298.175     216.829   297433   308864   320226          297433          308864          320226 0.957693  2645.87       0.197782
    0.9    -96.6994    -1098.38    -297.741     217.125   297163   308864   320127          297163          308864          320127 0.959157  2646.92       0.198334
  0.902    -97.6987    -1099.92    -297.306     217.428   297016   308864   320044          297016          308864          320044 0.959697  2647.97       0.198901
  0.904    -98.6932    -1101.46    -296.871     217.738   296940   308864   319938          296940          308864          319938 0.959406  2649.03       0.199484
  0.906    -99.6828       -1103    -296.435     218.054   296778   308864   319823          296778          308864          319823 0.959784  2650.09       0.200082
  0.908    -100.668    -1104.54    -295.999     218.377   296712   308864   319682          296712          308864          319682 0.959092  2651.15       0.200692
   0.91    -101.648    -1106.09    -295.562     218.706   296517   308864   319534          296517          308864          319534 0.959454  2652.21       0.201315
  0.912    -102.623    -1107.63    -295.124     219.039   296464   308864   319451          296464          308864          319451 0.959147  2653.28        0.20195
  0.914    -103.593    -1109.17    -294.685     219.378   296316   308864   319393          296316          308864          319393 0.959856  2654.36       0.202595
  0.916    -104.559    -1110.71    -294.246      219.72   296189   308864   319324          296189          308864          319324 0.960261  2655.43        0.20325
  0.918     -105.52    -1112.25    -293.807     220.066   295958   308864   319229          295958          308864          319229 0.961327  2656.52       0.203913
   0.92    -106.476     -1113.8    -293.366     220.416   295845   308864   319133          295845          308864          319133 0.9614   2657.6       0.204584
  0.922    -107.428    -1115.34    -292.925     220.768   295707   308864   319028          295707          308864          319028 0.961605  2658.69       0.205262
  0.924    -108.375    -1116.89    -292.483     221.123   295626   308864   318931          295626          308864          318931 0.961376  2659.78       0.205945
  0.926    -109.318    -1118.43     -292.04      221.48   295586   308864   318869          295586          308864          318869 0.961058  2660.88       0.206634
  0.928    -110.256    -1119.98    -291.597     221.838   295486   308820   318764          295486          308820          318764 0.960857  2661.98       0.207326
   0.93     -111.19    -1121.52    -291.153     222.197   295328   308820   318623          295328          308820          318623 0.960822  2663.09       0.208021
  0.932    -112.119    -1123.07    -290.708     222.556   295124   308820   318529          295124          308820          318529 0.961562   2664.2       0.208718
  0.934    -113.043    -1124.61    -290.263     222.916   294795   308820   318468          294795          308820          318468 0.963602  2665.31       0.209417
  0.936    -113.963    -1126.16    -289.817     223.275   294748   308820   318391          294748          308820          318391 0.963251  2666.43       0.210116
  0.938    -114.879    -1127.71     -289.37     223.634   294501   308820   318265          294501          308820          318265 0.964075  2667.55       0.210815
   0.94    -115.791    -1129.25    -288.922     223.991   294356   308820   318159          294356          308820          318159 0.964293  2668.68       0.211513
  0.942    -116.698     -1130.8    -288.474     224.347   294276   308818   318077          294276          308818          318077 0.964181  2669.81       0.212209
  0.944    -117.601    -1132.35    -288.025     224.701   294109   308818   318024          294109          308818          318024 0.964942  2670.95       0.212902
  0.946    -118.499     -1133.9    -287.575     225.053   293992   308818   317891          293992          308818          317891 0.964711  2672.09       0.213592
  0.948    -119.393    -1135.45    -287.124     225.402   293859   308818   317817          293859          308818          317817 0.965033  2673.23       0.214278
   0.95    -120.284       -1137    -286.673     225.748   293748   308818   317769          293748          308818          317769 0.965362  2674.38        0.21496
  0.952    -121.169    -1138.55    -286.221     226.091   293651   308818   317699          293651          308818          317699 0.965387  2675.53       0.215636
  0.954    -122.051     -1140.1    -285.769      226.43   293451   308818   317650          293451          308818          317650 0.966282  2676.69       0.216306
  0.956    -122.928    -1141.65    -285.316     226.766   293269   308818   317545          293269          308818          317545 0.966663  2677.85        0.21697
  0.958    -123.802     -1143.2    -284.862     227.098   293112   307925   317512          293112          307925          317512 0.967365  2679.01       0.217627
   0.96    -124.671    -1144.76    -284.407     227.425   292938   306041   317412          292938          306041          317412 0.967686  2680.18       0.218277
  0.962    -125.536    -1146.31    -283.952     227.748   292829   306041   317274          292829          306041          317274 0.967312  2681.35       0.218919
  0.964    -126.397    -1147.86    -283.496     228.067   292665   306041   317136          292665          306041          317136 0.967325  2682.53       0.219553
  0.966    -127.254    -1149.42     -283.04      228.38   292303   306041   317038          292303          306041          317038 0.969037  2683.71       0.220179
  0.968    -128.107    -1150.97    -282.583     228.689   292194   306041   316923          292194          306041          316923 0.968906  2684.89       0.220796
   0.97    -128.957    -1152.52    -282.125     228.993   292088   306041   316805          292088          306041          316805 0.968718  2686.08       0.221404
  0.972    -129.802    -1154.08    -281.667     229.291   291956   306041   316702          291956          306041          316702 0.968829  2687.27       0.222003
  0.974    -130.643    -1155.63    -281.208     229.584   291858   306041   316634          291858          306041          316634 0.968918  2688.46       0.222593
  0.976     -131.48    -1157.19    -280.749     229.872   291696   306041   316575          291696          306041          316575 0.969479  2689.66       0.223173
  0.978    -132.314    -1158.75    -280.289     230.155   291629   306041   316440          291629          306041          316440 0.968897  2690.86       0.223744
   0.98    -133.143     -1160.3    -279.828     230.432   291548   306041   316351          291548          306041          316351 0.968686  2692.07       0.224305
  0.982    -133.969    -1161.86    -279.367     230.704   291461   306041   316217          291461          306041          316217 0.968196  2693.28       0.224856
  0.984    -134.791    -1163.42    -278.905      230.97   291322   303767   316157          291322          303767          316157 0.968508  2694.49       0.225397
  0.986    -135.609    -1164.98    -278.443     231.231   291182   303767   316090          291182          303767          316090 0.968767  2695.71        0.22593
  0.988    -136.423    -1166.53     -277.98     231.487   291043   302369   315972          291043          302369          315972 0.968692  2696.93       0.226452
   0.99    -137.234    -1168.09    -277.517     231.738   291019   301693   315885          291019          301693          315885 0.968044  2698.15       0.226965
  0.992    -138.041    -1169.65    -277.053     231.983   290968   301693   315766          290968          301693          315766 0.967328  2699.38       0.227469
  0.994    -138.844    -1171.21    -276.589     232.224   290928   301693   315645          290928          301693          315645 0.96649  2700.61       0.227964
  0.996    -139.643    -1172.77    -276.124     232.459   290611   301693   315500          290611          301693          315500 0.967292  2701.84        0.22845
  0.998    -140.439    -1174.33    -275.659      232.69   290506   301693   315383          290506          301693          315383 0.966947  2703.08       0.228927
      1    -141.231    -1175.89    -275.194     232.916   290409   301693   315314          290409          301693          315314 0.96684  2704.32       0.229396
  1.002     -142.02    -1177.46    -274.728     233.138   290245   301693   315206          290245          301693          315206 0.966911  2705.56       0.229857
  1.004    -142.805    -1179.02    -274.261     233.356   290081   301693   315086          290081          301693          315086 0.966906   2706.8        0.23031
  1.006    -143.586    -1180.58    -273.794     233.569   289970   301693   314998          289970          301693          314998 0.966753  2708.05       0.230756
  1.008    -144.364    -1182.14    -273.327     233.778   289838   301693   314909          289838          301693          314909 0.96672   2709.3       0.231194
   1.01    -145.139    -1183.71    -272.859     233.984   289615   301621   314784          289615          301621          314784 0.967063  2710.56       0.231626
  1.012    -145.909    -1185.27    -272.391     234.186   289478   301621   314669          289478          301621          314669 0.966912  2711.81       0.232051
  1.014    -146.677    -1186.84    -271.922     234.385   289152   301621   314582          289152          301621          314582 0.968227  2713.07        0.23247
  1.016    -147.441     -1188.4    -271.453      234.58   289076   301621   314466          289076          301621          314466 0.9677  2714.34       0.232884
  1.018    -148.201    -1189.97    -270.984     234.773   289020   301621   314322          289020          301621          314322 0.966832   2715.6       0.233292
   1.02    -148.958    -1191.53    -270.514     234.963   288942   301621   314129          288942          301621          314129 0.965797  2716.87       0.233695
  1.022    -149.712     -1193.1    -270.044     235.151   288824   301621   314093          288824          301621          314093 0.966048  2718.14       0.234094
  1.024    -150.462    -1194.66    -269.574     235.336   288553   301621   314015          288553          301621          314015 0.967016  2719.42       0.234489
  1.026    -151.209    -1196.23    -269.103      235.52   288411   301621   313949          288411          301621          313949 0.967228  2720.69        0.23488
  1.028    -151.952     -1197.8    -268.632     235.701   288167   299593   313863          288167          299593          313863 0.968001  2721.97       0.235268
   1.03    -152.693    -1199.37     -268.16     235.882   287916   299593   313761          287916          299593          313761 0.968732  2723.26       0.235652
  1.032    -153.429    -1200.93    -267.688      236.06   287756   299593   313621          287756          299593          313621 0.968627  2724.54       0.236035
  1.034    -154.163     -1202.5    -267.216     236.238   287572   299593   313514          287572          299593          313514 0.96895  2725.83       0.236415
  1.036    -154.893    -1204.07    -266.743     236.415   287455   299593   313414          287455          299593          313414 0.968852  2727.12       0.236793
  1.038    -155.621    -1205.64     -266.27     236.591   287378   299593   313249          287378          299593          313249 0.968038  2728.41        0.23717
   1.04    -156.344    -1207.21    -265.797     236.766   287231   299593   313158          287231          299593          313158 0.968202  2729.71       0.237545
  1.042    -157.065    -1208.78    -265.323     236.941   287100   299593   313076          287100          299593          313076 0.968315     2731        0.23792
  1.044    -157.783    -1210.35    -264.849     237.116   286993   299593   312943          286993          299593          312943 0.967929  2732.31       0.238294
  1.046    -158.497    -1211.93    -264.375     237.291   286774   299593   312813          286774          299593          312813 0.968316  2733.61       0.238668
  1.048    -159.208     -1213.5      -263.9     237.467   286616   297031   312692          286616          297031          312692 0.968378  2734.91       0.239042
   1.05    -159.916    -1215.07    -263.425     237.642   286415   297031   312575          286415          297031          312575 0.968801  2736.22       0.239416
  1.052    -160.621    -1216.64    -262.949     237.818   286343   297031   312426          286343          297031          312426 0.96812  2737.54       0.239791
  1.054    -161.323    -1218.22    -262.473     237.995   286274   297031   312312          286274          297031          312312 0.967641  2738.85       0.240166
  1.056    -162.021    -1219.79    -261.997     238.172   286206   297031   312186          286206          297031          312186 0.967067  2740.17       0.240542
  1.058    -162.717    -1221.36    -261.521      238.35   286069   297031   312019          286069          297031          312019 0.966692  2741.49       0.240919
   1.06     -163.41    -1222.94    -261.044      238.53   285965   297031   311937          285965          297031          311937 0.966677  2742.81       0.241297
  1.062    -164.099    -1224.51    -260.567      238.71   285906   297031   311826          285906          297031          311826 0.966117  2744.13       0.241676
  1.064    -164.786    -1226.09    -260.089     238.891   285823   297031   311708          285823          297031          311708 0.96566  2745.46       0.242056
  1.066    -165.469    -1227.67    -259.611     239.073   285518   297031   311505          285518          297031          311505 0.966242  2746.79       0.242438
  1.068     -166.15    -1229.24    -259.133     239.257   285438   297031   311412          285438          297031          311412 0.96601  2748.12       0.242821
   1.07    -166.827    -1230.82    -258.654     239.441   285296   297031   311302          285296          297031          311302 0.966094  2749.46       0.243206
  1.072    -167.502     -1232.4    -258.175     239.627   285208   297031   311199          285208          297031          311199 0.96584   2750.8       0.243591
  1.074    -168.174    -1233.97    -257.695     239.814   285103   297031   311079          285103          297031          311079 0.965564  2752.14       0.243978
  1.076    -168.843    -1235.55    -257.216     240.002   284986   297031   310853          284986          297031          310853 0.964629  2753.49       0.244366
  1.078    -169.509    -1237.13    -256.735     240.192   284821   297031   310759          284821          297031          310759 0.965021  2754.83       0.244755
   1.08    -170.172    -1238.71    -256.255     240.382   284725   297031   310642          284725          297031          310642 0.964746  2756.18       0.245145
  1.082    -170.832    -1240.29    -255.774     240.574   284550   297031   310511          284550          297031          310511 0.964936  2757.54       0.245536
  1.084    -171.489    -1241.87    -255.293     240.767   284396   297031   310442          284396          297031          310442 0.965447  2758.89       0.245927
  1.086    -172.144    -1243.45    -254.811      240.96   284329   297031   310384          284329          297031          310384 0.965394  2760.25       0.246319
  1.088    -172.795    -1245.03    -254.329     241.155   284273   297031   310318          284273          297031          310318 0.965172  2761.61       0.246711
   1.09    -173.444    -1246.61    -253.846      241.35   284223   297031   310232          284223          297031          310232 0.964716  2762.97       0.247103
  1.092     -174.09    -1248.19    -253.363     241.546   284092   297031   310140          284092          297031          310140 0.964803  2764.34       0.247495
  1.094    -174.734    -1249.78     -252.88     241.742   283997   297031   310014          283997          297031          310014 0.964377  2765.71       0.247886
  1.096    -175.374    -1251.36    -252.396     241.939   283834   297031   309953          283834          297031          309953 0.964901  2767.08       0.248276
  1.098    -176.012    -1252.94    -251.912     242.137   283615   297031   309839          283615          297031          309839 0.965472  2768.46       0.248666
    1.1    -176.647    -1254.53    -251.428     242.334   283512   297031   309750          283512          297031          309750 0.965388  2769.84       0.249053
  1.102     -177.28    -1256.11    -250.943     242.531   283189   297023   309685          283189          297023          309685 0.967107  2771.22       0.249439
  1.104    -177.909    -1257.69    -250.458     242.729   283056   297023   309638          283056          297023          309638 0.967599   2772.6       0.249823
  1.106    -178.536    -1259.28    -249.972     242.925   282952   297023   309474          282952          297023          309474 0.967031  2773.99       0.250204
  1.108    -179.161    -1260.87    -249.486     243.122   282847   297023   309387          282847          297023          309387 0.967024  2775.38       0.250583
