# n_walkers  560  n_cull  1  simple log(alpha)  -0.001784121793501292
#   T     log_Z(T)      F(T)        U(T)       Cvp(T)    low_pct_i(T) mode_i(T) high_pct_i(T) low_pct_iter(T)  mode_iter(T)   high_pct_iter(T) Z_fract(T)   V(T)   thermal_exp(T)
   0.01     65977.9    -670.209    -668.966     121.191   581000   581055   581055          581000          581055          581055 0.866152  3057.42      -0.112308
  0.012     54808.5    -670.218    -668.723     121.213   580976   581055   581055          580976          581055          581055 0.901407  3056.84     -0.0797798
  0.014     46830.4    -670.228    -668.481      121.23   580965   581055   581055          580965          581055          581055 0.891098  3056.43     -0.0571829
  0.016     40846.8    -670.237    -668.238     121.245   580949   581055   581055          580949          581055          581055 0.894381  3056.13     -0.0415791
  0.018       36193    -670.247    -667.996     121.259   580935   581055   581055          580935          581055          581055 0.893562  3055.91     -0.0308002
   0.02     32469.9    -670.258    -667.753     121.273   580922   581055   581055          580922          581055          581055 0.889264  3055.75     -0.0233226
  0.022     29423.7    -670.268    -667.511     121.288   580904   581055   581055          580904          581055          581055 0.891895  3055.62      -0.018098
  0.024     26885.3    -670.279    -667.268     121.302   580889   581055   581055          580889          581055          581055 0.890259  3055.52     -0.0144113
  0.026     24737.4     -670.29    -667.026     121.317   580868   581055   581055          580868          581055          581055 0.896908  3055.44     -0.0117768
  0.028     22896.3    -670.301    -666.783     121.332   580855   581055   581055          580855          581055          581055 0.892849  3055.38    -0.00986485
   0.03     21300.7    -670.312     -666.54     121.348   580832   581055   581055          580832          581055          581055 0.900142  3055.32    -0.00845169
  0.032     19904.6    -670.324    -666.298     121.365   580820   581055   581055          580820          581055          581055 0.894988  3055.27    -0.00738542
  0.034     18672.8    -670.336    -666.055     121.383   580806   581055   581055          580806          581055          581055 0.891943  3055.23    -0.00656276
  0.036     17577.8    -670.348    -665.812     121.402   580776   581055   581055          580776          581055          581055 0.903092  3055.19    -0.00591344
  0.038       16598     -670.36    -665.569     121.422   580753   581055   581055          580753          581055          581055 0.908336  3055.16    -0.00538949
   0.04     15716.3    -670.372    -665.326     121.442   580742   581055   581055          580742          581055          581055 0.903593  3055.12    -0.00495814
  0.042     14918.5    -670.384    -665.083     121.464   580725   581055   581055          580725          581055          581055 0.902699   3055.1    -0.00459684
  0.044     14193.3    -670.397    -664.841     121.487   580704   581055   581055          580704          581055          581055 0.905044  3055.07    -0.00429005
  0.046     13531.1    -670.409    -664.598     121.511   580678   581055   581055          580678          581055          581055 0.910321  3055.04    -0.00402691
  0.048     12924.1    -670.422    -664.354     121.536   580664   581055   581055          580664          581055          581055 0.907704  3055.02    -0.00379973
   0.05     12365.7    -670.435    -664.111     121.562   580650   581055   581055          580650          581055          581055 0.90482     3055    -0.00360299
  0.052     11850.2    -670.448    -663.868     121.589   580626   581055   581055          580626          581055          581055 0.907487  3054.98    -0.00343259
  0.054     11372.9    -670.461    -663.625     121.618   580604   581055   581055          580604          581055          581055 0.908712  3054.95    -0.00328539
  0.056     10929.8    -670.474    -663.382     121.649   580576   581055   581055          580576          581055          581055 0.912895  3054.93    -0.00315891
  0.058     10517.1    -670.488    -663.138     121.681   580561   581055   581055          580561          581055          581055 0.910456  3054.92    -0.00305109
   0.06       10132    -670.501    -662.895     121.714   580540   581055   581055          580540          581055          581055 0.910769   3054.9    -0.00296016
  0.062     9771.75    -670.515    -662.652     121.749   580519   581055   581055          580519          581055          581055 0.910744  3054.88    -0.00288454
  0.064        9434    -670.529    -662.408     121.786   580504   581055   581055          580504          581055          581055 0.907736  3054.86    -0.00282281
  0.066     9116.73    -670.542    -662.164     121.825   580464   581055   581055          580464          581055          581055 0.914897  3054.85    -0.00277362
  0.068     8818.12    -670.556    -661.921     121.866   580439   581055   581055          580439          581055          581055 0.916164  3054.83    -0.00273573
   0.07     8536.57     -670.57    -661.677     121.908   580409   581055   581055          580409          581055          581055 0.919052  3054.81    -0.00270792
  0.072     8270.67    -670.584    -661.433     121.952   580383   581055   581055          580383          581055          581055 0.920297   3054.8    -0.00268909
  0.074     8019.14    -670.599    -661.189     121.999   580367   581055   581055          580367          581055          581055 0.91795  3054.78    -0.00267815
  0.076     7780.85    -670.613    -660.945     122.047   580350   581055   581055          580350          581055          581055 0.915666  3054.76    -0.00267408
  0.078     7554.79    -670.628    -660.701     122.097   580324   581055   581055          580324          581055          581055 0.916012  3054.75    -0.00267594
   0.08     7340.02    -670.642    -660.457      122.15   580293   581055   581055          580293          581055          581055 0.917817  3054.73    -0.00268282
  0.082     7135.74    -670.657    -660.212     122.204   580270   581055   581055          580270          581055          581055 0.917079  3054.71    -0.00269388
  0.084     6941.18    -670.672    -659.968     122.261   580240   581055   581055          580240          581055          581055 0.918089   3054.7    -0.00270836
  0.086     6755.68    -670.687    -659.723     122.319   580219   581055   581055          580219          581055          581055 0.916381  3054.68    -0.00272554
  0.088      6578.6    -670.702    -659.479      122.38   580181   581055   581055          580181          581055          581055 0.919036  3054.66    -0.00274478
   0.09      6409.4    -670.717    -659.234     122.443   580160   581055   581055          580160          581055          581055 0.917084  3054.65    -0.00276548
  0.092     6247.56    -670.732    -658.989     122.509   580120   581055   581055          580120          581055          581055 0.919679  3054.63    -0.00278711
  0.094      6092.6    -670.747    -658.744     122.577   580087   581055   581055          580087          581055          581055 0.920518  3054.61    -0.00280922
  0.096     5944.11    -670.763    -658.499     122.647   580067   581055   581055          580067          581055          581055 0.91804   3054.6    -0.00283139
  0.098     5801.67    -670.778    -658.253     122.721   580031   581055   581055          580031          581055          581055 0.919027  3054.58    -0.00285326
    0.1     5664.94    -670.794    -658.008     122.796   580008   581055   581055          580008          581055          581055 0.916919  3054.56    -0.00287453
  0.102     5533.56     -670.81    -657.762     122.875   579984   581055   581055          579984          581055          581055 0.914851  3054.54    -0.00289494
  0.104     5407.24    -670.826    -657.516     122.957   579945   581055   581055          579945          581055          581055 0.91562  3054.53    -0.00291429
  0.106     5285.69    -670.842     -657.27     123.042   579913   581055   581055          579913          581055          581055 0.91476  3054.51     -0.0029324
  0.108     5168.64    -670.858    -657.024     123.131   579885   581055   581055          579885          581055          581055 0.912939  3054.49    -0.00294915
   0.11     5055.85    -670.874    -656.778     123.223   579844   581055   581055          579844          581055          581055 0.913285  3054.47    -0.00296446
  0.112     4947.09     -670.89    -656.531     123.319   579798   581055   581055          579798          581055          581055 0.914279  3054.45    -0.00297828
  0.114     4842.14    -670.907    -656.284     123.419   579768   581055   581055          579768          581055          581055 0.912409  3054.44    -0.00299057
  0.116     4740.82    -670.923    -656.037     123.523   579714   581055   581055          579714          581055          581055 0.914329  3054.42    -0.00300135
  0.118     4642.93     -670.94     -655.79     123.633   579683   581055   581055          579683          581055          581055 0.912331   3054.4    -0.00301065
   0.12      4548.3    -670.957    -655.543     123.747   579633   581055   581055          579633          581055          581055 0.913021  3054.38    -0.00301854
  0.122     4456.78    -670.974    -655.295     123.867   579599   581055   581055          579599          581055          581055 0.91117  3054.36    -0.00302509
  0.124     4368.21    -670.991    -655.047     123.992   579504   581055   581055          579504          581055          581055 0.918017  3054.34    -0.00303041
  0.126     4282.46    -671.008    -654.799     124.124   579444   581055   581055          579444          581055          581055 0.919692  3054.32    -0.00303461
  0.128     4199.38    -671.026    -654.551     124.262   579391   581055   581055          579391          581055          581055 0.920272  3054.31    -0.00303783
   0.13     4118.87    -671.043    -654.302     124.407   579323   581055   581055          579323          581055          581055 0.922603  3054.29    -0.00304022
  0.132     4040.79    -671.061    -654.053     124.559   579249   581055   581055          579249          581055          581055 0.925481  3054.27    -0.00304194
  0.134     3965.04    -671.078    -653.804      124.72   579193   581055   581055          579193          581055          581055 0.926154  3054.25    -0.00304318
  0.136     3891.53    -671.096    -653.554     124.889   579110   581055   581055          579110          581055          581055 0.929824  3054.23    -0.00304411
  0.138     3820.14    -671.114    -653.304     125.067   579077   581055   581055          579077          581055          581055 0.927453  3054.21    -0.00304493
   0.14      3750.8    -671.133    -653.054     125.255   579030   581055   581055          579030          581055          581055 0.9264  3054.19    -0.00304585
  0.142     3683.41    -671.151    -652.803     125.453   578973   581055   581055          578973          581055          581055 0.926157  3054.18    -0.00304709
  0.144     3617.89    -671.169    -652.552     125.662   578897   581055   581055          578897          581055          581055 0.9277  3054.16    -0.00304886
  0.146     3554.17    -671.188    -652.301     125.882   578842   581055   581055          578842          581055          581055 0.926851  3054.14     -0.0030514
  0.148     3492.18    -671.207    -652.049     126.116   578787   581055   581055          578787          581055          581055 0.925688  3054.12    -0.00305496
   0.15     3431.83    -671.226    -651.796     126.363   578733   581055   581055          578733          581055          581055 0.924188   3054.1    -0.00305977
  0.152     3373.08    -671.245    -651.543     126.624   578662   581055   581055          578662          581055          581055 0.923909  3054.08    -0.00306611
  0.154     3315.86    -671.264     -651.29     126.901   578605   581055   581055          578605          581055          581055 0.922095  3054.06    -0.00307424
  0.156      3260.1    -671.284    -651.036     127.194   578534   581055   581055          578534          581055          581055 0.921172  3054.05    -0.00308445
  0.158     3205.75    -671.304    -650.781     127.505   578468   581055   581055          578468          581055          581055 0.919528  3054.03    -0.00309703
   0.16     3152.77    -671.323    -650.526     127.835   578417   581055   581055          578417          581055          581055 0.916323  3054.01     -0.0031123
  0.162     3101.09    -671.343     -650.27     128.187   578286   581055   581055          578286          581055          581055 0.919006  3053.99     -0.0031306
  0.164     3050.68    -671.364    -650.013      128.56   578160   581055   581055          578160          581055          581055 0.921045  3053.97    -0.00315228
  0.166     3001.48    -671.384    -649.755     128.958   578101   581055   581055          578101          581055          581055 0.917926  3053.95    -0.00317773
  0.168     2953.45    -671.405    -649.497     129.382   577993   581055   581055          577993          581055          581055 0.917756  3053.93    -0.00320735
   0.17     2906.56    -671.426    -649.238     129.835   577905   581055   581055          577905          581055          581055 0.915836  3053.91    -0.00324161
  0.172     2860.76    -671.447    -648.978     130.319   577779   581055   581055          577779          581055          581055 0.915991  3053.89      -0.003281
  0.174     2816.01    -671.468    -648.717     130.836   577621   581055   581055          577621          581055          581055 0.917812  3053.87    -0.00332605
  0.176     2772.28     -671.49    -648.454     131.391   577410   581055   581055          577410          581055          581055 0.922539  3053.85    -0.00337736
  0.178     2729.53    -671.512    -648.191     131.987   577268   581055   581055          577268          581055          581055 0.922883  3053.83     -0.0034356
   0.18     2687.74    -671.534    -647.926     132.628   577162   581055   581055          577162          581055          581055 0.920857  3053.81    -0.00350149
  0.182     2646.87    -671.557     -647.66     133.318   576928   581055   581055          576928          581055          581055 0.924991  3053.79    -0.00357586
  0.184     2606.88    -671.579    -647.393     134.064   576617   581036   581055          576617          581036          581055 0.933108  3053.76    -0.00365962
  0.186     2567.76    -671.602    -647.124     134.869   576507   581036   581055          576507          581036          581055 0.93094  3053.74    -0.00375379
  0.188     2529.47    -671.626    -646.853     135.742   576321   581036   581055          576321          581036          581055 0.931975  3053.72    -0.00385952
   0.19     2491.99    -671.649    -646.581     136.691   576211   581036   581055          576211          581036          581055 0.92901  3053.69    -0.00397809
  0.192      2455.3    -671.673    -646.307     137.723   575985   581036   581055          575985          581036          581055 0.930541  3053.67    -0.00411094
  0.194     2419.36    -671.698     -646.03     138.849   575757   581036   581055          575757          581036          581055 0.931709  3053.64     -0.0042597
  0.196     2384.15    -671.723    -645.751     140.082   575510   581036   581055          575510          581036          581055 0.933193  3053.62    -0.00442619
  0.198     2349.66    -671.748     -645.47     141.433   575384   581036   581055          575384          581036          581055 0.929501  3053.59    -0.00461245
    0.2     2315.86    -671.774    -645.185     142.918   575204   581036   581055          575204          581036          581055 0.92692  3053.56    -0.00482078
  0.202     2282.74      -671.8    -644.898     144.555   574931   580756   581055          574931          580756          581055 0.926858  3053.53    -0.00505375
  0.204     2250.26    -671.826    -644.607     146.364   574498   580756   581055          574498          580756          581055 0.931662   3053.5    -0.00531424
  0.206     2218.42    -671.853    -644.312     148.368   574152   580756   581055          574152          580756          581055 0.933036  3053.47    -0.00560548
  0.208     2187.19    -671.881    -644.013     150.593   573821   580747   581055          573821          580747          581055 0.933176  3053.43    -0.00593103
   0.21     2156.56    -671.909     -643.71     153.069   573512   580747   581055          573512          580747          581055 0.931852  3053.39    -0.00629486
  0.212     2126.52    -671.938    -643.401      155.83   573217   580682   581055          573217          580682          581055 0.929484  3053.35    -0.00670132
  0.214     2097.03    -671.968    -643.086     158.914   572815   580682   581055          572815          580682          581055 0.929066  3053.31    -0.00715513
  0.216      2068.1    -671.998    -642.765     162.362   572413   580682   581055          572413          580682          581055 0.92726  3053.27    -0.00766141
  0.218      2039.7    -672.029    -642.437     166.221   571625   580682   581055          571625          580682          581055 0.933354  3053.22    -0.00822554
   0.22     2011.82    -672.061      -642.1      170.54   570899   580388   581055          570899          580388          581055 0.937213  3053.17    -0.00885315
  0.222     1984.45    -672.094    -641.754     175.372   570171   580388   581055          570171          580388          581055 0.940402  3053.11    -0.00954988
  0.224     1957.57    -672.128    -641.398     180.772   569734   580388   581055          569734          580388          581055 0.9369  3053.05     -0.0103212
  0.226     1931.17    -672.163    -641.031     186.794   568938   580388   581055          568938          580388          581055 0.938553  3052.98     -0.0111721
  0.228     1905.24    -672.199     -640.65     193.487   568338   580388   581055          568338          580388          581055 0.935705  3052.91     -0.0121067
   0.23     1879.76    -672.236    -640.256     200.897   567499   580388   581055          567499          580388          581055 0.93496  3052.84     -0.0131278
  0.232     1854.73    -672.275    -639.846     209.056   566035   580388   581055          566035          580388          581055 0.942202  3052.75      -0.014236
  0.234     1830.14    -672.315    -639.419     217.979   564174   580388   581055          564174          580388          581055 0.953226  3052.66     -0.0154296
  0.236     1805.97    -672.357    -638.974      227.66   562739   579121   581055          562739          579121          581055 0.959459  3052.56     -0.0167035
  0.238     1782.21    -672.401    -638.508     238.063   561665   579121   581055          561665          579121          581055 0.961043  3052.46     -0.0180489
   0.24     1758.86    -672.447    -638.021     249.119   560282   579121   581055          560282          579121          581055 0.965662  3052.34     -0.0194527
  0.242      1735.9    -672.495    -637.511     260.721   559142   579121   581055          559142          579121          581055 0.966673  3052.22     -0.0208977
  0.244     1713.33    -672.545    -636.978     272.725   557664   579121   581055          557664          579121          581055 0.969848  3052.09     -0.0223631
  0.246     1691.13    -672.598     -636.42     284.951   555702   579121   581055          555702          579121          581055 0.976526  3051.95     -0.0238249
  0.248     1669.31    -672.654    -635.838     297.193   554519   576620   581055          554519          576620          581055 0.977807   3051.8     -0.0252584
   0.25     1647.84    -672.712    -635.232     309.232   553221   576620   581055          553221          576620          581055 0.979204  3051.64     -0.0266393
  0.252     1626.73    -672.774    -634.602     320.851   551961   576620   581055          551961          576620          581055 0.979769  3051.47     -0.0279469
  0.254     1605.96    -672.838    -633.949     331.858   550302   576620   581055          550302          576620          581055 0.98228   3051.3     -0.0291662
  0.256     1585.53    -672.906    -633.275     342.099   548708   570457   581055          548708          570457          581055 0.984175  3051.12     -0.0302902
  0.258     1565.44    -672.977    -632.581     351.481   547798   563200   581055          547798          563200          581055 0.982821  3050.93     -0.0313206
   0.26     1545.66    -673.052    -631.869     359.971   547011   563200   581055          547011          563200          581055 0.980595  3050.73     -0.0322686
  0.262      1526.2    -673.131    -631.142     367.607   545776   563200   581055          545776          563200          581055 0.980328  3050.53     -0.0331533
  0.264     1507.05    -673.213    -630.399     374.479   544624   563200   581055          544624          563200          581055 0.979424  3050.33     -0.0339996
  0.266      1488.2      -673.3    -629.644     380.722   543277   563200   581055          543277          563200          581055 0.979329  3050.12     -0.0348347
  0.268     1469.64     -673.39    -628.877     386.488   541949   560799   581055          541949          560799          581055 0.979126   3049.9     -0.0356846
   0.27     1451.38    -673.484    -628.098     391.925   540649   560689   581045          540649          560689          581045 0.978491  3049.68       -0.03657
  0.272      1433.4    -673.582    -627.309     397.153   538859   560689   580434          538859          560689          580434 0.977732  3049.46     -0.0375033
  0.274      1415.7    -673.685     -626.51     402.245   537450   555175   579332          537450          555175          579332 0.974044  3049.23     -0.0384857
  0.276     1398.27    -673.791      -625.7     407.213   535384   555175   577542          535384          555175          577542 0.972696  3048.99     -0.0395066
  0.278      1381.1    -673.902    -624.881     412.007   534418   555175   576621          534418          555175          576621 0.971428  3048.74     -0.0405431
   0.28      1364.2    -674.016    -624.053     416.515   533255   555175   574721          533255          555175          574721 0.967408  3048.49      -0.041562
  0.282     1347.55    -674.135    -623.215     420.579   532272   555175   573459          532272          555175          573459 0.966085  3048.24     -0.0425227
  0.284     1331.15    -674.259    -622.371     424.012   531078   555175   572065          531078          555175          572065 0.965866  3047.98     -0.0433812
  0.286     1314.99    -674.386     -621.52     426.624   530001   555175   571327          530001          555175          571327 0.967734  3047.71      -0.044095
  0.288     1299.07    -674.518    -620.665     428.249   528651   548965   570466          528651          548965          570466 0.970097  3047.44     -0.0446274
   0.29     1283.39    -674.654    -619.808     428.765   527443   548961   568977          527443          548961          568977 0.96967  3047.17     -0.0449524
  0.292     1267.94    -674.795    -618.951     428.113   526478   548961   567607          526478          548961          567607 0.96905  3046.89     -0.0450567
  0.294     1252.71    -674.939    -618.096     426.308   525566   548961   566790          525566          548961          566790 0.970215  3046.62     -0.0449421
  0.296      1237.7    -675.088    -617.246     423.438   524400   542626   565715          524400          542626          565715 0.970978  3046.34     -0.0446242
  0.298      1222.9    -675.241    -616.403     419.656   523476   536047   564803          523476          536047          564803 0.97155  3046.07      -0.044131
    0.3     1208.32    -675.398    -615.568     415.167   522964   536047   563612          522964          536047          563612 0.968898  3045.81     -0.0434999
  0.302     1193.94    -675.558    -614.742     410.205   522210   536047   562300          522210          536047          562300 0.966328  3045.54     -0.0427738
  0.304     1179.77    -675.723    -613.927     405.017   521494   536047   561066          521494          536047          561066 0.964074  3045.29     -0.0419973
  0.306     1165.79    -675.892    -613.122     399.845   520713   536047   559441          520713          536047          559441 0.960291  3045.03     -0.0412138
  0.308     1152.01    -676.064    -612.328     394.911   519726   536047   558135          519726          536047          558135 0.959285  3044.78     -0.0404629
   0.31     1138.41    -676.239    -611.542     390.406   518759   536047   556942          518759          536047          556942 0.958955  3044.54     -0.0397783
  0.312        1125    -676.418    -610.766     386.487   517888   536047   556182          517888          536047          556182 0.960198   3044.3     -0.0391878
  0.314     1111.78    -676.601    -609.996     383.273   517044   534979   555280          517044          534979          555280 0.960136  3044.06     -0.0387123
  0.316     1098.73    -676.787    -609.232     380.848   516259   534941   553807          516259          534941          553807 0.956889  3043.83     -0.0383676
  0.318     1085.85    -676.976    -608.472     379.266   515656   533556   552598          515656          533556          552598 0.953781  3043.59     -0.0381641
   0.32     1073.15    -677.168    -607.714      378.55   514267   533556   551605          514267          533556          551605 0.955869  3043.36     -0.0381089
  0.322     1060.61    -677.364    -606.957     378.706   513292   533431   550737          513292          533431          550737 0.956337  3043.13     -0.0382064
  0.324     1048.24    -677.563    -606.199     379.719   511623   531563   549786          511623          531563          549786 0.959647   3042.9     -0.0384599
  0.326     1036.03    -677.765    -605.438     381.567   510493   531563   548995          510493          531563          548995 0.961319  3042.66     -0.0388723
  0.328     1023.98    -677.971    -604.672     384.215   509666   531563   547975          509666          531563          547975 0.960245  3042.42     -0.0394471
   0.33     1012.08    -678.179      -603.9     387.629   508521   527561   546855          508521          527561          546855 0.960045  3042.18     -0.0401891
  0.332     1000.34    -678.391    -603.121     391.768   507308   527561   546062          507308          527561          546062 0.961574  3041.93     -0.0411044
  0.334      988.75    -678.606    -602.333     396.591   506520   527561   545126          506520          527561          545126 0.960284  3041.68     -0.0422005
  0.336     977.306    -678.824    -601.534     402.054   505755   527561   544313          505755          527561          544313 0.958902  3041.42      -0.043486
  0.338     966.008    -679.046    -600.724     408.113   503995   523972   543525          503995          523972          543525 0.961626  3041.15     -0.0449698
   0.34     954.852    -679.271    -599.902     414.717   503169   523972   542750          503169          523972          542750 0.960245  3040.87       -0.04666
  0.342     943.837      -679.5    -599.065     421.806   501815   523343   541713          501815          523343          541713 0.959633  3040.58     -0.0485624
  0.344     932.961    -679.732    -598.214     429.313   500711   519152   540961          500711          519152          540961 0.958988  3040.28      -0.050679
  0.346      922.22    -679.968    -597.348     437.152   498359   519152   540033          498359          519152          540033 0.963019  3039.97      -0.053006
  0.348     911.614    -680.207    -596.465     445.223   497028   519152   539206          497028          519152          539206 0.963773  3039.64     -0.0555322
   0.35      901.14     -680.45    -595.567     453.406   495871   519152   538622          495871          519152          538622 0.964987  3039.29     -0.0582373
  0.352     890.795    -680.697    -594.652     461.563   494616   519152   537805          494616          519152          537805 0.965391  3038.93     -0.0610908
  0.354     880.578    -680.948    -593.721     469.538   492868   519152   537150          492868          519152          537150 0.968826  3038.55     -0.0640516
  0.356     870.487    -681.203    -592.774     477.164   491495   519152   536729          491495          519152          536729 0.971622  3038.15     -0.0670688
  0.358      860.52    -681.462    -591.812     484.269   490392   519152   536341          490392          519152          536341 0.9736  3037.73     -0.0700833
   0.36     850.675    -681.725    -590.837      490.69   489454   511350   535459          489454          511350          535459 0.972728   3037.3     -0.0730308
  0.362     840.951    -681.992     -589.85      496.28   488472   511350   534450          488472          511350          534450 0.971509  3036.85      -0.075846
  0.364     831.344    -682.263    -588.853     500.925   487331   510773   533596          487331          510773          533596 0.97175  3036.38     -0.0784671
  0.366     821.854    -682.538    -587.847     504.555   486271   510773   532399          486271          510773          532399 0.970529  3035.89     -0.0808415
  0.368     812.479    -682.818    -586.835     507.154   485508   510773   531621          485508          510773          531621 0.969737   3035.4     -0.0829302
   0.37     803.216    -683.101    -585.819     508.768   484626   507425   530410          484626          507425          530410 0.967636  3034.89      -0.084713
  0.372     794.064    -683.389    -584.801     509.507   483043   507425   529408          483043          507425          529408 0.969094  3034.37     -0.0861913
  0.374     785.021    -683.682    -583.781      509.54   482092   507425   528596          482092          507425          528596 0.968583  3033.84     -0.0873901
  0.376     776.086    -683.978    -582.763     509.096   481166   498409   527568          481166          498409          527568 0.967086  3033.31     -0.0883582
  0.378     767.256    -684.278    -581.745     508.449   479953   498407   525986          479953          498407          525986 0.964584  3032.77     -0.0891676
   0.38     758.529    -684.583    -580.729     507.909   479264   498407   524704          479264          498407          524704 0.961051  3032.23     -0.0899114
  0.382     749.905    -684.891    -579.713     507.815   478044   496760   523744          478044          496760          523744 0.960438  3031.68     -0.0907017
  0.384     741.382    -685.204    -578.697     508.518   477164   496520   522270          477164          496520          522270 0.956201  3031.13     -0.0916669
  0.386     732.957    -685.521    -577.678     510.385   475823   496520   521271          475823          496520          521271 0.95547  3030.57     -0.0929512
  0.388     724.629    -685.842    -576.655     513.792   473186   496520   519870          473186          496520          519870 0.958907     3030     -0.0947147
   0.39     716.397    -686.167    -575.622     519.131   472011   496520   519295          472011          496520          519295 0.959996  3029.42     -0.0971369
  0.392      708.26    -686.496    -574.576     526.831   471305   492868   517716          471305          492868          517716 0.954114  3028.82      -0.100425
  0.394     700.216    -686.829    -573.513     537.385   469573   491019   516266          469573          491019          516266 0.952822   3028.2      -0.104826
  0.396     692.263    -687.166    -572.425     551.399   467898   491019   514788          467898          491019          514788 0.951552  3027.55      -0.110655
  0.398     684.402    -687.508    -571.304     569.675   466535   490866   513931          466535          490866          513931 0.950805  3026.86      -0.118326
    0.4      676.63    -687.854    -570.142      593.32   465837   490866   512599          465837          490866          512599 0.944133  3026.11      -0.128416
  0.402     668.948    -688.205    -568.926     623.906   462440   490866   511883          462440          490866          511883 0.951288  3025.29      -0.141739
  0.404     661.354    -688.561    -567.641     663.685   461164   490866   511201          461164          490866          511201 0.948323  3024.39      -0.159466
  0.406     653.848    -688.922    -566.263     715.834   458911   490866   510066          458911          490866          510066 0.945481  3023.35      -0.183262
  0.408     646.431     -689.29    -564.766     784.697   456240   490866   509070          456240          490866          509070 0.943356  3022.15      -0.215438
   0.41     639.101    -689.663     -563.11      875.87   453430   490866   508254          453430          490866          508254 0.939209  3020.73      -0.259043
  0.412     631.861    -690.045    -561.243     995.868   449642   490866   507559          449642          490866          507559 0.934714  3018.99      -0.317781
  0.414     624.711    -690.434    -559.103      1150.9   444782   483664   506536          444782          483664          506536 0.927372  3016.85       -0.39549
  0.416     617.654    -690.834    -556.614     1344.17   420747   473271   505087          420747          473271          505087 0.9649  3014.18      -0.494861
  0.418     610.693    -691.245    -553.703     1571.36   414507   473271   504060          414507          473271          504060 0.972659  3010.84       -0.61516
   0.42     603.831    -691.671    -550.317     1815.35   410885   473271   502461          410885          473271          502461 0.975089  3006.74      -0.749268
  0.422     597.073    -692.112    -546.452     2043.26   407259   473271   501324          407259          473271          501324 0.979095  3001.84      -0.881589
  0.424     590.421    -692.572    -542.184     2211.08   404181   473271   500220          404181          473271          500220 0.982708  2996.21      -0.989537
  0.426     583.877    -693.052    -537.676     2278.26   401547   473271   499232          401547          473271          499232 0.986204  2990.07       -1.05038
  0.428     577.442    -693.551    -533.151     2226.27   400760   421550   496761          400760          421550          496761 0.983726  2983.76       -1.05105
   0.43     571.112     -694.07    -528.842     2068.06   400048   421550   492995          400048          421550          492995 0.978862  2977.64      -0.994321
  0.432     564.883    -694.607    -524.925     1840.95   399285   416643   487660          399285          416643          487660 0.970611     2972      -0.896676
  0.434     558.748    -695.161    -521.495      1588.9   398703   416643   480413          398703          416643          480413 0.959101  2967.02      -0.779873
  0.436       552.7    -695.727    -518.562     1347.15   398016   416643   473937          398016          416643          473937 0.952183  2962.75      -0.662708
  0.438     546.734    -696.305    -516.085     1136.11   397193   412937   463885          397193          412937          463885 0.935096  2959.14      -0.557089
   0.44     540.842    -696.893    -513.992     963.076   396346   412937   446858          396346          412937          446858 0.898162  2956.12      -0.468219
  0.442     535.022    -697.488    -512.208     826.922   395784   412937   442485          395784          412937          442485 0.904996  2953.57      -0.396694
  0.444     529.268    -698.089    -510.664     722.548   395008   412937   439763          395008          412937          439763 0.914771   2951.4      -0.340693
  0.446     523.578    -698.696    -509.301     643.753   394082   412937   437002          394082          412937          437002 0.921541  2949.52      -0.297516
  0.448     517.949    -699.307    -508.075      584.72   393414   412937   435601          393414          412937          435601 0.930161  2947.87      -0.264443
   0.45      512.38    -699.923    -506.952     540.586   392781   412937   434632          392781          412937          434632 0.93785  2946.39      -0.239102
  0.452     506.868    -700.542    -505.906     507.528   392177   412898   433461          392177          412898          433461 0.942306  2945.04      -0.219578
  0.454     501.413    -701.165    -504.917     482.645   391673   412898   432444          391673          412898          432444 0.945544  2943.79      -0.204383
  0.456     496.012    -701.791    -503.971     463.775   390366   412898   431330          390366          412898          431330 0.951376  2942.63      -0.192392
  0.458     490.665    -702.421    -503.059     449.328   389742   412898   430257          389742          412898          430257 0.95379  2941.52      -0.182765
   0.46     485.371    -703.053    -502.172     438.132   389175   412898   429584          389175          412898          429584 0.956911  2940.47      -0.174878
  0.462     480.128    -703.687    -501.305      429.33   388567   412898   428709          388567          412898          428709 0.958712  2939.47      -0.168268
  0.464     474.937    -704.325    -500.453     422.284   388083   407285   427909          388083          407285          427909 0.959836  2938.49      -0.162593
  0.466     469.796    -704.965    -499.615     416.525   387122   406641   426887          387122          406641          426887 0.961705  2937.55      -0.157597
  0.468     464.704    -705.607    -498.786     411.702   386532   404352   426242          386532          404352          426242 0.963479  2936.64      -0.153091
   0.47     459.661    -706.253    -497.967     407.551   386084   403715   425487          386084          403715          425487 0.963851  2935.75      -0.148935
  0.472     454.665      -706.9    -497.156     403.873   385506   403715   425145          385506          403715          425145 0.966199  2934.89      -0.145022
  0.474     449.717     -707.55    -496.352      400.52   384964   402434   424240          384964          402434          424240 0.965758  2934.05      -0.141276
  0.476     444.816    -708.202    -495.554     397.377   384434   402434   423347          384434          402434          423347 0.965366  2933.23      -0.137638
  0.478      439.96    -708.857    -494.762     394.361   383677   402434   422915          383677          402434          422915 0.967976  2932.44      -0.134066
   0.48      435.15    -709.514    -493.976     391.408   383229   402434   422347          383229          402434          422347 0.96852  2931.66       -0.13053
  0.482     430.384    -710.173    -493.196     388.474   382492   402255   421954          382492          402255          421954 0.971058  2930.91       -0.12701
  0.484     425.662    -710.835    -492.422     385.525   382092   402255   421260          382092          402255          421260 0.970632  2930.17      -0.123491
  0.486     420.984    -711.498    -491.654      382.54   381414   402255   420758          381414          402255          420758 0.972405  2929.46      -0.119966
  0.488     416.348    -712.164    -490.892     379.506   380975   396603   419879          380975          396603          419879 0.971651  2928.77       -0.11643
   0.49     411.754    -712.832    -490.136     376.416   380706   396603   419044          380706          396603          419044 0.970382  2928.09      -0.112882
  0.492     407.203    -713.502    -489.387     373.269   380376   396603   418482          380376          396603          418482 0.970479  2927.44      -0.109323
  0.494     402.692    -714.174    -488.643     370.069   379990   396603   417927          379990          396603          417927 0.970778  2926.81      -0.105757
  0.496     398.221    -714.848    -487.906     366.819   379670   396603   417315          379670          396603          417315 0.970515  2926.21      -0.102186
  0.498     393.791    -715.524    -487.176      363.53   379282   393850   416694          379282          393850          416694 0.970437  2925.62     -0.0986173
    0.5       389.4    -716.202    -486.452     360.211   378848   393850   415911          378848          393850          415911 0.969879  2925.05     -0.0950549
  0.502     385.047    -716.882    -485.735     356.872   378693   393850   415060          378693          393850          415060 0.967605  2924.51     -0.0915045
  0.504     380.733    -717.564    -485.025     353.525   378547   393850   414671          378547          393850          414671 0.967426  2923.98     -0.0879717
  0.506     376.457    -718.248    -484.321     350.184   378215   393850   413954          378215          393850          413954 0.966464  2923.48     -0.0844618
  0.508     372.218    -718.933    -483.624     346.858   377616   393850   413431          377616          393850          413431 0.967747  2922.99       -0.08098
   0.51     368.016     -719.62    -482.934      343.56   377436   393850   413080          377436          393850          413080 0.967778  2922.53     -0.0775308
  0.512      363.85    -720.309     -482.25     340.302   377153   390406   412282          377153          390406          412282 0.965973  2922.09     -0.0741186
  0.514      359.72        -721    -481.572     337.094   376792   390406   411525          376792          390406          411525 0.964887  2921.66     -0.0707472
  0.516     355.625    -721.693    -480.901     333.946   376595   390406   410592          376595          390406          410592 0.96204  2921.26     -0.0674198
  0.518     351.565    -722.387    -480.237     330.868   376366   390406   409996          376366          390406          409996 0.961029  2920.88     -0.0641393
   0.52     347.539    -723.083    -479.578     327.868   375975   390406   409361          375975          390406          409361 0.960622  2920.51     -0.0609079
  0.522     343.547     -723.78    -478.925     324.955   375595   390406   408726          375595          390406          408726 0.96016  2920.16     -0.0577275
  0.524     339.589    -724.479    -478.278     322.135   375227   390406   408126          375227          390406          408126 0.959774  2919.84     -0.0545992
  0.526     335.663    -725.179    -477.636     319.415   374973   390406   407726          374973          390406          407726 0.959791  2919.53      -0.051524
  0.528     331.771    -725.881        -477       316.8   374356   389853   407382          374356          389853          407382 0.961922  2919.23     -0.0485022
   0.53      327.91    -726.585    -476.369     314.295   373938   389853   406882          373938          389853          406882 0.96206  2918.96     -0.0455338
  0.532     324.081     -727.29    -475.743     311.903   373406   389853   406197          373406          389853          406197 0.961836   2918.7     -0.0426183
  0.534     320.284    -727.996    -475.121     309.629   373222   389853   405863          373222          389853          405863 0.961652  2918.46     -0.0397549
  0.536     316.518    -728.704    -474.504     307.473   372538   386417   405240          372538          386417          405240 0.962622  2918.24     -0.0369426
  0.538     312.782    -729.413    -473.891     305.438   371867   386417   404747          371867          386417          404747 0.964419  2918.03     -0.0341799
   0.54     309.076    -730.124    -473.283     303.525   371661   386417   404426          371661          386417          404426 0.964594  2917.84      -0.031465
  0.542     305.401    -730.836    -472.677     301.734   371301   383743   403971          371301          383743          403971 0.964749  2917.66     -0.0287962
  0.544     301.755    -731.549    -472.076     300.065   370957   383743   403425          370957          383743          403425 0.964357   2917.5     -0.0261714
  0.546     298.138    -732.263    -471.477     298.516   370741   383743   402897          370741          383743          402897 0.963262  2917.36     -0.0235882
  0.548     294.549    -732.979    -470.881     297.085   370407   383743   402504          370407          383743          402504 0.963567  2917.23     -0.0210444
   0.55     290.989    -733.697    -470.289     295.771   370059   382575   401989          370059          382575          401989 0.963246  2917.11     -0.0185375
  0.552     287.458    -734.415    -469.698     294.571   369760   382575   401358          369760          382575          401358 0.962018  2917.01     -0.0160652
  0.554     283.954    -735.135     -469.11      293.48   369421   382575   400843          369421          382575          400843 0.961701  2916.92     -0.0136248
  0.556     280.477    -735.856    -468.524     292.496   369158   382575   400288          369158          382575          400288 0.960756  2916.85      -0.011214
  0.558     277.028    -736.578     -467.94     291.613   369006   382575   399687          369006          382575          399687 0.958776  2916.79    -0.00883036
   0.56     273.606    -737.302    -467.358     290.827   368586   382575   399300          368586          382575          399300 0.959762  2916.75     -0.0064716
  0.562      270.21    -738.026    -466.777     290.132   368246   382575   398821          368246          382575          398821 0.959702  2916.72    -0.00413553
  0.564      266.84    -738.752    -466.197     289.523   368107   382575   398437          368107          382575          398437 0.958895   2916.7    -0.00182006
  0.566     263.496    -739.479    -465.619     288.994   367890   382575   397967          367890          382575          397967 0.95787   2916.7    0.000476691
  0.568     260.178    -740.208    -465.041     288.539   367693   381509   397628          367693          381509          397628 0.957493  2916.71     0.00275647
   0.57     256.885    -740.937    -464.464     288.151   367413   381451   397293          367413          381451          397293 0.957565  2916.73     0.00502081
  0.572     253.617    -741.668    -463.888     287.823   367147   381169   396926          367147          381169          396926 0.957221  2916.76     0.00727107
  0.574     250.375      -742.4    -463.313     287.548   366598   381169   396704          366598          381169          396704 0.959576  2916.81     0.00950839
  0.576     247.156    -743.133    -462.738     287.321   366291   381169   396350          366291          381169          396350 0.959534  2916.88      0.0117337
  0.578     243.962    -743.867    -462.164     287.133   365693   381169   395971          365693          381169          395971 0.961321  2916.95      0.0139477
   0.58     240.792    -744.602     -461.59     286.978   365375   381169   395641          365375          381169          395641 0.961721  2917.04      0.0161508
  0.582     237.646    -745.339    -461.016      286.85   364927   381169   395291          364927          381169          395291 0.962867  2917.14      0.0183435
  0.584     234.523    -746.076    -460.442     286.742   364637   381169   395070          364637          381169          395070 0.963832  2917.25      0.0205257
  0.586     231.424    -746.815    -459.869     286.647   364426   381169   394857          364426          381169          394857 0.964242  2917.38      0.0226973
  0.588     228.347    -747.555    -459.296      286.56   364035   381169   394525          364035          381169          394525 0.964974  2917.52      0.0248582
   0.59     225.294    -748.296    -458.723     286.474   363775   381169   394320          363775          381169          394320 0.96564  2917.67      0.0270077
  0.592     222.263    -749.038     -458.15     286.384   363522   379793   394084          363522          379793          394084 0.966023  2917.83      0.0291454
  0.594     219.254    -749.781    -457.577     286.285   363266   378851   393852          363266          378851          393852 0.966372  2918.01      0.0312705
  0.596     216.267    -750.526    -457.005     286.173   363010   378851   393519          363010          378851          393519 0.966111   2918.2      0.0333821
  0.598     213.302    -751.271    -456.432     286.043   362767   378851   393111          362767          378851          393111 0.965309   2918.4      0.0354794
    0.6     210.359    -752.018     -455.86     285.891   362363   378851   392820          362363          378851          392820 0.966104  2918.61      0.0375613
  0.602     207.437    -752.766    -455.289     285.715   361962   378851   392506          361962          378851          392506 0.966823  2918.84      0.0396267
  0.604     204.536    -753.515    -454.718      285.51   361671   378851   392203          361671          378851          392203 0.967021  2919.07      0.0416747
  0.606     201.656    -754.264    -454.147     285.276   361277   378851   391806          361277          378851          391806 0.967329  2919.32      0.0437041
  0.608     198.797    -755.015    -453.577      285.01   360839   378851   391582          360839          378851          391582 0.968833  2919.58      0.0457138
   0.61     195.959    -755.768    -453.007     284.711   360415   378851   391408          360415          378851          391408 0.970556  2919.86      0.0477028
  0.612     193.141    -756.521    -452.438     284.379   360120   371871   391092          360120          371871          391092 0.970825  2920.14      0.0496701
  0.614     190.343    -757.275    -451.869     284.012   359975   371871   390801          359975          371871          390801 0.970399  2920.44      0.0516147
  0.616     187.564     -758.03    -451.302      283.61   359777   371871   390563          359777          371871          390563 0.970494  2920.74      0.0535357
  0.618     184.806    -758.787    -450.735     283.175   359633   371871   390205          359633          371871          390205 0.96954  2921.06      0.0554323
   0.62     182.067    -759.544    -450.169     282.707   359496   371871   389886          359496          371871          389886 0.968724  2921.39      0.0573039
  0.622     179.347    -760.303    -449.604     282.207   359262   371871   389443          359262          371871          389443 0.967804  2921.73      0.0591497
  0.624     176.647    -761.062     -449.04     281.677   359065   371871   388983          359065          371871          388983 0.966568  2922.08      0.0609694
  0.626     173.965    -761.823    -448.477     281.118   358831   371021   388631          358831          371021          388631 0.966207  2922.45      0.0627624
  0.628     171.302    -762.585    -447.916     280.532   358623   371021   388150          358623          371021          388150 0.964962  2922.82      0.0645284
   0.63     168.658    -763.347    -447.355     279.922   358444   371021   387772          358444          371021          387772 0.964152   2923.2      0.0662673
  0.632     166.032    -764.111    -446.796     279.289   358106   371021   387521          358106          371021          387521 0.965044  2923.59      0.0679788
  0.634     163.424    -764.875    -446.238     278.637   357914   371021   387351          357914          371021          387351 0.965527  2923.99      0.0696632
  0.636     160.834    -765.641    -445.682     277.967   357762   371020   387149          357762          371020          387149 0.965472  2924.41      0.0713203
  0.638     158.262    -766.408    -445.126     277.282   357575   371020   386876          357575          371020          386876 0.96515  2924.83      0.0729504
   0.64     155.707    -767.175    -444.572     276.585   357333   371020   386552          357333          371020          386552 0.964846  2925.26      0.0745538
  0.642      153.17    -767.944     -444.02     275.878   357156   371020   386241          357156          371020          386241 0.964163   2925.7      0.0761307
  0.644      150.65    -768.714    -443.469     275.164   356887   371020   385893          356887          371020          385893 0.963875  2926.15      0.0776816
  0.646     148.148    -769.484    -442.919     274.446   356591   371020   385655          356591          371020          385655 0.964432  2926.61      0.0792069
  0.648     145.662    -770.256    -442.371     273.725   356438   371020   385481          356438          371020          385481 0.964445  2927.08      0.0807072
   0.65     143.193    -771.028    -441.824     273.004   356206   369283   385168          356206          369283          385168 0.96403  2927.55      0.0821829
  0.652      140.74    -771.802    -441.279     272.285   355963   369283   384902          355963          369283          384902 0.963961  2928.04      0.0836347
  0.654     138.304    -772.576    -440.735      271.57   355644   369283   384674          355644          369283          384674 0.964669  2928.53      0.0850632
  0.656     135.885    -773.351    -440.193     270.861   355364   369283   384364          355364          369283          384364 0.964604  2929.04       0.086469
  0.658     133.481    -774.127    -439.652      270.16   355156   368321   384184          355156          368321          384184 0.964857  2929.55      0.0878528
   0.66     131.093    -774.905    -439.112     269.468   354973   368321   383958          354973          368321          383958 0.964647  2930.07      0.0892151
  0.662     128.721    -775.683    -438.574     268.787   354425   368321   383762          354425          368321          383762 0.966945  2930.59      0.0905568
  0.664     126.365    -776.461    -438.037     268.118   354179   368321   383521          354179          368321          383521 0.967147  2931.13      0.0918784
  0.666     124.024    -777.241    -437.501     267.462   353907   368321   383190          353907          368321          383190 0.966952  2931.67      0.0931806
  0.668     121.699    -778.022    -436.967     266.821   353722   368321   382949          353722          368321          382949 0.966819  2932.22      0.0944639
   0.67     119.389    -778.803    -436.434     266.194   353516   368321   382789          353516          368321          382789 0.967255  2932.78      0.0957291
  0.672     117.094    -779.586    -435.902     265.583   353337   365147   382580          353337          365147          382580 0.967184  2933.34      0.0969766
  0.674     114.813    -780.369    -435.372     264.988   353063   365147   382151          353063          365147          382151 0.966402  2933.92      0.0982072
  0.676     112.548    -781.153    -434.842     264.409   352913   365147   381884          352913          365147          381884 0.965866   2934.5      0.0994212
  0.678     110.297    -781.938    -434.314     263.847   352673   365147   381649          352673          365147          381649 0.966035  2935.08       0.100619
   0.68     108.061    -782.724    -433.787     263.302   352498   365147   381455          352498          365147          381455 0.966088  2935.68       0.101802
  0.682     105.839    -783.511    -433.261     262.773   352153   365147   381174          352153          365147          381174 0.966676  2936.28        0.10297
  0.684     103.631    -784.298    -432.736     262.262   351981   365147   380816          351981          365147          380816 0.965714  2936.89       0.104123
  0.686     101.437    -785.087    -432.212     261.767   351776   365036   380446          351776          365036          380446 0.964919   2937.5       0.105261
  0.688     99.2573    -785.876    -431.689     261.288   351539   365036   380130          351539          365036          380130 0.964724  2938.12       0.106387
   0.69     97.0914    -786.666    -431.167     260.825   351211   365036   379913          351211          365036          379913 0.965799  2938.75       0.107498
  0.692     94.9391    -787.457    -430.646     260.377   351073   365036   379621          351073          365036          379621 0.965178  2939.39       0.108597
  0.694     92.8004    -788.249    -430.125     259.944   350905   364702   379342          350905          364702          379342 0.964831  2940.03       0.109683
  0.696     90.6752    -789.041    -429.606     259.525   350698   364702   379094          350698          364702          379094 0.964948  2940.68       0.110756
  0.698     88.5633    -789.834    -429.087     259.121   350471   364702   378900          350471          364702          378900 0.965506  2941.33       0.111818
    0.7     86.4647    -790.628    -428.569     258.729   350220   364702   378268          350220          364702          378268 0.963557  2941.99       0.112867
  0.702     84.3791    -791.423    -428.052      258.35   350054   364702   377975          350054          364702          377975 0.963278  2942.66       0.113905
  0.704     82.3064    -792.219    -427.536     257.982   349865   364702   377868          349865          364702          377868 0.964308  2943.33       0.114932
  0.706     80.2467    -793.015     -427.02     257.625   349727   364702   377740          349727          364702          377740 0.964801  2944.01       0.115947
  0.708     78.1996    -793.812    -426.505     257.279   349525   364702   377448          349525          364702          377448 0.964605   2944.7       0.116951
   0.71     76.1652     -794.61    -425.991     256.943   349419   360345   377277          349419          360345          377277 0.964557  2945.39       0.117945
  0.712     74.1433    -795.409    -425.478     256.615   349201   360345   376952          349201          360345          376952 0.96423  2946.09       0.118928
  0.714     72.1338    -796.209    -424.965     256.296   348841   360345   376418          348841          360345          376418 0.963497  2946.79       0.119902
  0.716     70.1366    -797.009    -424.452     255.984   348661   360345   376225          348661          360345          376225 0.96392   2947.5       0.120865
  0.718     68.1516     -797.81    -423.941     255.679   348489   360059   375888          348489          360059          375888 0.963339  2948.22       0.121819
   0.72     66.1787    -798.612     -423.43      255.38   348369   360059   375629          348369          360059          375629 0.962915  2948.94       0.122763
  0.722     64.2177    -799.414    -422.919     255.088   348234   360059   375411          348234          360059          375411 0.962818  2949.66       0.123699
  0.724     62.2686    -800.218    -422.409       254.8   348004   360059   375164          348004          360059          375164 0.963131   2950.4       0.124625
  0.726     60.3313    -801.022      -421.9     254.517   347904   360059   374840          347904          360059          374840 0.962061  2951.14       0.125544
  0.728     58.4056    -801.826    -421.391     254.239   347745   360059   374678          347745          360059          374678 0.962419  2951.88       0.126454
   0.73     56.4915    -802.632    -420.883     253.965   347567   360059   374467          347567          360059          374467 0.962559  2952.63       0.127357
  0.732     54.5888    -803.438    -420.375     253.694   347460   360059   374190          347460          360059          374190 0.961733  2953.38       0.128252
  0.734     52.6976    -804.245    -419.868     253.426   347327   360059   374056          347327          360059          374056 0.961995  2954.14       0.129141
  0.736     50.8175    -805.053    -419.362     253.161   347244   360059   373876          347244          360059          373876 0.96153  2954.91       0.130023
  0.738     48.9487    -805.861    -418.856       252.9   346853   360059   373637          346853          360059          373637 0.96275  2955.68         0.1309
   0.74     47.0909    -806.671     -418.35     252.641   346635   360059   373502          346635          360059          373502 0.96355  2956.46       0.131771
  0.742     45.2441     -807.48    -417.845     252.384   346455   360059   373208          346455          360059          373208 0.962993  2957.24       0.132638
  0.744     43.4082    -808.291    -417.341      252.13   346277   360059   373062          346277          360059          373062 0.963439  2958.03       0.133501
  0.746     41.5831    -809.102    -416.837     251.879   345878   360059   372946          345878          360059          372946 0.965564  2958.82       0.134361
  0.748     39.7687    -809.914    -416.333     251.631   345681   360059   372775          345681          360059          372775 0.96599  2959.62       0.135217
   0.75     37.9649    -810.727     -415.83     251.385   345576   360059   372610          345576          360059          372610 0.965801  2960.42       0.136072
  0.752     36.1717     -811.54    -415.328     251.142   345380   360059   372497          345380          360059          372497 0.966499  2961.23       0.136925
  0.754     34.3889    -812.355    -414.825     250.903   345279   360059   372390          345279          360059          372390 0.966573  2962.04       0.137778
  0.756     32.6164    -813.169    -414.324     250.667   344977   360059   372296          344977          360059          372296 0.967977  2962.86       0.138631
  0.758     30.8542    -813.985    -413.823     250.435   344774   360059   372157          344774          360059          372157 0.968464  2963.68       0.139486
   0.76     29.1022    -814.801    -413.322     250.207   344673   360059   372008          344673          360059          372008 0.968192  2964.51       0.140342
  0.762     27.3602    -815.618    -412.822     249.984   344473   358124   371871          344473          358124          371871 0.968578  2965.35       0.141201
  0.764     25.6283    -816.435    -412.322     249.766   344359   358124   371579          344359          358124          371579 0.967469  2966.19       0.142064
  0.766     23.9063    -817.254    -411.823     249.553   344120   358124   371416          344120          358124          371416 0.967936  2967.03       0.142931
  0.768     22.1942    -818.073    -411.324     249.347   343959   358124   371221          343959          358124          371221 0.967705  2967.88       0.143804
   0.77     20.4919    -818.892    -410.825     249.147   343824   354252   371090          343824          354252          371090 0.967687  2968.74       0.144683
  0.772     18.7992    -819.712    -410.327     248.954   343659   354252   370766          343659          354252          370766 0.966628   2969.6        0.14557
  0.774     17.1161    -820.533     -409.83     248.769   343428   354252   370566          343428          354252          370566 0.966796  2970.47       0.146465
  0.776     15.4426    -821.355    -409.332     248.592   343235   354252   370358          343235          354252          370358 0.96667  2971.34        0.14737
  0.778     13.7785    -822.177    -408.835     248.424   343095   354252   370162          343095          354252          370162 0.966286  2972.22       0.148285
   0.78     12.1238        -823    -408.339     248.266   342918   354252   369899          342918          354252          369899 0.965708  2973.11       0.149211
  0.782     10.4784    -823.824    -407.842     248.118   342798   354252   369734          342798          354252          369734 0.965356     2974        0.15015
  0.784     8.84227    -824.648    -407.346      247.98   342656   354252   369532          342656          354252          369532 0.964896  2974.89       0.151102
  0.786     7.21527    -825.473     -406.85     247.854   342557   354252   369346          342557          354252          369346 0.964215  2975.79       0.152068
  0.788     5.59736    -826.298    -406.355     247.739   342362   354252   369009          342362          354252          369009 0.963156   2976.7       0.153049
   0.79     3.98846    -827.124    -405.859     247.637   342158   354252   368826          342158          354252          368826 0.963217  2977.62       0.154045
  0.792     2.38849    -827.951    -405.364     247.549   341996   354252   368720          341996          354252          368720 0.963471  2978.54       0.155059
  0.794    0.797405    -828.779    -404.869     247.474   341730   354252   368504          341730          354252          368504 0.963673  2979.46        0.15609
  0.796   -0.784882    -829.607    -404.374     247.413   341596   354252   368365          341596          354252          368365 0.963507   2980.4        0.15714
  0.798    -2.35844    -830.435    -403.879     247.367   341359   353843   367934          341359          353843          367934 0.962123  2981.34       0.158209
    0.8    -3.92332    -831.265    -403.385     247.336   341166   353843   367598          341166          353843          367598 0.961124  2982.28       0.159298
  0.802    -5.47961    -832.095     -402.89      247.32   341005   353156   367454          341005          353156          367454 0.961196  2983.24       0.160407
  0.804    -7.02737    -832.926    -402.395     247.321   340722   353156   367207          340722          353156          367207 0.961378   2984.2       0.161537
  0.806    -8.56666    -833.757    -401.901     247.339   340527   353156   367069          340527          353156          367069 0.961739  2985.17       0.162689
  0.808    -10.0975    -834.589    -401.406     247.373   340378   352073   366900          340378          352073          366900 0.96153  2986.14       0.163864
   0.81    -11.6201    -835.421    -400.911     247.425   340314   352073   366738          340314          352073          366738 0.960758  2987.12       0.165061
  0.812    -13.1344    -836.254    -400.416     247.494   340229   351216   366635          340229          351216          366635 0.960444  2988.11       0.166281
  0.814    -14.6404    -837.088    -399.921      247.58   340085   351216   366399          340085          351216          366399 0.959583  2989.11       0.167525
  0.816    -16.1383    -837.923    -399.426     247.685   339949   351216   366217          339949          351216          366217 0.959001  2990.12       0.168792
  0.818    -17.6282    -838.758    -398.931     247.807   339671   351216   366059          339671          351216          366059 0.959534  2991.13       0.170082
   0.82    -19.1099    -839.593    -398.435     247.948   339425   351216   365915          339425          351216          365915 0.959942  2992.15       0.171397
  0.822    -20.5838     -840.43    -397.939     248.107   339203   351216   365802          339203          351216          365802 0.960403  2993.18       0.172736
  0.824    -22.0497    -841.267    -397.442     248.284   339138   351216   365639          339138          351216          365639 0.959368  2994.22       0.174098
  0.826    -23.5077    -842.104    -396.946     248.479   338586   351216   365484          338586          351216          365484 0.961835  2995.27       0.175484
  0.828     -24.958    -842.942    -396.448     248.692   338074   351216   365298          338074          351216          365298 0.963889  2996.32       0.176893
   0.83    -26.4005    -843.781    -395.951     248.923   337894   351216   365182          337894          351216          365182 0.964211  2997.39       0.178325
  0.832    -27.8354    -844.621    -395.453     249.171   337735   351216   364987          337735          351216          364987 0.963836  2998.46        0.17978
  0.834    -29.2626    -845.461    -394.954     249.436   337515   351216   364826          337515          351216          364826 0.964126  2999.54       0.181256
  0.836    -30.6822    -846.301    -394.455     249.719   337397   351216   364610          337397          351216          364610 0.9633  3000.63       0.182754
  0.838    -32.0943    -847.143    -393.955     250.017   337332   351114   364330          337332          351114          364330 0.961658  3001.74       0.184273
   0.84     -33.499    -847.985    -393.455     250.332   337200   351114   364207          337200          351114          364207 0.961539  3002.85       0.185812
  0.842    -34.8963    -848.827    -392.954     250.662   336941   351114   364067          336941          351114          364067 0.962166  3003.97        0.18737
  0.844    -36.2862     -849.67    -392.452     251.008   336681   351114   363867          336681          351114          363867 0.962422   3005.1       0.188945
  0.846    -37.6687    -850.514     -391.95     251.367   336482   351114   363663          336482          351114          363663 0.962231  3006.24       0.190538
  0.848    -39.0441    -851.358    -391.447      251.74   336418   350343   363455          336418          350343          363455 0.961082  3007.39       0.192147
   0.85    -40.4122    -852.203    -390.943     252.127   336221   350343   363290          336221          350343          363290 0.961132  3008.55        0.19377
  0.852    -41.7732    -853.049    -390.438     252.525   336025   350343   363101          336025          350343          363101 0.960992  3009.72       0.195406
  0.854    -43.1271    -853.895    -389.933     252.934   335816   350343   362943          335816          350343          362943 0.961161   3010.9       0.197055
  0.856    -44.4739    -854.742    -389.427     253.354   335297   350237   362677          335297          350237          362677 0.962725   3012.1       0.198713
  0.858    -45.8137     -855.59    -388.919     253.784   335134   350237   362549          335134          350237          362549 0.96291   3013.3       0.200381
   0.86    -47.1466    -856.438    -388.411     254.222   334927   350237   362450          334927          350237          362450 0.96356  3014.51       0.202056
  0.862    -48.4725    -857.286    -387.902     254.668   334734   348779   362343          334734          348779          362343 0.964042  3015.73       0.203736
  0.864    -49.7916    -858.136    -387.393     255.121   334548   348779   362182          334548          348779          362182 0.964115  3016.97        0.20542
  0.866    -51.1039    -858.986    -386.882     255.579   334290   348779   362052          334290          348779          362052 0.964873  3018.21       0.207107
  0.868    -52.4094    -859.836     -386.37     256.042   334040   348779   361899          334040          348779          361899 0.965447  3019.47       0.208793
   0.87    -53.7082    -860.688    -385.858     256.509   333862   348779   361782          333862          348779          361782 0.965773  3020.73       0.210478
  0.872    -55.0003     -861.54    -385.344     256.977   333513   348412   361594          333513          348412          361594 0.966799  3022.01       0.212159
  0.874    -56.2858    -862.392     -384.83     257.448   333315   348412   361474          333315          348412          361474 0.967312   3023.3       0.213835
  0.876    -57.5646    -863.245    -384.315     257.918   333217   348412   361348          333217          348412          361348 0.967101   3024.6       0.215504
  0.878     -58.837    -864.099    -383.798     258.387   332988   348412   361161          332988          348412          361161 0.967336  3025.91       0.217163
   0.88    -60.1028    -864.953    -383.281     258.855   332805   348412   361066          332805          348412          361066 0.967884  3027.23       0.218811
  0.882    -61.3622    -865.808    -382.763     259.319   332568   348412   360950          332568          348412          360950 0.968624  3028.56       0.220446
  0.884    -62.6152    -866.664    -382.244      259.78   332326   348412   360870          332326          348412          360870 0.969632   3029.9       0.222066
  0.886    -63.8618     -867.52    -381.724     260.234   332126   345842   360715          332126          345842          360715 0.969952  3031.25       0.223668
  0.888    -65.1021    -868.377    -381.203     260.683   332012   345842   360581          332012          345842          360581 0.969829  3032.61       0.225252
   0.89     -66.336    -869.235    -380.681     261.124   331772   345842   360431          331772          345842          360431 0.970408  3033.98       0.226815
  0.892    -67.5638    -870.093    -380.158     261.557   331620   345842   360261          331620          345842          360261 0.970323  3035.36       0.228356
  0.894    -68.7853    -870.952    -379.635      261.98   331500   345754   360124          331500          345754          360124 0.970226  3036.75       0.229872
  0.896    -70.0007    -871.811     -379.11     262.393   331425   345754   359902          331425          345754          359902 0.969289  3038.15       0.231362
  0.898    -71.2099    -872.671    -378.585     262.794   331320   345754   359690          331320          345754          359690 0.968606  3039.56       0.232825
    0.9    -72.4131    -873.532    -378.059     263.183   331190   345754   359433          331190          345754          359433 0.967813  3040.98       0.234259
  0.902    -73.6103    -874.394    -377.532      263.56   331107   345754   359349          331107          345754          359349 0.96779  3042.41       0.235663
  0.904    -74.8014    -875.256    -377.005     263.922   330995   345754   359136          330995          345754          359136 0.967113  3043.85       0.237034
  0.906    -75.9866    -876.118    -376.477      264.27   330860   345754   358989          330860          345754          358989 0.966972   3045.3       0.238373
  0.908    -77.1658    -876.981    -375.948     264.603   330773   345754   358846          330773          345754          358846 0.966534  3046.76       0.239677
   0.91    -78.3392    -877.845    -375.418      264.92   330648   345754   358697          330648          345754          358697 0.966263  3048.22       0.240946
  0.912    -79.5067     -878.71    -374.888     265.221   330413   345754   358547          330413          345754          358547 0.966666  3049.69       0.242179
  0.914    -80.6684    -879.575    -374.358     265.505   330187   345696   358338          330187          345696          358338 0.96666  3051.17       0.243375
  0.916    -81.8243    -880.441    -373.826     265.772   330100   345696   358249          330100          345696          358249 0.966525  3052.66       0.244533
  0.918    -82.9746    -881.307    -373.294     266.021   329938   345696   358159          329938          345696          358159 0.966787  3054.16       0.245652
   0.92    -84.1191    -882.174    -372.762     266.253   329701   345696   357971          329701          345696          357971 0.966918  3055.66       0.246733
  0.922    -85.2579    -883.042    -372.229     266.466   329531   345696   357820          329531          345696          357820 0.966866  3057.18       0.247775
  0.924    -86.3912    -883.911    -371.696     266.661   329042   345696   357686          329042          345696          357686 0.96885  3058.69       0.248777
  0.926    -87.5189     -884.78    -371.163     266.837   328982   345696   357502          328982          345696          357502 0.968043  3060.22       0.249739
  0.928     -88.641    -885.649    -370.629     266.995   328883   344816   357382          328883          344816          357382 0.967805  3061.75       0.250663
   0.93    -89.7576     -886.52    -370.095     267.135   328478   344816   357185          328478          344816          357185 0.968929  3063.29       0.251546
  0.932    -90.8687     -887.39     -369.56     267.257   328314   344816   357077          328314          344816          357077 0.969165  3064.83       0.252391
  0.934    -91.9745    -888.262    -369.026      267.36   328064   343022   356943          328064          343022          356943 0.969726  3066.38       0.253197
  0.936    -93.0748    -889.134    -368.491     267.445   327974   343022   356774          327974          343022          356774 0.9692  3067.94       0.253964
  0.938    -94.1697    -890.007    -367.956     267.513   327663   343022   356657          327663          343022          356657 0.970193   3069.5       0.254694
   0.94    -95.2593     -890.88    -367.421     267.564   327606   340658   356447          327606          340658          356447 0.969258  3071.07       0.255387
  0.942    -96.3436    -891.754    -366.886     267.597   327391   338076   356215          327391          338076          356215 0.969087  3072.64       0.256043
  0.944    -97.4227    -892.629    -366.351     267.615   327316   338076   356043          327316          338076          356043 0.968463  3074.21       0.256664
  0.946    -98.4966    -893.504    -365.815     267.616   327131   338076   355865          327131          338076          355865 0.968409  3075.79        0.25725
  0.948    -99.5652     -894.38     -365.28     267.601   326995   338076   355743          326995          338076          355743 0.968377  3077.38       0.257803
   0.95    -100.629    -895.257    -364.745     267.572   326758   338076   355540          326758          338076          355540 0.968471  3078.97       0.258324
  0.952    -101.687    -896.134     -364.21     267.529   326568   338076   355390          326568          338076          355390 0.968614  3080.56       0.258813
  0.954     -102.74    -897.012    -363.675     267.471   326297   338076   355153          326297          338076          355153 0.968804  3082.16       0.259273
  0.956    -103.789     -897.89     -363.14     267.401   326194   338076   354921          326194          338076          354921 0.968009  3083.76       0.259704
  0.958    -104.832    -898.769    -362.605     267.318   326104   338076   354804          326104          338076          354804 0.967807  3085.36       0.260107
   0.96     -105.87    -899.649    -362.071     267.224   326017   338076   354697          326017          338076          354697 0.96761  3086.97       0.260485
  0.962    -106.903    -900.529    -361.536     267.119   325729   338076   354620          325729          338076          354620 0.968813  3088.58       0.260838
  0.964    -107.932     -901.41    -361.002     267.004   325615   338076   354442          325615          338076          354442 0.968351  3090.19       0.261168
  0.966    -108.955    -902.292    -360.468     266.879   325533   337800   354299          325533          337800          354299 0.96786   3091.8       0.261477
  0.968    -109.974    -903.174    -359.935     266.745   325457   337800   354084          325457          337800          354084 0.966858  3093.42       0.261765
   0.97    -110.988    -904.056    -359.401     266.604   325094   337800   353936          325094          337800          353936 0.968118  3095.04       0.262034
  0.972    -111.996     -904.94    -358.868     266.456   325009   337800   353771          325009          337800          353771 0.967534  3096.67       0.262287
  0.974    -113.001    -905.824    -358.336     266.301   324905   337800   353564          324905          337800          353564 0.966813  3098.29       0.262523
  0.976        -114    -906.708    -357.803      266.14   324731   337800   353367          324731          337800          353367 0.966587  3099.92       0.262745
  0.978    -114.995    -907.593    -357.271     265.975   324552   337800   353242          324552          337800          353242 0.966873  3101.55       0.262955
   0.98    -115.985    -908.479    -356.739     265.805   324377   337800   353136          324377          337800          353136 0.967266  3103.18       0.263153
  0.982    -116.971    -909.365    -356.208     265.633   324200   337785   352957          324200          337785          352957 0.967196  3104.82        0.26334
  0.984    -117.951    -910.252    -355.677     265.457   324090   337785   352729          324090          337785          352729 0.966403  3106.45       0.263519
  0.986    -118.928     -911.14    -355.146     265.279   323993   337785   352605          323993          337785          352605 0.966164  3108.09       0.263691
  0.988    -119.899    -912.028    -354.616       265.1   323861   337785   352424          323861          337785          352424 0.965764  3109.73       0.263856
   0.99    -120.867    -912.916    -354.086      264.92   323665   337785   352320          323665          337785          352320 0.966264  3111.37       0.264017
  0.992    -121.829    -913.806    -353.556      264.74   323536   337785   352186          323536          337785          352186 0.966144  3113.02       0.264173
  0.994    -122.788    -914.695    -353.027     264.561   323357   337785   352081          323357          337785          352081 0.966507  3114.66       0.264327
  0.996    -123.742    -915.586    -352.498     264.382   323186   337785   351915          323186          337785          351915 0.966427  3116.31        0.26448
  0.998    -124.691    -916.477    -351.969     264.205   322942   337780   351736          322942          337780          351736 0.966777  3117.96       0.264631
      1    -125.636    -917.368    -351.441      264.03   322820   337780   351624          322820          337780          351624 0.966771  3119.61       0.264783
  1.002    -126.577     -918.26    -350.913     263.857   322483   335291   351460          322483          335291          351460 0.967805  3121.26       0.264937
  1.004    -127.513    -919.153    -350.385     263.687   322184   335291   351355          322184          335291          351355 0.969004  3122.92       0.265092
  1.006    -128.445    -920.046    -349.858     263.521   321957   333526   351226          321957          333526          351226 0.96965  3124.57        0.26525
  1.008    -129.373     -920.94    -349.331     263.358   321803   333526   350945          321803          333526          350945 0.968914  3126.23       0.265412
   1.01    -130.297    -921.835    -348.805     263.199   321762   333526   350781          321762          333526          350781 0.968207  3127.89       0.265578
  1.012    -131.216     -922.73    -348.279     263.045   321687   333526   350516          321687          333526          350516 0.967057  3129.56       0.265749
  1.014    -132.131    -923.625    -347.753     262.895   321585   333526   350420          321585          333526          350420 0.967152  3131.22       0.265925
  1.016    -133.042    -924.521    -347.227      262.75   321398   333526   350264          321398          333526          350264 0.967388  3132.89       0.266107
  1.018    -133.949    -925.418    -346.702      262.61   321266   333526   350004          321266          333526          350004 0.96662  3134.55       0.266295
   1.02    -134.852    -926.315    -346.177     262.475   321204   333526   349805          321204          333526          349805 0.965798  3136.23       0.266489
  1.022    -135.751    -927.213    -345.652     262.346   321145   333526   349604          321145          333526          349604 0.964933   3137.9       0.266691
  1.024    -136.645    -928.112    -345.127     262.222   321078   333526   349272          321078          333526          349272 0.963259  3139.57       0.266899
  1.026    -137.536     -929.01    -344.603     262.104   320926   333526   349137          320926          333526          349137 0.963448  3141.25       0.267115
  1.028    -138.423     -929.91    -344.079     261.991   320731   333526   348998          320731          333526          348998 0.963917  3142.93       0.267338
   1.03    -139.305     -930.81    -343.555     261.884   320609   333526   348893          320609          333526          348893 0.964113  3144.61       0.267569
  1.032    -140.184    -931.711    -343.031     261.783   320530   333526   348809          320530          333526          348809 0.964118  3146.29       0.267808
  1.034    -141.059    -932.612    -342.508     261.688   320330   333526   348629          320330          333526          348629 0.964277  3147.98       0.268054
  1.036     -141.93    -933.513    -341.984     261.599   320243   333526   348483          320243          333526          348483 0.963916  3149.67       0.268308
  1.038    -142.797    -934.416    -341.461     261.516   320139   333526   348278          320139          333526          348278 0.963251  3151.36        0.26857
   1.04     -143.66    -935.318    -340.938     261.438   320039   332215   348109          320039          332215          348109 0.962814  3153.06       0.268839
  1.042    -144.519    -936.222    -340.416     261.366   319749   332215   347855          319749          332215          347855 0.963113  3154.75       0.269115
  1.044    -145.375    -937.125    -339.893       261.3   319614   332215   347698          319614          332215          347698 0.96305  3156.45       0.269399
  1.046    -146.226     -938.03     -339.37     261.239   319526   332215   347386          319526          332215          347386 0.961597  3158.15        0.26969
  1.048    -147.074    -938.935    -338.848     261.183   319264   332215   347134          319264          332215          347134 0.961797  3159.86       0.269988
   1.05    -147.918     -939.84    -338.326     261.133   319154   332215   347055          319154          332215          347055 0.962161  3161.57       0.270293
  1.052    -148.759    -940.746    -337.803     261.089   319027   332215   346917          319027          332215          346917 0.962211  3163.28       0.270604
  1.054    -149.596    -941.653    -337.281     261.049   318962   332215   346813          318962          332215          346813 0.962041  3164.99       0.270922
  1.056    -150.429     -942.56    -336.759     261.015   318850   332215   346676          318850          332215          346676 0.961941  3166.71       0.271246
  1.058    -151.258    -943.468    -336.237     260.985   318605   332182   346492          318605          332182          346492 0.962426  3168.43       0.271576
   1.06    -152.084    -944.376    -335.715      260.96   318554   332182   346340          318554          332182          346340 0.961808  3170.15       0.271912
  1.062    -152.906    -945.284    -335.193      260.94   318471   332182   346198          318471          332182          346198 0.961456  3171.87       0.272253
  1.064    -153.725    -946.194    -334.671     260.925   318396   332182   346097          318396          332182          346097 0.961297   3173.6         0.2726
  1.066     -154.54    -947.103     -334.15     260.913   318202   332182   346001          318202          332182          346001 0.961953  3175.33       0.272952
  1.068    -155.351    -948.014    -333.628     260.907   318064   332182   345887          318064          332182          345887 0.962092  3177.07       0.273309
   1.07    -156.159    -948.924    -333.106     260.904   317823   332182   345757          317823          332182          345757 0.962827  3178.81        0.27367
  1.072    -156.964    -949.836    -332.584     260.906   317705   332182   345438          317705          332182          345438 0.961481  3180.55       0.274036
  1.074    -157.765    -950.748    -332.062     260.911   317500   332182   345255          317500          332182          345255 0.961667  3182.29       0.274407
  1.076    -158.562     -951.66    -331.541     260.921   317322   332182   345128          317322          332182          345128 0.962063  3184.04       0.274781
  1.078    -159.356    -952.573    -331.019     260.934   317106   331696   345017          317106          331696          345017 0.962817  3185.79        0.27516
   1.08    -160.147    -953.486    -330.497     260.952   317000   331696   344918          317000          331696          344918 0.962916  3187.55       0.275543
  1.082    -160.934      -954.4    -329.975     260.973   316771   331696   344785          316771          331696          344785 0.963598  3189.31        0.27593
  1.084    -161.718    -955.315    -329.453     260.997   316631   331696   344509          316631          331696          344509 0.962788  3191.07       0.276321
  1.086    -162.498     -956.23    -328.931     261.026   316432   331696   344314          316432          331696          344314 0.962895  3192.83       0.276715
  1.088    -163.275    -957.145    -328.409     261.058   316305   331696   344217          316305          331696          344217 0.963192   3194.6       0.277114
   1.09    -164.049    -958.061    -327.887     261.093   316127   331696   344033          316127          331696          344033 0.963231  3196.37       0.277516
  1.092     -164.82    -958.978    -327.364     261.133   316027   331696   343911          316027          331696          343911 0.96317  3198.15       0.277922
  1.094    -165.587    -959.895    -326.842     261.176   315936   331696   343754          315936          331696          343754 0.962814  3199.93       0.278332
  1.096    -166.351    -960.812     -326.32     261.222   315795   331696   343645          315795          331696          343645 0.963059  3201.71       0.278746
  1.098    -167.111     -961.73    -325.797     261.272   315649   331696   343520          315649          331696          343520 0.963232   3203.5       0.279164
    1.1    -167.869    -962.649    -325.275     261.326   315550   331696   343460          315550          331696          343460 0.963479  3205.29       0.279586
  1.102    -168.623    -963.568    -324.752     261.384   315418   331696   343320          315418          331696          343320 0.963391  3207.08       0.280012
  1.104    -169.374    -964.488    -324.229     261.446   315132   331696   343260          315132          331696          343260 0.964745  3208.88       0.280444
  1.106    -170.122    -965.408    -323.706     261.511   315006   331696   343121          315006          331696          343121 0.964637  3210.68       0.280879
  1.108    -170.867    -966.329    -323.183     261.581   314887   326336   343030          314887          326336          343030 0.964747  3212.49        0.28132
