# n_walkers  560  n_cull  1  simple log(alpha)  -0.001784121793501292
#   T     log_Z(T)      F(T)        U(T)       Cvp(T)    low_pct_i(T) mode_i(T) high_pct_i(T) low_pct_iter(T)  mode_iter(T)   high_pct_iter(T) Z_fract(T)   V(T)   thermal_exp(T)
   0.01     53067.5    -544.092    -542.838     121.272   748284   748445   748445          748284          748445          748445 0.898701  3042.02     0.00328124
  0.012     44000.3    -544.103    -542.595     121.331   748246   748445   748445          748246          748445          748445 0.897528  3042.04     0.00133235
  0.014     37523.7    -544.114    -542.353     121.394   748205   748445   748445          748205          748445          748445 0.900716  3042.04   -0.000298771
  0.016     32666.2    -544.126     -542.11     121.464   748157   748445   748445          748157          748445          748445 0.907757  3042.03    -0.00137572
  0.018     28888.3    -544.138    -541.867     121.545   748118   748445   748445          748118          748445          748445 0.906331  3042.02    -0.00196698
   0.02     25865.9    -544.151    -541.624     121.635   748078   748445   748445          748078          748445          748445 0.903629  3042.01    -0.00220142
  0.022     23393.1    -544.164     -541.38     121.736   748039   748445   748445          748039          748445          748445 0.898176     3042    -0.00219579
  0.024     21332.4    -544.177    -541.137     121.848   747983   748445   748445          747983          748445          748445 0.899364  3041.98    -0.00203915
  0.026     19588.7     -544.19    -540.893     121.972   747921   748445   748445          747921          748445          748445 0.902421  3041.97    -0.00179486
  0.028     18094.2    -544.204    -540.649     122.111   747870   748445   748445          747870          748445          748445 0.899456  3041.96    -0.00150672
   0.03       16799    -544.218    -540.404     122.265   747804   748445   748445          747804          748445          748445 0.901112  3041.95    -0.00120489
  0.032     15665.6    -544.233     -540.16     122.437   747744   748445   748445          747744          748445          748445 0.898577  3041.95   -0.000910357
  0.034     14665.6    -544.247    -539.915     122.627   747682   748445   748445          747682          748445          748445 0.894955  3041.94    -0.00063791
  0.036     13776.8    -544.262    -539.669     122.839   747592   748445   748445          747592          748445          748445 0.898006  3041.94   -0.000398086
  0.038     12981.4    -544.278    -539.423     123.073   747497   748445   748445          747497          748445          748445 0.901299  3041.94   -0.000198323
   0.04     12265.7    -544.293    -539.177     123.334   747399   748445   748445          747399          748445          748445 0.902841  3041.94   -4.36848e-05
  0.042     11618.1    -544.309     -538.93     123.625   747346   748445   748445          747346          748445          748445 0.892779  3041.94      6.265e-05
  0.044     11029.4    -544.326    -538.682      123.95   747239   748445   748445          747239          748445          748445 0.891482  3041.94    0.000118986
  0.046     10491.9    -544.342    -538.434     124.315   747106   748445   748445          747106          748445          748445 0.893846  3041.94    0.000124713
  0.048     9999.17    -544.359    -538.185     124.726   746995   748445   748445          746995          748445          748445 0.890141  3041.94    7.98722e-05
   0.05     9545.89    -544.377    -537.935     125.192   746820   748445   748445          746820          748445          748445 0.894796  3041.94   -1.53296e-05
  0.052     9127.48    -544.395    -537.684     125.725   746641   748445   748445          746641          748445          748445 0.897498  3041.94   -0.000161041
  0.054     8740.08    -544.413    -537.432     126.336   746435   748445   748445          746435          748445          748445 0.90176  3041.94   -0.000358318
  0.056     8380.35    -544.432    -537.179     127.043   746228   748445   748445          746228          748445          748445 0.903631  3041.93   -0.000609687
  0.058     8045.44    -544.451    -536.924     127.866   746028   748445   748445          746028          748445          748445 0.903095  3041.93   -0.000919715
   0.06     7732.87    -544.471    -536.667     128.829   745792   748445   748445          745792          748445          748445 0.903276  3041.92     -0.0012956
  0.062     7440.47    -544.491    -536.409     129.965   745525   748445   748445          745525          748445          748445 0.90328  3041.91    -0.00174782
  0.064     7166.36    -544.513    -536.147     131.314   745188   748445   748445          745188          748445          748445 0.906117   3041.9    -0.00229089
  0.066     6908.87    -544.534    -535.883     132.927   744816   748445   748445          744816          748445          748445 0.907989  3041.89    -0.00294434
  0.068     6666.54    -544.557    -535.615     134.871   744341   748445   748445          744341          748445          748445 0.911957  3041.87    -0.00373411
   0.07     6438.07     -544.58    -535.343     137.237   743897   748445   748445          743897          748445          748445 0.911217  3041.84    -0.00469443
  0.072     6222.31    -544.605    -535.066     140.147   743340   748445   748445          743340          748445          748445 0.912607  3041.81     -0.0058708
  0.074     6018.22     -544.63    -534.782     143.768   742496   748445   748445          742496          748445          748445 0.92109  3041.77    -0.00732408
  0.076     5824.89    -544.657     -534.49     148.334   741572   748445   748445          741572          748445          748445 0.929521  3041.72    -0.00913645
  0.078      5641.5    -544.685    -534.188     154.169   740885   748445   748445          740885          748445          748445 0.92387  3041.66     -0.0114192
   0.08      5467.3    -544.716    -533.873     161.715   739376   748383   748445          739376          748383          748445 0.935777  3041.58     -0.0143216
  0.082     5301.62    -544.748     -533.54      171.55   738066   748383   748445          738066          748383          748445 0.936206  3041.48     -0.0180385
  0.084     5143.86    -544.782    -533.184     184.383   736102   748383   748445          736102          748383          748445 0.941813  3041.36     -0.0228079
  0.086     4993.47     -544.82      -532.8     200.951   733555   748383   748445          733555          748383          748445 0.949757   3041.2      -0.028884
  0.088     4849.96    -544.862    -532.378     221.777   730027   748383   748445          730027          748383          748445 0.964499     3041     -0.0364578
   0.09     4712.88    -544.908     -531.91     246.723   726539   746073   748445          726539          746073          748445 0.972109  3040.75     -0.0455075
  0.092     4581.83     -544.96    -531.389     274.452   723218   741855   748445          723218          741855          748445 0.977601  3040.45     -0.0555988
  0.094     4456.42    -545.018    -530.812     302.201   719586   741855   748445          719586          741855          748445 0.983255  3040.08     -0.0657692
  0.096     4336.32    -545.085    -530.183     326.453   716366   734628   748445          716366          734628          748445 0.986187  3039.65      -0.074706
  0.098      4221.2     -545.16     -529.51      344.56   714231   731118   748445          714231          731118          748445 0.982998  3039.17     -0.0812914
    0.1     4110.79    -545.244    -528.809     356.269   711323   727098   748445          711323          727098          748445 0.982075  3038.67      -0.085197
  0.102     4004.79    -545.337    -528.088     363.768   708421   724842   746675          708421          724842          746675 0.97388  3038.14     -0.0870218
  0.104     3902.97     -545.44    -527.354     370.132   704990   723708   743590          704990          723708          743590 0.967902  3037.61     -0.0878355
  0.106     3805.07    -545.553    -526.607     377.423   702275   719663   740433          702275          719663          740433 0.963206  3037.08     -0.0885051
  0.108      3710.9    -545.675    -525.844     385.695   699218   719663   737543          699218          719663          737543 0.962818  3036.54     -0.0892654
   0.11     3620.23    -545.807    -525.065     393.305   695930   716906   734971          695930          716906          734971 0.966762  3035.99     -0.0897305
  0.112      3532.9    -545.949    -524.273     398.156   693339   716906   732885          693339          716906          732885 0.968925  3035.45     -0.0892737
  0.114     3448.71    -546.101    -523.475      399.04   690442   705319   730558          690442          705319          730558 0.970804  3034.91     -0.0875081
  0.116     3367.52    -546.263    -522.679     396.269   688298   704289   727546          688298          704289          727546 0.967476  3034.39     -0.0845569
  0.118     3289.15    -546.434    -521.891     391.313   686250   704289   724905          686250          704289          724905 0.964808  3033.89     -0.0809726
   0.12     3213.48    -546.615    -521.114     385.926   683785   704289   722246          683785          704289          722246 0.963716  3033.41     -0.0774386
  0.122     3140.35    -546.804    -520.347     381.437   681225   699443   720062          681225          699443          720062 0.965586  3032.94     -0.0744882
  0.124     3069.66    -547.002    -519.587     378.476   678851   695978   717259          678851          695978          717259 0.963975   3032.5     -0.0723724
  0.126     3001.28    -547.209    -518.832     377.073   676416   695978   714196          676416          695978          714196 0.961926  3032.07     -0.0710699
  0.128     2935.09    -547.423    -518.078     376.878   673985   690799   711984          673985          690799          711984 0.964691  3031.64     -0.0703722
   0.13     2871.01    -547.646    -517.324     377.389   671758   690016   709662          671758          690016          709662 0.965405  3031.21     -0.0699893
  0.132     2808.93    -547.876    -516.568     378.128   669736   688441   707466          669736          688441          707466 0.965198  3030.79     -0.0696469
  0.134     2748.76    -548.114    -515.811     378.779   667712   686940   705827          667712          686940          705827 0.966882  3030.37     -0.0691594
  0.136     2690.41     -548.36    -515.053     379.274   665392   682001   703977          665392          682001          703977 0.968352  3029.95     -0.0684663
  0.138     2633.81    -548.614    -514.294      379.81   663698   682001   701306          663698          682001          701306 0.962637  3029.54     -0.0676236
   0.14     2578.89    -548.875    -513.534     380.769   661012   680295   699722          661012          680295          699722 0.966469  3029.13     -0.0667561
  0.142     2525.56    -549.144    -512.771     382.562   659029   677126   697606          659029          677126          697606 0.963973  3028.73     -0.0659876
  0.144     2473.77     -549.42    -512.003     385.433   656150   674330   695102          656150          674330          695102 0.96451  3028.33     -0.0653772
  0.146     2423.44    -549.703    -511.228     389.304   654227   674330   692946          654227          674330          692946 0.963355  3027.94     -0.0648834
  0.148     2374.53    -549.994    -510.445     393.702   651871   671899   691342          651871          671899          691342 0.967043  3027.55     -0.0643694
   0.15     2326.96    -550.292    -509.654     397.846   649922   670633   689406          649922          670633          689406 0.966968  3027.16     -0.0636481
  0.152      2280.7    -550.597    -508.855     400.843   647889   668216   687695          647889          668216          687695 0.968003  3026.78     -0.0625509
  0.154     2235.69     -550.91    -508.051      401.97   645626   666035   685582          645626          666035          685582 0.968888   3026.4     -0.0609946
  0.156     2191.88    -551.231    -507.248     400.899   643724   661392   683796          643724          661392          683796 0.970255  3026.04     -0.0590193
  0.158     2149.23    -551.558    -506.449     397.801   642466   656691   681861          642466          656691          681861 0.96821  3025.69      -0.056782
   0.16     2107.68    -551.893    -505.658     393.275   640942   656691   679301          640942          656691          679301 0.96366  3025.35     -0.0545112
  0.162      2067.2    -552.234    -504.876      388.16   639404   656503   677396          639404          656503          677396 0.962133  3025.03     -0.0524456
  0.164     2027.75    -552.582    -504.105     383.323   637597   656503   675587          637597          656503          675587 0.961878  3024.72     -0.0507802
  0.166     1989.29    -552.936    -503.343     379.491   635534   652487   673651          635534          652487          673651 0.962303  3024.41     -0.0496346
  0.168     1951.78    -553.297    -502.586      377.16   633766   652487   671947          633766          652487          671947 0.962289  3024.11     -0.0490461
   0.17      1915.2    -553.664    -501.833     376.584   631609   652470   669945          631609          652470          669945 0.963257  3023.82     -0.0489805
  0.172     1879.49    -554.036    -501.079     377.811   629849   650470   668334          629849          650470          668334 0.964355  3023.52     -0.0493523
  0.174     1844.65    -554.415     -500.32      380.73   628150   646116   666513          628150          646116          666513 0.963457  3023.22     -0.0500475
  0.176     1810.62      -554.8    -499.555     385.124   626705   645122   664152          626705          645122          664152 0.958724  3022.91     -0.0509444
  0.178      1777.4    -555.191    -498.779     390.701   625087   643415   662756          625087          643415          662756 0.95821   3022.6       -0.05193
   0.18     1744.95    -555.588    -497.991     397.114   622371   643415   661518          622371          643415          661518 0.963024  3022.29     -0.0529097
  0.182     1713.25    -555.991     -497.19      403.96   619678   642942   659649          619678          642942          659649 0.965222  3021.96     -0.0538115
  0.184     1682.26      -556.4    -496.376     410.774   617736   640013   658521          617736          640013          658521 0.968267  3021.64     -0.0545822
  0.186     1651.98    -556.816    -495.548     417.033   615676   636319   657279          615676          636319          657279 0.97135   3021.3     -0.0551815
  0.188     1622.38    -557.238    -494.708     422.182   614210   633223   655794          614210          633223          655794 0.970609  3020.97     -0.0555749
   0.19     1593.44    -557.666     -493.86     425.691   612926   633223   654005          612926          633223          654005 0.968126  3020.63     -0.0557306
  0.192     1565.13    -558.101    -493.007     427.131   611076   631313   652687          611076          631313          652687 0.970082   3020.3     -0.0556209
  0.194     1537.43    -558.542    -492.153     426.258   609253   631313   650933          609253          631313          650933 0.970731  3019.96     -0.0552297
  0.196     1510.34     -558.99    -491.303     423.077   607812   631313   649201          607812          631313          649201 0.970173  3019.63     -0.0545604
  0.198     1483.82    -559.443    -490.462     417.848   606142   623328   647626          606142          623328          647626 0.971505   3019.3     -0.0536416
    0.2     1457.87    -559.903    -489.633     411.054   604825   620243   646123          604825          620243          646123 0.971931  3018.98     -0.0525279
  0.202     1432.45    -560.369    -488.818     403.327   603830   619103   644099          603830          619103          644099 0.968772  3018.67     -0.0512944
  0.204     1407.57     -560.84     -488.02     395.351   602781   619103   641742          602781          619103          641742 0.964357  3018.36     -0.0500281
  0.206     1383.19    -561.316    -487.237     387.787   601841   619103   640135          601841          619103          640135 0.962883  3018.07     -0.0488178
  0.208      1359.3    -561.798    -486.468     381.217   600952   616058   638003          600952          616058          638003 0.957686  3017.77     -0.0477468
   0.21      1335.9    -562.285    -485.711      376.11   599614   616058   636538          599614          616058          636538 0.957401  3017.49     -0.0468882
  0.212     1312.96    -562.777    -484.962     372.821   598045   616058   634846          598045          616058          634846 0.95685  3017.21     -0.0463032
  0.214     1290.47    -563.273    -484.218     371.596   597046   615866   633620          597046          615866          633620 0.954602  3016.93     -0.0460414
  0.216     1268.42    -563.774    -483.474     372.577   595027   615841   632347          595027          615841          632347 0.956384  3016.65     -0.0461413
  0.218     1246.79     -564.28    -482.726     375.803   592481   609457   630799          592481          609457          630799 0.959412  3016.37     -0.0466301
   0.22     1225.58    -564.791     -481.97     381.205   591259   609457   629065          591259          609457          629065 0.95581  3016.09     -0.0475211
  0.222     1204.78    -565.306      -481.2     388.584   589465   609457   627822          589465          609457          627822 0.957353   3015.8     -0.0488094
  0.224     1184.36    -565.826    -480.414     397.601   587449   609457   625972          587449          609457          625972 0.956945   3015.5     -0.0504668
  0.226     1164.33    -566.351    -479.609      407.76   585431   605685   624949          585431          605685          624949 0.961448  3015.19     -0.0524364
  0.228     1144.67    -566.882    -478.783     418.422   583823   605685   623778          583823          605685          623778 0.963167  3014.87     -0.0546306
   0.23     1125.38    -567.417    -477.936     428.843   581873   604072   623099          581873          604072          623099 0.968216  3014.53     -0.0569336
  0.232     1106.45    -567.958    -477.068     438.247   580800   604072   621684          580800          604072          621684 0.966184  3014.18     -0.0592113
  0.234     1087.86    -568.504    -476.184     445.922   579028   604072   621012          579028          604072          621012 0.970342  3013.82     -0.0613268
  0.236     1069.61    -569.056    -475.286     451.325   577573   604072   620243          577573          604072          620243 0.971863  3013.44     -0.0631607
  0.238     1051.69    -569.613     -474.38     454.164   575924   602895   619372          575924          602895          619372 0.973623  3013.06     -0.0646299
   0.24     1034.09    -570.177    -473.471     454.443   574335   592420   617754          574335          592420          617754 0.972317  3012.66     -0.0657008
  0.242      1016.8    -570.745    -472.564     452.447   573571   592420   616539          573571          592420          616539 0.969513  3012.26     -0.0663945
  0.244     999.824    -571.319    -471.663     448.683   571651   590262   614822          571651          590262          614822 0.969195  3011.86     -0.0667804
  0.246     983.144    -571.899     -470.77     443.784   570275   590262   613274          570275          590262          613274 0.968266  3011.46      -0.066963
  0.248     966.753    -572.484    -469.888     438.412   569114   586636   611634          569114          586636          611634 0.966563  3011.06     -0.0670648
   0.25     950.646    -573.074    -469.016     433.175   567864   586612   610272          567864          586612          610272 0.966355  3010.65     -0.0672095
  0.252     934.814    -573.669    -468.155     428.563   566731   584149   608584          566731          584149          608584 0.963834  3010.25     -0.0675082
  0.254     919.251    -574.268    -467.301     424.923   565790   584149   606928          565790          584149          606928 0.960799  3009.84     -0.0680517
  0.256     903.949    -574.873    -466.454     422.458   564726   584149   605711          564726          584149          605711 0.959919  3009.43     -0.0689061
  0.258     888.904    -575.482    -465.611     421.238   563271   584149   604179          563271          584149          604179 0.959188  3009.01     -0.0701133
   0.26     874.107    -576.096    -464.768     421.227   561714   581873   602230          561714          581873          602230 0.957062  3008.58     -0.0716936
  0.262     859.554    -576.715    -463.925     422.312   560229   581716   600499          560229          581716          600499 0.95656  3008.15     -0.0736495
  0.264      845.24    -577.338    -463.078      424.33   558447   581414   599266          558447          581414          599266 0.959629   3007.7     -0.0759701
  0.266     831.157    -577.966    -462.227     427.092   556848   579504   598143          556848          579504          598143 0.961959  3007.23     -0.0786351
  0.268     817.303    -578.599     -461.37       430.4   555189   579504   596648          555189          579504          596648 0.963224  3006.75     -0.0816178
   0.27      803.67    -579.236    -460.505     434.063   553465   571328   595462          553465          571328          595462 0.965896  3006.25     -0.0848885
  0.272     790.255    -579.878    -459.633     437.904   552541   571312   594178          552541          571312          594178 0.964364  3005.73     -0.0884156
  0.274     777.054    -580.524    -458.754     441.768   551444   571312   593111          551444          571312          593111 0.963768  3005.18     -0.0921682
  0.276      764.06    -581.176    -457.866     445.521   549631   571312   592131          549631          571312          592131 0.966547  3004.62     -0.0961171
  0.278      751.27    -581.831    -456.972     449.054   548514   569607   590881          548514          569607          590881 0.965314  3004.03      -0.100236
   0.28      738.68    -582.492     -456.07     452.286   547132   568413   589750          547132          568413          589750 0.96559  3003.41      -0.104505
  0.282     726.286    -583.158    -455.163     455.159   545871   568413   588442          545871          568413          588442 0.964698  3002.77       -0.10891
  0.284     714.083    -583.828     -454.25     457.645   544366   568413   587693          544366          568413          587693 0.966896  3002.11      -0.113448
  0.286     702.067    -584.503    -453.333     459.742   542832   568413   586811          542832          568413          586811 0.968579  3001.41      -0.118126
  0.288     690.234    -585.182    -452.411     461.481   541118   565914   585766          541118          565914          585766 0.970018  3000.69       -0.12297
   0.29     678.581    -585.867    -451.487     462.917   539734   559154   584606          539734          559154          584606 0.970051  2999.93      -0.128022
  0.292     667.104    -586.556     -450.56     464.135   538340   559154   583093          538340          559154          583093 0.969046  2999.15       -0.13335
  0.294     655.799     -587.25     -449.63     465.248   537282   559154   581994          537282          559154          581994 0.968516  2998.33      -0.139046
  0.296     644.662    -587.948    -448.699     466.396   536140   553961   580316          536140          553961          580316 0.965911  2997.48      -0.145239
  0.298     633.691    -588.651    -447.765     467.744   534850   553961   578500          534850          553961          578500 0.963344  2996.59      -0.152101
    0.3     622.882    -589.359    -446.827     469.492   533752   553961   577352          533752          553961          577352 0.96303  2995.66      -0.159862
  0.302     612.231    -590.072    -445.886     471.874   532912   553961   575716          532912          553961          575716 0.958883  2994.67      -0.168826
  0.304     601.736    -590.789    -444.939      475.18   531379   553961   574715          531379          553961          574715 0.959851  2993.63      -0.179412
  0.306     591.393    -591.511    -443.985     479.776   529651   553961   573322          529651          553961          573322 0.959272  2992.52      -0.192196
  0.308       581.2    -592.237    -443.019     486.143   527487   549706   572440          527487          549706          572440 0.962993  2991.33      -0.208001
   0.31     571.154    -592.969    -442.038     494.949   526429   549706   571549          526429          549706          571549 0.961543  2990.02      -0.228032
  0.312     561.252    -593.705    -441.037     507.155   524995   549706   570390          524995          549706          570390 0.959369  2988.59      -0.254111
  0.314     551.492    -594.446    -440.007     524.204   522832   547734   569175          522832          547734          569175 0.959011  2986.97      -0.289068
  0.316     541.871    -595.192    -438.936     548.322   520671   546153   568043          520671          546153          568043 0.958144  2985.11      -0.337409
  0.318     532.389    -595.944    -437.806     583.007   519143   543524   566736          519143          543524          566736 0.952966   2982.9      -0.406407
   0.32     523.044    -596.702    -436.593     633.767   517390   539889   565112          517390          539889          565112 0.945036  2980.19      -0.507827
  0.322     513.835    -597.466    -435.255     709.108   513951   538507   563578          513951          538507          563578 0.94134  2976.75      -0.660382
  0.324     504.762    -598.237    -433.732     821.498   510698   538507   562142          510698          538507          562142 0.93368  2972.17      -0.892546
  0.326     495.827    -599.017    -431.933     987.306   507361   538507   561179          507361          538507          561179 0.921456   2965.9       -1.24384
  0.328     487.034    -599.808    -429.736     1223.24   501087   538507   559944          501087          538507          559944 0.910568   2957.1       -1.75935
   0.33     478.389    -600.612    -426.989     1535.18   471510   538507   559177          471510          538507          559177 0.965857  2944.72       -2.46786
  0.332     469.899    -601.434     -423.56     1897.47   464799   538507   557864          464799          538507          557864 0.975447  2927.73       -3.33562
  0.334     461.575    -602.277    -419.416     2233.59   460150   534497   557108          460150          534497          557108 0.982112  2905.66       -4.21353
  0.336     453.425    -603.145    -414.719      2430.2   456437   527633   555744          456437          527633          555744 0.986301  2879.27       -4.84666
  0.338     445.453     -604.04    -409.846     2403.55   454989   471515   551991          454989          471515          551991 0.982777  2850.79        -5.0077
   0.34     437.653    -604.962    -405.248        2166   453772   471515   547249          453772          471515          547249 0.977638  2823.13       -4.66555
  0.342     430.014    -605.909    -401.259     1813.87   452890   469760   540688          452890          469760          540688 0.968552  2798.69       -3.99856
  0.344     422.522    -606.874    -397.997     1453.43   452058   469760   529183          452058          469760          529183 0.946222  2778.49       -3.24505
  0.346     415.161    -607.856    -395.407     1148.22   451410   469760   506824          451410          469760          506824 0.898046  2762.44       -2.56905
  0.348     407.919    -608.849    -393.355     916.359   450770   469760   498710          450770          469760          498710 0.901279  2749.83       -2.03386
   0.35     400.786    -609.852    -391.697     750.508   449920   469760   494977          449920          469760          494977 0.914982  2739.81       -1.63814
  0.352     393.755    -610.862    -390.319     635.291   448965   465368   490502          448965          465368          490502 0.919446  2731.66       -1.35514
  0.354      386.82    -611.878    -389.132     555.963   448076   465368   489295          448076          465368          489295 0.934084  2724.84       -1.15486
  0.356     379.977    -612.899    -388.079     501.103   447518   465368   487646          447518          465368          487646 0.941333  2718.97       -1.01244
  0.358     373.223    -613.924    -387.117     462.655   447082   465368   485997          447082          465368          485997 0.94488  2713.76      -0.909556
   0.36     366.554    -614.953    -386.221     435.176   446544   465368   484872          446544          465368          484872 0.94961  2709.04       -0.83348
  0.362     359.968    -615.985    -385.372     415.058   446009   465368   483621          446009          465368          483621 0.952001   2704.7      -0.775559
  0.364     353.464    -617.021    -384.557     399.913   445334   465368   482545          445334          465368          482545 0.955016  2700.63      -0.729969
  0.366     347.039     -618.06     -383.77     388.159   444555   461331   481396          444555          461331          481396 0.957452  2696.79      -0.692791
  0.368     340.692    -619.101    -383.003     378.733   444000   461331   480696          444000          461331          480696 0.960221  2693.15      -0.661371
   0.37     334.422    -620.146    -382.254     370.917   443611   460647   479937          443611          460647          479937 0.961208  2689.66      -0.633903
  0.372     328.226    -621.193    -381.519     364.219   442803   460647   479084          442803          460647          479084 0.963221  2686.32      -0.609154
  0.374     322.103    -622.243    -380.796       358.3   442068   458814   478221          442068          458814          478221 0.964633  2683.11      -0.586278
  0.376     316.052    -623.296    -380.085     352.927   441438   458814   477094          441438          458814          477094 0.964397  2680.03      -0.564703
  0.378     310.072     -624.35    -379.384     347.939   440747   458814   476462          440747          458814          476462 0.966907  2677.06      -0.544044
   0.38     304.161    -625.408    -378.693     343.226   440311   458814   475745          440311          458814          475745 0.967583   2674.2       -0.52405
  0.382     298.319    -626.467    -378.011     338.714   439873   453027   474942          439873          453027          474942 0.967591  2671.45      -0.504565
  0.384     292.543    -627.529    -377.338     334.357   439426   452970   474110          439426          452970          474110 0.96731  2668.81        -0.4855
  0.386     286.832    -628.594    -376.674     330.125   438833   452970   473439          438833          452970          473439 0.968581  2666.27      -0.466811
  0.388     281.186     -629.66    -376.018     326.001   438433   452970   472897          438433          452970          472897 0.969466  2663.83      -0.448486
   0.39     275.604    -630.728     -375.37     321.977   438069   452970   472247          438069          452970          472247 0.969569  2661.49      -0.430532
  0.392     270.084    -631.799     -374.73     318.052   437738   452075   471628          437738          452075          471628 0.969563  2659.24      -0.412968
  0.394     264.624    -632.872    -374.097     314.227   437360   452075   470877          437360          452075          470877 0.969085   2657.1      -0.395818
  0.396     259.225    -633.946    -373.473     310.503   437049   452075   470178          437049          452075          470178 0.968541  2655.04      -0.379107
  0.398     253.886    -635.023    -372.855     306.885   436838   448285   469713          436838          448285          469713 0.968543  2653.07      -0.362858
    0.4     248.604    -636.101    -372.245     303.375   436459   448285   468732          436459          448285          468732 0.966714  2651.19       -0.34709
  0.402     243.379    -637.181    -371.642     299.977   436200   448285   468028          436200          448285          468028 0.965699  2649.39      -0.331819
  0.404     238.211    -638.263    -371.045     296.693   435953   448285   467164          435953          448285          467164 0.963691  2647.67      -0.317054
  0.406     233.097    -639.347    -370.455     293.524   435643   448285   466569          435643          448285          466569 0.963552  2646.03      -0.302798
  0.408     228.038    -640.432    -369.871      290.47   435362   447936   466028          435362          447936          466028 0.963389  2644.46      -0.289051
   0.41     223.033    -641.519    -369.293      287.53   435156   447936   465576          435156          447936          465576 0.963105  2642.97      -0.275808
  0.412      218.08    -642.608    -368.721     284.702   434796   447936   464394          434796          447936          464394 0.959267  2641.55       -0.26306
  0.414     213.179    -643.698    -368.154     281.986   434527   447936   463818          434527          447936          463818 0.958808  2640.19      -0.250795
  0.416     208.328     -644.79    -367.593     279.379   434050   447936   463112          434050          447936          463112 0.958924   2638.9      -0.238997
  0.418     203.528    -645.884    -367.036     276.878   433679   447936   462807          433679          447936          462807 0.960748  2637.67      -0.227652
   0.42     198.777    -646.979    -366.485     274.481   433264   447936   462206          433264          447936          462206 0.960895  2636.49      -0.216741
  0.422     194.075    -648.075    -365.938     272.186   432905   447936   461848          432905          447936          461848 0.962204  2635.38      -0.206246
  0.424      189.42    -649.173    -365.396     269.989   432613   447936   461600          432613          447936          461600 0.963534  2634.32      -0.196149
  0.426     184.812    -650.272    -364.858      267.89   432156   447936   461333          432156          447936          461333 0.96554  2633.31      -0.186432
  0.428     180.251    -651.373    -364.325     265.885   431709   447381   460787          431709          447381          460787 0.965838  2632.35      -0.177076
   0.43     175.735    -652.475    -363.795     263.973   431477   440951   460339          431477          440951          460339 0.965378  2631.45      -0.168064
  0.432     171.264    -653.578    -363.269     262.153   431308   440951   459629          431308          440951          459629 0.963018  2630.58      -0.159379
  0.434     166.838    -654.683    -362.746     260.422   430951   440951   459064          430951          440951          459064 0.962511  2629.77      -0.151005
  0.436     162.455    -655.789    -362.227     258.779   430644   440951   458537          430644          440951          458537 0.961887     2629      -0.142927
  0.438     158.115    -656.896    -361.711     257.224   430434   440951   457927          430434          440951          457927 0.96017  2628.26       -0.13513
   0.44     153.817    -658.005    -361.198     255.755   430005   440951   457337          430005          440951          457337 0.959886  2627.57      -0.127601
  0.442     149.561    -659.114    -360.688      254.37   429674   440951   456893          429674          440951          456893 0.960016  2626.92      -0.120327
  0.444     145.346    -660.225    -360.181     253.069   429178   440867   456484          429178          440867          456484 0.961512  2626.31      -0.113296
  0.446     141.171    -661.338    -359.676     251.849   428839   440867   456004          428839          440867          456004 0.961555  2625.73      -0.106496
  0.448     137.037    -662.451    -359.173      250.71   428637   440867   455480          428637          440867          455480 0.960408  2625.19      -0.099917
   0.45     132.941    -663.565    -358.673     249.649   428340   440867   455116          428340          440867          455116 0.960988  2624.68     -0.0935483
  0.452     128.885    -664.681    -358.174     248.666   428116   440867   454738          428116          440867          454738 0.960853  2624.21     -0.0873805
  0.454     124.867    -665.798    -357.678     247.756   427870   438154   454416          427870          438154          454416 0.961158  2623.77     -0.0814044
  0.456     120.886    -666.916    -357.183     246.919   427598   438154   454095          427598          438154          454095 0.961534  2623.35     -0.0756115
  0.458     116.943    -668.035     -356.69     246.152   427416   438154   453782          427416          438154          453782 0.961269  2622.97     -0.0699935
   0.46     113.036    -669.155    -356.199     245.451   427073   438154   453422          427073          438154          453422 0.961765  2622.62     -0.0645428
  0.462     109.166    -670.276    -355.708     244.815   426892   438154   453086          426892          438154          453086 0.961186  2622.29     -0.0592519
  0.464     105.331    -671.398    -355.219     244.238   426750   438142   452676          426750          438142          452676 0.959627     2622     -0.0541137
  0.466     101.531    -672.522    -354.731     243.719   426473   438142   452327          426473          438142          452327 0.959595  2621.73     -0.0491218
  0.468     97.7666    -673.646    -354.244     243.254   426307   438142   451974          426307          438142          451974 0.958545  2621.48     -0.0442697
   0.47     94.0361    -674.772    -353.758     242.838   426042   438142   451653          426042          438142          451653 0.958447  2621.26     -0.0395515
  0.472     90.3394    -675.898    -353.273     242.468   425835   438142   451312          425835          438142          451312 0.95768  2621.07     -0.0349614
  0.474     86.6761    -677.026    -352.788     242.141   425441   438142   450976          425441          438142          450976 0.958357   2620.9     -0.0304941
  0.476     83.0458    -678.154    -352.304     241.852   425125   438142   450608          425125          438142          450608 0.958261  2620.75     -0.0261445
  0.478      79.448    -679.284    -351.821     241.598   424825   438142   450366          424825          438142          450366 0.959019  2620.62     -0.0219079
   0.48     75.8822    -680.415    -351.338     241.374   424450   438142   450083          424450          438142          450083 0.960028  2620.52     -0.0177797
  0.482     72.3482    -681.546    -350.856     241.177   424214   438142   449798          424214          438142          449798 0.959957  2620.43     -0.0137556
  0.484     68.8455    -682.679    -350.373     241.004   423809   438142   449645          423809          438142          449645 0.962098  2620.37    -0.00983166
  0.486     65.3736    -683.813    -349.892      240.85   423492   438142   449391          423492          438142          449391 0.962801  2620.33    -0.00600409
  0.488     61.9322    -684.947     -349.41     240.713   423097   438142   449184          423097          438142          449184 0.964417  2620.31    -0.00226936
   0.49      58.521    -686.083    -348.929      240.59   422824   438142   448973          422824          438142          448973 0.965081  2620.31     0.00137587
  0.492     55.1395     -687.22    -348.448     240.477   422597   438142   448731          422597          438142          448731 0.965171  2620.32     0.00493472
  0.494     51.7873    -688.357    -347.967     240.372   422225   438142   448548          422225          438142          448548 0.96657  2620.36     0.00841013
  0.496     48.4641    -689.496    -347.486     240.273   421920   436281   448395          421920          436281          448395 0.96769  2620.41      0.0118049
  0.498     45.1696    -690.635    -347.006     240.177   421648   436281   448210          421648          436281          448210 0.968317  2620.48      0.0151216
    0.5     41.9034    -691.776    -346.525     240.083   421196   436281   447964          421196          436281          447964 0.969709  2620.57      0.0183628
  0.502     38.6651    -692.917    -346.045     239.988   420935   433072   447678          420935          433072          447678 0.969724  2620.67      0.0215307
  0.504     35.4544     -694.06    -345.565     239.892   420594   433072   447329          420594          433072          447329 0.969893   2620.8      0.0246276
  0.506      32.271    -695.203    -345.086     239.793   420405   433072   446863          420405          433072          446863 0.96843  2620.93      0.0276556
  0.508     29.1145    -696.348    -344.606      239.69   420286   433072   446546          420286          433072          446546 0.967439  2621.09      0.0306168
   0.51     25.9846    -697.493    -344.127     239.583   420016   433072   446283          420016          433072          446283 0.967744  2621.25      0.0335131
  0.512      22.881    -698.639    -343.648     239.471   419727   433072   445881          419727          433072          445881 0.967296  2621.44      0.0363464
  0.514     19.8033    -699.786    -343.169     239.353   419625   428940   445630          419625          428940          445630 0.966596  2621.63      0.0391184
  0.516     16.7513    -700.934    -342.691     239.231   419468   428940   445199          419468          428940          445199 0.965006  2621.85      0.0418309
  0.518     13.7247    -702.083    -342.212     239.103   419078   428940   444919          419078          428940          444919 0.965961  2622.07      0.0444856
   0.52     10.7231    -703.233    -341.734      238.97   418984   428940   444632          418984          428940          444632 0.964877  2622.31      0.0470841
  0.522      7.7463    -704.384    -341.256     238.833   418725   428940   444354          418725          428940          444354 0.964926  2622.57       0.049628
  0.524     4.79393    -705.536    -340.779     238.691   418604   428940   444016          418604          428940          444016 0.963558  2622.83      0.0521189
  0.526     1.86573    -706.689    -340.302     238.545   418397   428940   443691          418397          428940          443691 0.962862  2623.11      0.0545583
  0.528    -1.03857    -707.842    -339.825     238.397   418140   428940   443374          418140          428940          443374 0.962593  2623.41      0.0569476
   0.53    -3.91926    -708.997    -339.348     238.246   417962   428940   443067          417962          428940          443067 0.961814  2623.71      0.0592882
  0.532    -6.77662    -710.152    -338.872     238.093   417772   428940   442856          417772          428940          442856 0.96173  2624.03      0.0615817
  0.534    -9.61091    -711.308    -338.396     237.938   417532   428940   442681          417532          428940          442681 0.962191  2624.36      0.0638294
  0.536    -12.4224    -712.465     -337.92     237.784   417375   428940   442381          417375          428940          442381 0.961112   2624.7      0.0660325
  0.538    -15.2113    -713.623    -337.444     237.629   416975   428940   442201          416975          428940          442201 0.962689  2625.05      0.0681925
   0.54     -17.978    -714.782    -336.969     237.476   416699   428940   442044          416699          428940          442044 0.963541  2625.41      0.0703105
  0.542    -20.7227    -715.942    -336.495     237.324   416331   428922   441806          416331          428922          441806 0.964502  2625.79       0.072388
  0.544    -23.4455    -717.102     -336.02     237.174   416168   428922   441627          416168          428922          441627 0.964397  2626.17       0.074426
  0.546    -26.1469    -718.264    -335.546     237.027   415775   428922   441406          415775          428922          441406 0.965672  2626.57      0.0764258
  0.548     -28.827    -719.426    -335.072     236.883   415546   428922   441197          415546          428922          441197 0.96593  2626.98      0.0783886
   0.55     -31.486    -720.589    -334.598     236.742   415424   428922   441098          415424          428922          441098 0.966088  2627.39      0.0803154
  0.552    -34.1242    -721.753    -334.125     236.606   415180   428922   440953          415180          428922          440953 0.966714  2627.82      0.0822075
  0.554    -36.7419    -722.918    -333.652     236.474   414928   428922   440637          414928          428922          440637 0.966188  2628.26      0.0840659
  0.556    -39.3392    -724.084    -333.179     236.347   414677   427118   440351          414677          427118          440351 0.965925  2628.71      0.0858917
  0.558    -41.9163    -725.251    -332.707     236.225   414357   427118   440143          414357          427118          440143 0.966789  2629.16      0.0876859
   0.56    -44.4736    -726.418    -332.234     236.107   414139   427118   439943          414139          427118          439943 0.966959  2629.63      0.0894497
  0.562    -47.0112    -727.586    -331.762     235.995   414040   427118   439722          414040          427118          439722 0.966096   2630.1      0.0911839
  0.564    -49.5294    -728.755     -331.29     235.888   413752   427118   439483          413752          427118          439483 0.966446  2630.59      0.0928896
  0.566    -52.0283    -729.925    -330.819     235.786   413496   427118   439285          413496          427118          439285 0.966837  2631.08      0.0945678
  0.568    -54.5082    -731.096    -330.347     235.689   413173   427118   439145          413173          427118          439145 0.968097  2631.58      0.0962194
   0.57    -56.9692    -732.267    -329.876     235.598   413002   427118   439005          413002          427118          439005 0.968312  2632.09      0.0978454
  0.572    -59.4116     -733.44    -329.405     235.511   412732   427118   438874          412732          427118          438874 0.969192  2632.61      0.0994468
  0.574    -61.8356    -734.613    -328.934     235.429   412537   423896   438635          412537          423896          438635 0.968847  2633.14       0.101024
  0.576    -64.2413    -735.787    -328.463     235.352   412395   423312   438413          412395          423312          438413 0.968242  2633.68       0.102579
  0.578     -66.629    -736.961    -327.992     235.279   412026   423312   438219          412026          423312          438219 0.96935  2634.22       0.104112
   0.58    -68.9989    -738.137    -327.522     235.211   411892   423312   437899          411892          423312          437899 0.968071  2634.77       0.105624
  0.582    -71.3511    -739.313    -327.051     235.146   411779   423312   437581          411779          423312          437581 0.966668  2635.33       0.107115
  0.584    -73.6858     -740.49    -326.581     235.085   411574   423312   437307          411574          423312          437307 0.966145   2635.9       0.108587
  0.586    -76.0033    -741.668    -326.111     235.027   411377   423312   437050          411377          423312          437050 0.965712  2636.48       0.110041
  0.588    -78.3037    -742.847    -325.641     234.973   411213   423170   436673          411213          423170          436673 0.964268  2637.06       0.111477
   0.59    -80.5871    -744.026    -325.171     234.921   410812   423170   436497          410812          423170          436497 0.965939  2637.65       0.112896
  0.592    -82.8538    -745.206    -324.701     234.872   410683   423170   436304          410683          423170          436304 0.965573  2638.25       0.114298
  0.594    -85.1039    -746.387    -324.232     234.826   410503   423170   436024          410503          423170          436024 0.964937  2638.86       0.115686
  0.596    -87.3377    -747.569    -323.762     234.781   410329   423170   435754          410329          423170          435754 0.964329  2639.47       0.117058
  0.598    -89.5552    -748.752    -323.293     234.738   410187   420689   435478          410187          420689          435478 0.963425   2640.1       0.118417
    0.6    -91.7566    -749.935    -322.823     234.696   409882   420689   435176          409882          420689          435176 0.96346  2640.73       0.119763
  0.602    -93.9422    -751.119    -322.354     234.656   409608   420689   434868          409608          420689          434868 0.963336  2641.36       0.121096
  0.604     -96.112    -752.304    -321.885     234.617   409488   420689   434600          409488          420689          434600 0.962421     2642       0.122416
  0.606    -98.2662     -753.49    -321.415     234.578   409257   420689   434393          409257          420689          434393 0.962672  2642.66       0.123726
  0.608    -100.405    -754.676    -320.946      234.54   408995   420689   434203          408995          420689          434203 0.963268  2643.31       0.125024
   0.61    -102.529    -755.863    -320.477     234.502   408716   420689   433959          408716          420689          433959 0.963603  2643.98       0.126312
  0.612    -104.637    -757.051    -320.008     234.464   408353   420689   433762          408353          420689          433762 0.964939  2644.65        0.12759
  0.614    -106.731     -758.24    -319.539     234.426   408178   420689   433600          408178          420689          433600 0.965206  2645.33       0.128858
  0.616    -108.809    -759.429    -319.071     234.388   408005   420689   433388          408005          420689          433388 0.965107  2646.01       0.130117
  0.618    -110.873    -760.619    -318.602      234.35   407739   420689   433169          407739          420689          433169 0.965628   2646.7       0.131367
   0.62    -112.923     -761.81    -318.133      234.31   407508   420689   433019          407508          420689          433019 0.966397   2647.4       0.132608
  0.622    -114.958    -763.002    -317.665      234.27   407298   420689   432787          407298          420689          432787 0.96644  2648.11        0.13384
  0.624    -116.979    -764.194    -317.196     234.229   407086   420689   432557          407086          420689          432557 0.966511  2648.82       0.135065
  0.626    -118.986    -765.387    -316.728     234.187   406915   420689   432369          406915          420689          432369 0.966594  2649.54        0.13628
  0.628    -120.979    -766.581    -316.259     234.144   406699   420689   432260          406699          420689          432260 0.967505  2650.26       0.137488
   0.63    -122.958    -767.775    -315.791       234.1   406591   420689   432045          406591          420689          432045 0.966908     2651       0.138688
  0.632    -124.923     -768.97    -315.323     234.054   406349   419078   431926          406349          419078          431926 0.967855  2651.74       0.139879
  0.634    -126.875    -770.166    -314.855     234.006   406210   419078   431736          406210          419078          431736 0.967603  2652.48       0.141061
  0.636    -128.813    -771.363    -314.387     233.957   406052   419078   431515          406052          419078          431515 0.967246  2653.23       0.142235
  0.638    -130.739     -772.56    -313.919     233.907   405845   419078   431221          405845          419078          431221 0.966724  2653.99       0.143401
   0.64    -132.651    -773.759    -313.451     233.855   405676   416373   431082          405676          416373          431082 0.967008  2654.75       0.144557
  0.642     -134.55    -774.957    -312.984     233.801   405400   416373   430867          405400          416373          430867 0.967516  2655.52       0.145704
  0.644    -136.436    -776.157    -312.516     233.745   405159   415692   430723          405159          415692          430723 0.968267   2656.3       0.146841
  0.646    -138.309    -777.357    -312.049     233.687   405067   415692   430418          405067          415692          430418 0.966901  2657.09       0.147968
  0.648     -140.17    -778.558    -311.581     233.628   404952   415692   430173          404952          415692          430173 0.966094  2657.87       0.149085
   0.65    -142.018     -779.76    -311.114     233.566   404758   415692   430057          404758          415692          430057 0.966708  2658.67       0.150191
  0.652    -143.854    -780.962    -310.647     233.502   404700   415692   429866          404700          415692          429866 0.965785  2659.47       0.151286
  0.654    -145.677    -782.165     -310.18     233.437   404543   415692   429722          404543          415692          429722 0.965821  2660.28       0.152369
  0.656    -147.489    -783.369    -309.713     233.369   404345   415692   429491          404345          415692          429491 0.965519  2661.09       0.153439
  0.658    -149.288    -784.573    -309.247     233.299   404213   415692   429357          404213          415692          429357 0.965422  2661.91       0.154497
   0.66    -151.075    -785.778     -308.78     233.228   404063   415692   429229          404063          415692          429229 0.96546  2662.74       0.155541
  0.662    -152.851    -786.984    -308.314     233.154   403802   415692   429073          403802          415692          429073 0.96604  2663.57       0.156572
  0.664    -154.614    -788.191    -307.847     233.078   403714   415611   428943          403714          415611          428943 0.965567  2664.41       0.157588
  0.666    -156.367    -789.398    -307.381         233   403384   415611   428717          403384          415611          428717 0.966132  2665.25       0.158589
  0.668    -158.107    -790.606    -306.915      232.92   403208   415611   428444          403208          415611          428444 0.965331   2666.1       0.159575
   0.67    -159.836    -791.814     -306.45     232.838   402981   415611   428303          402981          415611          428303 0.965855  2666.95       0.160544
  0.672    -161.554    -793.023    -305.984     232.753   402794   415611   428070          402794          415611          428070 0.965445  2667.81       0.161498
  0.674    -163.261    -794.233    -305.519     232.667   402422   415611   427874          402422          415611          427874 0.966699  2668.67       0.162434
  0.676    -164.957    -795.444    -305.053     232.579   402218   414477   427681          402218          414477          427681 0.966818  2669.54       0.163353
  0.678    -166.641    -796.655    -304.588     232.489   401927   414477   427524          401927          414477          427524 0.967812  2670.42       0.164255
   0.68    -168.315    -797.867    -304.123     232.397   401774   414477   427273          401774          414477          427273 0.967251   2671.3       0.165138
  0.682    -169.978    -799.079    -303.659     232.304   401568   414477   427154          401568          414477          427154 0.968002  2672.18       0.166002
  0.684     -171.63    -800.292    -303.194     232.208   401392   414477   426946          401392          414477          426946 0.967879  2673.07       0.166848
  0.686    -173.272    -801.506     -302.73     232.111   401252   414477   426675          401252          414477          426675 0.967117  2673.97       0.167675
  0.688    -174.903    -802.721    -302.266     232.013   401118   414477   426534          401118          414477          426534 0.967195  2674.87       0.168482
   0.69    -176.524    -803.936    -301.802     231.913   400849   414477   426192          400849          414477          426192 0.966872  2675.77        0.16927
  0.692    -178.135    -805.152    -301.338     231.811   400692   413098   426095          400692          413098          426095 0.967489  2676.68       0.170038
  0.694    -179.735    -806.368    -300.875     231.708   400564   412058   425801          400564          412058          425801 0.96654  2677.59       0.170786
  0.696    -181.325    -807.585    -300.411     231.604   400442   412058   425631          400442          412058          425631 0.966394  2678.51       0.171514
  0.698    -182.905    -808.803    -299.948     231.499   400206   412058   425484          400206          412058          425484 0.967197  2679.43       0.172222
    0.7    -184.475    -810.021    -299.485     231.392   399994   412058   425295          399994          412058          425295 0.967527  2680.35        0.17291
  0.702    -186.036     -811.24    -299.023     231.285   399805   412058   425140          399805          412058          425140 0.967991  2681.28       0.173579
  0.704    -187.586     -812.46     -298.56     231.177   399627   412058   424952          399627          412058          424952 0.968119  2682.21       0.174227
  0.706    -189.127     -813.68    -298.098     231.069   399531   412058   424780          399531          412058          424780 0.967797  2683.15       0.174856
  0.708    -190.658    -814.901    -297.636     230.959   399414   412058   424669          399414          412058          424669 0.968005  2684.09       0.175466
   0.71     -192.18    -816.123    -297.174      230.85   399334   412058   424528          399334          412058          424528 0.967689  2685.03       0.176057
  0.712    -193.693    -817.345    -296.713      230.74   399193   412058   424331          399193          412058          424331 0.96739  2685.98       0.176629
  0.714    -195.196    -818.567    -296.251      230.63   399028   410931   424145          399028          410931          424145 0.967325  2686.93       0.177183
  0.716    -196.689    -819.791     -295.79      230.52   398777   410931   424018          398777          410931          424018 0.968246  2687.89       0.177719
  0.718    -198.174    -821.015    -295.329      230.41   398632   410931   423853          398632          410931          423853 0.968189  2688.84       0.178237
   0.72    -199.649    -822.239    -294.868       230.3   398533   410931   423653          398533          410931          423653 0.967562   2689.8       0.178738
  0.722    -201.116    -823.465    -294.408     230.191   398444   408355   423452          398444          408355          423452 0.966825  2690.77       0.179222
  0.724    -202.573     -824.69    -293.948     230.082   398300   408355   423349          398300          408355          423349 0.967112  2691.73       0.179691
  0.726    -204.022    -825.917    -293.488     229.974   398198   408071   423171          398198          408071          423171 0.966562   2692.7       0.180144
  0.728    -205.462    -827.144    -293.028     229.867   398131   408071   422928          398131          408071          422928 0.965288  2693.67       0.180582
   0.73    -206.893    -828.372    -292.568     229.761   398001   408071   422712          398001          408071          422712 0.96462  2694.65       0.181005
  0.732    -208.315      -829.6    -292.109     229.655   397867   408071   422411          397867          408071          422411 0.963394  2695.62       0.181415
  0.734    -209.729    -830.829    -291.649     229.551   397808   408071   422264          397808          408071          422264 0.962683   2696.6       0.181812
  0.736    -211.135    -832.058     -291.19     229.448   397687   408071   422076          397687          408071          422076 0.962069  2697.58       0.182197
  0.738    -212.532    -833.288    -290.732     229.347   397484   408071   421888          397484          408071          421888 0.962052  2698.57        0.18257
   0.74     -213.92    -834.519    -290.273     229.247   397166   408071   421736          397166          408071          421736 0.963166  2699.55       0.182932
  0.742    -215.301     -835.75    -289.815     229.149   397015   407640   421510          397015          407640          421510 0.962561  2700.54       0.183284
  0.744    -216.673    -836.982    -289.356     229.052   396837   407640   421377          396837          407640          421377 0.962812  2701.53       0.183626
  0.746    -218.037    -838.214    -288.898     228.957   396541   407640   421235          396541          407640          421235 0.96393  2702.53       0.183959
  0.748    -219.393    -839.447    -288.441     228.864   396342   407640   421081          396342          407640          421081 0.964238  2703.52       0.184284
   0.75    -220.741    -840.681    -287.983     228.773   396116   407640   420896          396116          407640          420896 0.964555  2704.52       0.184602
  0.752    -222.081    -841.915    -287.526     228.685   396032   407640   420782          396032          407640          420782 0.964326  2705.52       0.184913
  0.754    -223.413     -843.15    -287.068     228.598   395921   407640   420612          395921          407640          420612 0.963824  2706.52       0.185217
  0.756    -224.737    -844.385    -286.611     228.514   395661   407640   420420          395661          407640          420420 0.964301  2707.53       0.185516
  0.758    -226.054    -845.621    -286.154     228.431   395467   407640   420185          395467          407640          420185 0.96404  2708.53        0.18581
   0.76    -227.363    -846.857    -285.697     228.352   395282   407640   420019          395282          407640          420019 0.964188  2709.54         0.1861
  0.762    -228.664    -848.094    -285.241     228.274   395137   407640   419849          395137          407640          419849 0.964061  2710.55       0.186387
  0.764    -229.957    -849.332    -284.784     228.199   394974   407640   419691          394974          407640          419691 0.964157  2711.56        0.18667
  0.766    -231.244     -850.57    -284.328     228.126   394763   407640   419438          394763          407640          419438 0.96393  2712.57       0.186951
  0.768    -232.522    -851.809    -283.872     228.056   394352   407640   419358          394352          407640          419358 0.966513  2713.59       0.187229
   0.77    -233.794    -853.048    -283.416     227.988   394264   407640   419216          394264          407640          419216 0.966304   2714.6       0.187506
  0.772    -235.058    -854.288     -282.96     227.923   394128   407640   419122          394128          407640          419122 0.966752  2715.62       0.187783
  0.774    -236.315    -855.528    -282.504      227.86   393911   407311   418943          393911          407311          418943 0.96718  2716.64       0.188059
  0.776    -237.564    -856.769    -282.048       227.8   393840   407311   418798          393840          407311          418798 0.966792  2717.67       0.188334
  0.778    -238.807    -858.011    -281.593     227.742   393626   407311   418619          393626          407311          418619 0.967166  2718.69        0.18861
   0.78    -240.042    -859.253    -281.137     227.687   393435   405160   418484          393435          405160          418484 0.967726  2719.72       0.188887
  0.782    -241.271    -860.496    -280.682     227.634   393333   405160   418301          393333          405160          418301 0.967322  2720.75       0.189164
  0.784    -242.492    -861.739    -280.227     227.583   393219   405160   418170          393219          405160          418170 0.967345  2721.78       0.189443
  0.786    -243.706    -862.982    -279.772     227.535   393098   405160   418019          393098          405160          418019 0.967261  2722.81       0.189724
  0.788    -244.914    -864.227    -279.317     227.489   393010   405160   417784          393010          405160          417784 0.966353  2723.84       0.190007
   0.79    -246.115    -865.472    -278.862     227.446   392902   405160   417594          392902          405160          417594 0.965897  2724.88       0.190291
  0.792    -247.309    -866.717    -278.407     227.405   392771   405160   417498          392771          405160          417498 0.966248  2725.92       0.190578
  0.794    -248.496    -867.963    -277.952     227.365   392567   405160   417299          392567          405160          417299 0.966396  2726.96       0.190867
  0.796    -249.677    -869.209    -277.498     227.328   392370   405160   417167          392370          405160          417167 0.966982     2728       0.191159
  0.798    -250.851    -870.456    -277.043     227.294   392187   405160   417089          392187          405160          417089 0.967838  2729.04       0.191454
    0.8    -252.019    -871.704    -276.588     227.261   392102   405160   416982          392102          405160          416982 0.967788  2730.09       0.191752
  0.802     -253.18    -872.952    -276.134      227.23   391947   401827   416814          391947          401827          416814 0.967789  2731.14       0.192052
  0.804    -254.335      -874.2    -275.679     227.201   391886   401827   416656          391886          401827          416656 0.967175  2732.19       0.192355
  0.806    -255.483     -875.45    -275.225     227.174   391755   401827   416517          391755          401827          416517 0.967171  2733.24       0.192662
  0.808    -256.625    -876.699    -274.771     227.149   391573   401827   416392          391573          401827          416392 0.967619  2734.29       0.192971
   0.81     -257.76    -877.949    -274.316     227.125   391515   401827   416199          391515          401827          416199 0.966682  2735.35       0.193283
  0.812     -258.89      -879.2    -273.862     227.103   391449   401827   416007          391449          401827          416007 0.965799  2736.41       0.193599
  0.814    -260.013    -880.451    -273.408     227.083   391403   401827   415904          391403          401827          415904 0.96537  2737.47       0.193917
  0.816     -261.13    -881.703    -272.954     227.065   391239   401827   415771          391239          401827          415771 0.965541  2738.53       0.194238
  0.818    -262.241    -882.955      -272.5     227.048   391166   401827   415626          391166          401827          415626 0.964943   2739.6       0.194562
   0.82    -263.346    -884.208    -272.046     227.032   391064   401827   415328          391064          401827          415328 0.963443  2740.66       0.194888
  0.822    -264.445    -885.462    -271.592     227.018   390887   401587   415156          390887          401587          415156 0.963445  2741.73       0.195217
  0.824    -265.538    -886.715    -271.138     227.005   390760   401587   415038          390760          401587          415038 0.963485   2742.8       0.195549
  0.826    -266.625     -887.97    -270.684     226.994   390571   401587   414855          390571          401587          414855 0.963495  2743.88       0.195883
  0.828    -267.706    -889.225     -270.23     226.984   390355   401587   414701          390355          401587          414701 0.963947  2744.95       0.196219
   0.83    -268.781     -890.48    -269.776     226.976   390325   401587   414587          390325          401587          414587 0.963298  2746.03       0.196558
  0.832     -269.85    -891.736    -269.322     226.969   390224   401587   414495          390224          401587          414495 0.96329  2747.11       0.196899
  0.834    -270.914    -892.992    -268.868     226.963   389948   401587   414290          389948          401587          414290 0.963774   2748.2       0.197241
  0.836    -271.972    -894.249    -268.414     226.958   389882   401587   414191          389882          401587          414191 0.96348  2749.28       0.197586
  0.838    -273.025    -895.507     -267.96     226.955   389669   401587   413960          389669          401587          413960 0.963333  2750.37       0.197932
   0.84    -274.071    -896.765    -267.506     226.953   389382   401587   413797          389382          401587          413797 0.964292  2751.46        0.19828
  0.842    -275.112    -898.023    -267.052     226.953   389188   401587   413625          389188          401587          413625 0.964523  2752.55        0.19863
  0.844    -276.148    -899.282    -266.598     226.953   389080   401587   413519          389080          401587          413519 0.964604  2753.65       0.198981
  0.846    -277.178    -900.542    -266.144     226.955   388925   401587   413391          388925          401587          413391 0.964862  2754.74       0.199333
  0.848    -278.203    -901.802     -265.69     226.959   388846   401587   413289          388846          401587          413289 0.964718  2755.84       0.199687
   0.85    -279.222    -903.062    -265.237     226.964   388703   401587   413186          388703          401587          413186 0.965027  2756.94       0.200042
  0.852    -280.236    -904.323    -264.783     226.971   388629   399863   413047          388629          399863          413047 0.96453  2758.05       0.200398
  0.854    -281.245    -905.585    -264.329     226.979   388497   399849   412829          388497          399849          412829 0.963879  2759.16       0.200755
  0.856    -282.248    -906.847    -263.875     226.988   388398   399849   412713          388398          399849          412713 0.963728  2760.26       0.201113
  0.858    -283.246     -908.11    -263.421     226.999   388273   399849   412524          388273          399849          412524 0.963215  2761.38       0.201472
   0.86    -284.239    -909.373    -262.967     227.012   388148   399849   412355          388148          399849          412355 0.962847  2762.49       0.201833
  0.862    -285.226    -910.636    -262.513     227.027   388021   399849   412216          388021          399849          412216 0.96272  2763.61       0.202194
  0.864    -286.209      -911.9    -262.059     227.044   387851   399849   412146          387851          399849          412146 0.963417  2764.73       0.202555
  0.866    -287.186    -913.165    -261.604     227.062   387723   399849   412071          387723          399849          412071 0.963711  2765.85       0.202918
  0.868    -288.158     -914.43     -261.15     227.083   387588   399849   411877          387588          399849          411877 0.963186  2766.97       0.203282
   0.87    -289.125    -915.695    -260.696     227.106   387334   399849   411663          387334          399849          411663 0.963422   2768.1       0.203646
  0.872    -290.088    -916.961    -260.242     227.131   387282   399849   411546          387282          399849          411546 0.962898  2769.23       0.204012
  0.874    -291.045    -918.228    -259.788     227.158   387105   399849   411401          387105          399849          411401 0.963083  2770.36       0.204378
  0.876    -291.997    -919.495    -259.333     227.188   386890   399849   411268          386890          399849          411268 0.963635  2771.49       0.204746
  0.878    -292.945    -920.762    -258.879      227.22   386724   399849   411134          386724          399849          411134 0.963824  2772.63       0.205114
   0.88    -293.887     -922.03    -258.424     227.254   386603   399849   411073          386603          399849          411073 0.964199  2773.76       0.205484
  0.882    -294.825    -923.298     -257.97     227.292   386497   399849   411011          386497          399849          411011 0.964414  2774.91       0.205855
  0.884    -295.758    -924.567    -257.515     227.332   386291   399849   410933          386291          399849          410933 0.965204  2776.05       0.206227
  0.886    -296.686    -925.837    -257.061     227.375   386194   399611   410789          386194          399611          410789 0.964747   2777.2         0.2066
  0.888     -297.61    -927.107    -256.606     227.421   385913   399611   410629          385913          399611          410629 0.965504  2778.34       0.206974
   0.89    -298.528    -928.377    -256.151      227.47   385808   399611   410424          385808          399611          410424 0.96472   2779.5        0.20735
  0.892    -299.442    -929.648    -255.696     227.522   385613   396131   410261          385613          396131          410261 0.964871  2780.65       0.207728
  0.894    -300.352    -930.919    -255.241     227.578   385376   396131   410079          385376          396131          410079 0.96521  2781.81       0.208107
  0.896    -301.257    -932.191    -254.786     227.637   385155   396131   409968          385155          396131          409968 0.965984  2782.97       0.208488
  0.898    -302.157    -933.463     -254.33     227.699   384993   396131   409890          384993          396131          409890 0.96657  2784.13        0.20887
    0.9    -303.053    -934.736    -253.875     227.765   384866   396131   409786          384866          396131          409786 0.966722  2785.29       0.209255
  0.902    -303.944    -936.009    -253.419     227.834   384618   394365   409643          384618          394365          409643 0.967464  2786.46       0.209641
  0.904    -304.831    -937.283    -252.963     227.907   384557   394365   409421          384557          394365          409421 0.966341  2787.63       0.210029
  0.906    -305.713    -938.557    -252.507     227.984   384379   394365   409299          384379          394365          409299 0.966782   2788.8        0.21042
  0.908    -306.591    -939.832    -252.051     228.065   384296   394365   409151          384296          394365          409151 0.966337  2789.98       0.210812
   0.91    -307.465    -941.107    -251.595     228.149   384250   394365   409032          384250          394365          409032 0.965808  2791.15       0.211207
  0.912    -308.334    -942.383    -251.139     228.237   384230   394365   408888          384230          394365          408888 0.964858  2792.33       0.211604
  0.914    -309.199    -943.659    -250.682      228.33   384199   394365   408757          384199          394365          408757 0.964044  2793.52       0.212004
  0.916    -310.059    -944.936    -250.226     228.426   384121   394365   408650          384121          394365          408650 0.963717   2794.7       0.212405
  0.918    -310.916    -946.213    -249.769     228.526   384065   394365   408532          384065          394365          408532 0.963103  2795.89        0.21281
   0.92    -311.768     -947.49    -249.311      228.63   383842   394365   408419          383842          394365          408419 0.9638  2797.08       0.213217
  0.922    -312.616    -948.768    -248.854     228.738   383742   394365   408291          383742          394365          408291 0.963439  2798.28       0.213626
  0.924    -313.459    -950.047    -248.396     228.851   383616   394365   408159          383616          394365          408159 0.96323  2799.47       0.214038
  0.926    -314.299    -951.326    -247.939     228.967   383567   394365   408072          383567          394365          408072 0.96276  2800.67       0.214452
  0.928    -315.134    -952.605    -247.481     229.088   383288   394365   407906          383288          394365          407906 0.963455  2801.88       0.214869
   0.93    -315.966    -953.885    -247.022     229.212   383144   394365   407794          383144          394365          407794 0.963566  2803.08       0.215289
  0.932    -316.793    -955.165    -246.564      229.34   383063   394365   407655          383063          394365          407655 0.962971  2804.29       0.215711
  0.934    -317.616    -956.446    -246.105     229.473   382980   394365   407509          382980          394365          407509 0.962314   2805.5       0.216136
  0.936    -318.435    -957.727    -245.646     229.609   382872   394365   407356          382872          394365          407356 0.961786  2806.72       0.216563
  0.938    -319.251    -959.009    -245.186     229.749   382791   394365   407210          382791          394365          407210 0.961076  2807.93       0.216993
   0.94    -320.062    -960.292    -244.727     229.893   382619   394365   407090          382619          394365          407090 0.961286  2809.15       0.217425
  0.942    -320.869    -961.574    -244.267      230.04   382503   394365   406931          382503          394365          406931 0.960758  2810.38       0.217859
  0.944    -321.672    -962.857    -243.807     230.192   382419   394365   406787          382419          394365          406787 0.960082   2811.6       0.218296
  0.946    -322.472    -964.141    -243.346     230.346   382180   394365   406639          382180          394365          406639 0.960591  2812.83       0.218735
  0.948    -323.268    -965.425    -242.885     230.505   382077   394365   406468          382077          394365          406468 0.959894  2814.06       0.219176
   0.95    -324.059     -966.71    -242.424     230.666   381785   394365   406395          381785          394365          406395 0.961422   2815.3       0.219618
  0.952    -324.847    -967.995    -241.963     230.831   381635   394365   406245          381635          394365          406245 0.961297  2816.54       0.220063
  0.954    -325.631     -969.28    -241.501     230.999   381346   394365   406065          381346          394365          406065 0.962041  2817.78       0.220509
  0.956    -326.412    -970.566    -241.039      231.17   381176   394365   405947          381176          394365          405947 0.962402  2819.02       0.220957
  0.958    -327.189    -971.853    -240.576     231.344   381004   394365   405824          381004          394365          405824 0.96276  2820.27       0.221406
   0.96    -327.961     -973.14    -240.113     231.521   380935   394365   405706          380935          394365          405706 0.962339  2821.52       0.221857
  0.962    -328.731    -974.427     -239.65       231.7   380845   394365   405613          380845          394365          405613 0.962236  2822.77       0.222308
  0.964    -329.496    -975.715    -239.186     231.882   380667   394365   405556          380667          394365          405556 0.963052  2824.03        0.22276
  0.966    -330.258    -977.003    -238.723     232.066   380550   394365   405476          380550          394365          405476 0.963228  2825.29       0.223213
  0.968    -331.016    -978.292    -238.258     232.252   380431   393477   405327          380431          393477          405327 0.96287  2826.55       0.223667
   0.97    -331.771    -979.581    -237.794      232.44   380388   393477   405237          380388          393477          405237 0.962369  2827.82        0.22412
  0.972    -332.522    -980.871    -237.328     232.631   380258   393477   405172          380258          393477          405172 0.962669  2829.09       0.224574
  0.974     -333.27    -982.161    -236.863     232.822   379755   393477   404992          379755          393477          404992 0.964929  2830.36       0.225028
  0.976    -334.014    -983.452    -236.397     233.016   379630   393477   404893          379630          393477          404893 0.965062  2831.63       0.225481
  0.978    -334.754    -984.743    -235.931      233.21   379502   393477   404769          379502          393477          404769 0.965039  2832.91       0.225933
   0.98    -335.491    -986.034    -235.464     233.406   379283   393477   404566          379283          393477          404566 0.965131  2834.19       0.226385
  0.982    -336.225    -987.326    -234.997     233.603   379157   393477   404426          379157          393477          404426 0.965025  2835.48       0.226836
  0.984    -336.955    -988.619     -234.53       233.8   379018   393477   404357          379018          393477          404357 0.965508  2836.77       0.227285
  0.986    -337.681    -989.912    -234.062     233.999   378901   393477   404234          378901          393477          404234 0.965447  2838.06       0.227732
  0.988    -338.405    -991.205    -233.594     234.197   378598   393477   404143          378598          393477          404143 0.966928  2839.35       0.228178
   0.99    -339.124    -992.499    -233.125     234.396   378503   393477   404001          378503          393477          404001 0.966622  2840.65       0.228622
  0.992    -339.841    -993.793    -232.656     234.595   378350   392187   403884          378350          392187          403884 0.966886  2841.95       0.229063
  0.994    -340.554    -995.088    -232.187     234.794   378256   392187   403823          378256          392187          403823 0.96711  2843.25       0.229502
  0.996    -341.264    -996.383    -231.717     234.993   378155   392187   403659          378155          392187          403659 0.966674  2844.56       0.229938
  0.998     -341.97    -997.679    -231.247     235.191   378118   391574   403574          378118          391574          403574 0.966316  2845.87       0.230371
      1    -342.673    -998.975    -230.776     235.389   378002   391574   403474          378002          391574          403474 0.966363  2847.18       0.230801
  1.002    -343.373    -1000.27    -230.305     235.586   377849   391574   403411          377849          391574          403411 0.966911   2848.5       0.231227
  1.004     -344.07    -1001.57    -229.834     235.782   377718   391574   403308          377718          391574          403308 0.967017  2849.82       0.231649
  1.006    -344.764    -1002.87    -229.362     235.976   377623   389306   403189          377623          389306          403189 0.966765  2851.14       0.232068
  1.008    -345.454    -1004.16     -228.89      236.17   377535   389306   403067          377535          389306          403067 0.96642  2852.46       0.232482
   1.01    -346.141    -1005.46    -228.418     236.362   377454   389306   402919          377454          389306          402919 0.965842  2853.79       0.232892
  1.012    -346.825    -1006.76    -227.945     236.553   377334   389306   402807          377334          389306          402807 0.965753  2855.12       0.233297
  1.014    -347.505    -1008.06    -227.471     236.742   377201   389306   402735          377201          389306          402735 0.966018  2856.46       0.233697
  1.016    -348.183    -1009.36    -226.998     236.929   377048   389266   402641          377048          389266          402641 0.966264  2857.79       0.234092
  1.018    -348.857    -1010.66    -226.524     237.114   376856   389266   402529          376856          389266          402529 0.966668  2859.13       0.234482
   1.02    -349.529    -1011.96    -226.049     237.297   376505   389188   402466          376505          389188          402466 0.96848  2860.47       0.234867
  1.022    -350.197    -1013.26    -225.574     237.477   376374   389188   402322          376374          389188          402322 0.968311  2861.82       0.235246
  1.024    -350.862    -1014.57    -225.099     237.655   376318   389188   402226          376318          389188          402226 0.967942  2863.17       0.235619
  1.026    -351.525    -1015.87    -224.624     237.831   376271   389188   402095          376271          389188          402095 0.967247  2864.52       0.235986
  1.028    -352.184    -1017.17    -224.148     238.005   376185   389188   402016          376185          389188          402016 0.967145  2865.87       0.236347
   1.03     -352.84    -1018.47    -223.672     238.175   376085   389188   401956          376085          389188          401956 0.967243  2867.23       0.236702
  1.032    -353.493    -1019.78    -223.195     238.343   375922   389188   401868          375922          389188          401868 0.967575  2868.59       0.237051
  1.034    -354.143    -1021.08    -222.718     238.508   375761   389188   401718          375761          389188          401718 0.967474  2869.95       0.237394
  1.036    -354.791    -1022.38    -222.241      238.67   375561   389188   401637          375561          389188          401637 0.968128  2871.31       0.237729
  1.038    -355.435    -1023.69    -221.764     238.829   375508   389188   401497          375508          389188          401497 0.967376  2872.68       0.238059
   1.04    -356.076       -1025    -221.286     238.985   375384   389188   401396          375384          389188          401396 0.967357  2874.05       0.238381
  1.042    -356.715     -1026.3    -220.808     239.138   375220   389188   401239          375220          389188          401239 0.96724  2875.42       0.238697
  1.044     -357.35    -1027.61    -220.329     239.288   375117   388992   401088          375117          388992          401088 0.966758  2876.79       0.239006
  1.046    -357.983    -1028.91    -219.851     239.434   374923   388992   401025          374923          388992          401025 0.967461  2878.17       0.239308
  1.048    -358.613    -1030.22    -219.372     239.577   374852   388992   400950          374852          388992          400950 0.967261  2879.55       0.239604
   1.05     -359.24    -1031.53    -218.892     239.717   374361   388992   400835          374361          388992          400835 0.969541  2880.93       0.239892
  1.052    -359.864    -1032.84    -218.413     239.854   374273   388992   400707          374273          388992          400707 0.969202  2882.31       0.240174
  1.054    -360.486    -1034.15    -217.933     239.987   374144   384633   400550          374144          384633          400550 0.968934   2883.7       0.240449
  1.056    -361.105    -1035.45    -217.453     240.118   374005   384633   400383          374005          384633          400383 0.968689  2885.09       0.240717
  1.058     -361.72    -1036.76    -216.973     240.244   373819   384633   400302          373819          384633          400302 0.969318  2886.48       0.240978
   1.06    -362.334    -1038.07    -216.492     240.368   373777   384633   400110          373777          384633          400110 0.968267  2887.87       0.241232
  1.062    -362.944    -1039.38    -216.011     240.488   373669   384633   400031          373669          384633          400031 0.968397  2889.26        0.24148
  1.064    -363.552     -1040.7     -215.53     240.605   373520   384633   399936          373520          384633          399936 0.968699  2890.66       0.241721
  1.066    -364.157    -1042.01    -215.049     240.719   373444   384633   399821          373444          384633          399821 0.968358  2892.06       0.241955
  1.068    -364.759    -1043.32    -214.567     240.829   373141   384633   399644          373141          384633          399644 0.969176  2893.46       0.242184
   1.07    -365.359    -1044.63    -214.085     240.937   372938   384633   399425          372938          384633          399425 0.969078  2894.86       0.242405
  1.072    -365.955    -1045.94    -213.603     241.041   372890   384633   399194          372890          384633          399194 0.967893  2896.26       0.242621
  1.074     -366.55    -1047.26    -213.121     241.142   372783   384633   399050          372783          384633          399050 0.967719  2897.67        0.24283
  1.076    -367.141    -1048.57    -212.639     241.241   372718   384633   398943          372718          384633          398943 0.96749  2899.08       0.243033
  1.078    -367.731    -1049.88    -212.156     241.336   372614   384633   398827          372614          384633          398827 0.967458  2900.49        0.24323
   1.08    -368.317     -1051.2    -211.673     241.428   372524   384633   398691          372524          384633          398691 0.967174   2901.9       0.243422
  1.082    -368.901    -1052.51     -211.19     241.518   372404   384633   398541          372404          384633          398541 0.967013  2903.31       0.243608
  1.084    -369.482    -1053.83    -210.707     241.605   372357   384633   398351          372357          384633          398351 0.966073  2904.73       0.243789
  1.086    -370.061    -1055.14    -210.224     241.689   372321   384633   398232          372321          384633          398232 0.965525  2906.15       0.243964
  1.088    -370.637    -1056.46    -209.741     241.771   372256   384633   398029          372256          384633          398029 0.964596  2907.57       0.244135
   1.09    -371.211    -1057.78    -209.257      241.85   372205   384633   397871          372205          384633          397871 0.963863  2908.99         0.2443
  1.092    -371.782    -1059.09    -208.773     241.927   372072   384382   397662          372072          384382          397662 0.963356  2910.41       0.244461
  1.094    -372.351    -1060.41    -208.289     242.001   372031   384382   397595          372031          384382          397595 0.963184  2911.83       0.244618
  1.096    -372.917    -1061.73    -207.805     242.073   371912   384382   397488          371912          384382          397488 0.963256  2913.26        0.24477
  1.098    -373.481    -1063.05    -207.321     242.144   371817   384382   397393          371817          384382          397393 0.963232  2914.68       0.244918
    1.1    -374.042    -1064.37    -206.837     242.212   371760   384382   397299          371760          384382          397299 0.962919  2916.11       0.245062
  1.102    -374.601    -1065.69    -206.352     242.278   371650   384382   397210          371650          384382          397210 0.962989  2917.54       0.245203
  1.104    -375.157    -1067.01    -205.868     242.343   371470   384382   397140          371470          384382          397140 0.96367  2918.97        0.24534
  1.106    -375.711    -1068.33    -205.383     242.406   371383   384382   397042          371383          384382          397042 0.96349  2920.41       0.245474
  1.108    -376.263    -1069.65    -204.898     242.467   371345   384382   396913          371345          384382          396913 0.962732  2921.84       0.245605
