# n_walkers  560  n_cull  1  simple log(alpha)  -0.001784121793501292
#   T     log_Z(T)      F(T)        U(T)       Cvp(T)    low_pct_i(T) mode_i(T) high_pct_i(T) low_pct_iter(T)  mode_iter(T)   high_pct_iter(T) Z_fract(T)   V(T)   thermal_exp(T)
   0.01     64499.4    -658.711    -657.465     121.179   765198   765275   765277          765198          765275          765277 0.911805  1600.51     0.00997744
  0.012     53521.6     -658.72    -657.222     121.213   765182   765275   765277          765182          765275          765277 0.905893  1600.53      0.0075881
  0.014     45680.4     -658.73     -656.98     121.239   765168   765275   765277          765168          765275          765277 0.89459  1600.56     0.00600721
  0.016     39799.6     -658.74    -656.738     121.259   765151   765275   765277          765151          765275          765277 0.889641  1600.57     0.00494766
  0.018     35225.6     -658.75    -656.495     121.279   765125   765275   765277          765125          765275          765277 0.899754  1600.59     0.00421298
   0.02     31566.4    -658.761    -656.252       121.3   765102   765275   765277          765102          765275          765277 0.904503   1600.6      0.0036794
  0.022     28572.5    -658.772     -656.01     121.324   765081   765275   765277          765081          765275          765277 0.906332  1600.61     0.00327253
  0.024     26077.6    -658.783    -655.767     121.351   765060   765275   765277          765060          765275          765277 0.908409  1600.62      0.0029488
  0.026     23966.6    -658.794    -655.524     121.382   765045   765275   765277          765045          765275          765277 0.903447  1600.63     0.00268281
  0.028     22157.1    -658.806    -655.282     121.415   765018   765275   765277          765018          765275          765277 0.910291  1600.64     0.00245958
   0.03     20588.9    -658.818    -655.039     121.451   765001   765275   765277          765001          765275          765277 0.907429  1600.65     0.00226993
  0.032     19216.8     -658.83    -654.796     121.489   764983   765275   765277          764983          765275          765277 0.90453  1600.65     0.00210793
  0.034       18006    -658.842    -654.553      121.53   764971   765275   765277          764971          765275          765277 0.896165  1600.66     0.00196944
  0.036     16929.8    -658.855     -654.31     121.572   764936   765275   765277          764936          765275          765277 0.90407  1600.67     0.00185137
  0.038     15966.9    -658.867    -654.066     121.617   764914   765275   765277          764914          765275          765277 0.902488  1600.67     0.00175126
   0.04     15100.3     -658.88    -653.823     121.663   764886   765275   765277          764886          765275          765277 0.904602  1600.68     0.00166708
  0.042     14316.2    -658.893     -653.58     121.712   764862   765275   765277          764862          765275          765277 0.904009  1600.68     0.00159711
  0.044     13603.5    -658.906    -653.336     121.762   764839   765275   765277          764839          765275          765277 0.902252  1600.69     0.00153986
  0.046     12952.7    -658.919    -653.093     121.813   764812   765275   765277          764812          765275          765277 0.902256  1600.69     0.00149404
  0.048     12356.1    -658.933    -652.849     121.867   764783   765275   765277          764783          765275          765277 0.902569   1600.7     0.00145855
   0.05     11807.2    -658.946    -652.605     121.923   764759   765275   765277          764759          765275          765277 0.900461   1600.7     0.00143242
  0.052     11300.6     -658.96    -652.361     121.981   764728   765275   765277          764728          765275          765277 0.900908  1600.71     0.00141482
  0.054     10831.5    -658.974    -652.117     122.042   764704   765275   765277          764704          765275          765277 0.898223  1600.71     0.00140504
  0.056       10396    -658.988    -651.873     122.105   764648   765275   765277          764648          765275          765277 0.907995  1600.71     0.00140248
  0.058     9990.42    -659.002    -651.629     122.171   764628   765275   765277          764628          765275          765277 0.903824  1600.72     0.00140662
   0.06     9611.93    -659.016    -651.385      122.24   764592   765275   765277          764592          765275          765277 0.904961  1600.72     0.00141705
  0.062     9257.85    -659.031     -651.14     122.313   764573   765275   765277          764573          765275          765277 0.900062  1600.73     0.00143342
  0.064      8925.9    -659.045    -650.895     122.389   764529   765275   765277          764529          765275          765277 0.902628  1600.73     0.00145545
  0.066     8614.08     -659.06     -650.65      122.47   764485   765275   765277          764485          765275          765277 0.90513  1600.74     0.00148295
  0.068      8320.6    -659.075    -650.405     122.554   764458   765275   765277          764458          765275          765277 0.902142  1600.74     0.00151577
   0.07     8043.89     -659.09     -650.16     122.644   764410   765275   765277          764410          765275          765277 0.904534  1600.75     0.00155381
  0.072     7782.56    -659.105    -649.915     122.738   764340   765275   765277          764340          765275          765277 0.91244  1600.75     0.00159706
  0.074     7535.36    -659.121    -649.669     122.838   764303   765275   765277          764303          765275          765277 0.911879  1600.76     0.00164554
  0.076     7301.17    -659.136    -649.423     122.944   764262   765275   765277          764262          765275          765277 0.911883  1600.76     0.00169932
  0.078     7078.99    -659.152    -649.177     123.057   764231   765266   765277          764231          765266          765277 0.909124  1600.77     0.00175854
   0.08     6867.92    -659.168    -648.931     123.176   764199   765266   765277          764199          765266          765277 0.906251  1600.77     0.00182336
  0.082     6667.15    -659.184    -648.685     123.303   764152   765266   765277          764152          765266          765277 0.906197  1600.78     0.00189403
  0.084     6475.94      -659.2    -648.438     123.438   764093   765266   765277          764093          765266          765277 0.908037  1600.79     0.00197084
  0.086     6293.63    -659.216    -648.191     123.582   764042   765266   765277          764042          765266          765277 0.908022  1600.79     0.00205414
  0.088      6119.6    -659.233    -647.944     123.736   763984   765266   765277          763984          765266          765277 0.908809   1600.8     0.00214434
   0.09     5953.31    -659.249    -647.696       123.9   763940   765266   765277          763940          765266          765277 0.906743  1600.81     0.00224192
  0.092     5794.26    -659.266    -647.448     124.075   763891   765266   765277          763891          765266          765277 0.905165  1600.81     0.00234744
  0.094     5641.97    -659.283      -647.2     124.263   763836   765266   765277          763836          765266          765277 0.903958  1600.82     0.00246153
  0.096     5496.03      -659.3    -646.951     124.465   763757   765266   765277          763757          765266          765277 0.906051  1600.83     0.00258491
  0.098     5356.05    -659.318    -646.702     124.681   763667   765266   765277          763667          765266          765277 0.909279  1600.84     0.00271842
    0.1     5221.67    -659.335    -646.452     124.914   763602   765266   765277          763602          765266          765277 0.908677  1600.85     0.00286297
  0.102     5092.57    -659.353    -646.202     125.164   763528   765266   765277          763528          765266          765277 0.908661  1600.86     0.00301963
  0.104     4968.43    -659.371    -645.952     125.435   763436   765266   765277          763436          765266          765277 0.910525  1600.87     0.00318959
  0.106     4848.97    -659.389      -645.7     125.727   763355   765266   765277          763355          765266          765277 0.910624  1600.88      0.0033742
  0.108     4733.95    -659.408    -645.449     126.044   763289   765266   765277          763289          765266          765277 0.908453  1600.89     0.00357495
   0.11      4623.1    -659.426    -645.196     126.388   763231   765266   765277          763231          765266          765277 0.904707   1600.9     0.00379356
  0.112     4516.22    -659.445    -644.943     126.762   763168   765266   765277          763168          765266          765277 0.900818  1600.91     0.00403196
  0.114     4413.09    -659.464    -644.689     127.169   763009   765266   765277          763009          765266          765277 0.90637  1600.93     0.00429229
  0.116     4313.52    -659.483    -644.434     127.614   762908   765266   765277          762908          765266          765277 0.905512  1600.94     0.00457701
  0.118     4217.33    -659.503    -644.179     128.101   762792   765266   765277          762792          765266          765277 0.905643  1600.95     0.00488883
   0.12     4124.35    -659.523    -643.922     128.635   762667   765266   765277          762667          765266          765277 0.905621  1600.97     0.00523086
  0.122     4034.41    -659.543    -643.664     129.222   762558   765266   765277          762558          765266          765277 0.903551  1600.99     0.00560654
  0.124     3947.38    -659.564    -643.405     129.869   762403   765266   765277          762403          765266          765277 0.904631  1601.01     0.00601977
  0.126     3863.12    -659.584    -643.145     130.582   762221   765266   765277          762221          765266          765277 0.907334  1601.03      0.0064749
  0.128     3781.49    -659.605    -642.883      131.37   762066   765266   765277          762066          765266          765277 0.906929  1601.05     0.00697684
   0.13     3702.37    -659.627    -642.619     132.243   761883   765266   765277          761883          765266          765277 0.907707  1601.07     0.00753105
  0.132     3625.66    -659.649    -642.354      133.21   761695   765266   765277          761695          765266          765277 0.907842   1601.1     0.00814361
  0.134     3551.24    -659.671    -642.086     134.285   761519   765266   765277          761519          765266          765277 0.90627  1601.12     0.00882133
  0.136     3479.01    -659.694    -641.816      135.48   761173   765266   765277          761173          765266          765277 0.913687  1601.15     0.00957172
  0.138     3408.88    -659.717    -641.544     136.811   761067   765266   765277          761067          765266          765277 0.906879  1601.19      0.0104031
   0.14     3340.75     -659.74    -641.269     138.292   760833   765266   765277          760833          765266          765277 0.905712  1601.22      0.0113246
  0.142     3274.55    -659.765    -640.991     139.942   760604   765266   765277          760604          765266          765277 0.902735  1601.26      0.0123463
  0.144     3210.19    -659.789    -640.709     141.781   760293   765266   765277          760293          765266          765277 0.902232   1601.3       0.013479
  0.146      3147.6    -659.815    -640.424      143.83   759802   765266   765277          759802          765266          765277 0.908257  1601.34      0.0147345
  0.148      3086.7    -659.841    -640.134     146.111   759365   765266   765277          759365          765266          765277 0.910916  1601.39      0.0161255
   0.15     3027.44    -659.867    -639.839     148.649   758921   765266   765277          758921          765266          765277 0.912063  1601.45      0.0176653
  0.152     2969.73    -659.895    -639.539      151.47   758321   765266   765277          758321          765266          765277 0.917685  1601.51      0.0193683
  0.154     2913.53    -659.923    -639.233     154.598   757761   765266   765277          757761          765266          765277 0.92033  1601.57      0.0212491
  0.156     2858.78    -659.952     -638.92     158.063   757126   765266   765277          757126          765266          765277 0.923666  1601.64      0.0233232
  0.158     2805.42    -659.982      -638.6     161.891   756381   765266   765277          756381          765266          765277 0.928782  1601.72      0.0256064
   0.16     2753.41    -660.013    -638.272      166.11   755597   765266   765277          755597          765266          765277 0.933148  1601.81      0.0281144
  0.162     2702.68    -660.046    -637.936     170.747   754469   765266   765277          754469          765266          765277 0.944597   1601.9      0.0308635
  0.164      2653.2    -660.079    -637.589     175.828   753764   765266   765277          753764          765266          765277 0.945734  1602.01      0.0338698
  0.166     2604.91    -660.114    -637.232     181.378   752734   765266   765277          752734          765266          765277 0.95134  1602.12      0.0371494
  0.168     2557.79    -660.151    -636.863     187.424   751637   765266   765277          751637          765266          765277 0.95681  1602.24      0.0407187
   0.17     2511.79    -660.189    -636.482     193.989   750671   765266   765277          750671          765266          765277 0.959084  1602.38      0.0445944
  0.172     2466.86    -660.229    -636.087     201.098   749693   765063   765277          749693          765063          765277 0.959766  1602.53      0.0487941
  0.174     2422.98     -660.27    -635.677     208.779   747997   764330   765277          747997          764330          765277 0.968388  1602.69      0.0533363
  0.176     2380.11    -660.314    -635.252     217.061   746903   764330   765277          746903          764330          765277 0.969654  1602.87      0.0582412
  0.178     2338.21     -660.36    -634.809     225.976   745563   764330   765277          745563          764330          765277 0.971744  1603.07        0.06353
   0.18     2297.26    -660.408    -634.347     235.561   744180   764330   765277          744180          764330          765277 0.973375  1603.28      0.0692252
  0.182     2257.22    -660.459    -633.866     245.855   742295   758386   765277          742295          758386          765277 0.977169  1603.51      0.0753487
  0.184     2218.06    -660.513    -633.363     256.895   741013   755124   765277          741013          755124          765277 0.976616  1603.76      0.0819193
  0.186     2179.77    -660.569    -632.838     268.715   739729   755124   765277          739729          755124          765277 0.975744  1604.04      0.0889492
  0.188     2142.31    -660.629    -632.288     281.331   738292   755124   765277          738292          755124          765277 0.97532  1604.34      0.0964384
   0.19     2105.65    -660.693    -631.712     294.737   736346   754367   765277          736346          754367          765277 0.977825  1604.66       0.104369
  0.192     2069.78     -660.76    -631.108      308.89   734919   754367   765277          734919          754367          765277 0.977109  1605.01       0.112697
  0.194     2034.66     -660.83    -630.476     323.699   733407   751410   765277          733407          751410          765277 0.976608  1605.38       0.121349
  0.196     2000.29    -660.905    -629.813     339.015   731308   751410   765277          731308          751410          765277 0.978499  1605.79       0.130216
  0.198     1966.63    -660.985     -629.12     354.625   729475   748421   765277          729475          748421          765277 0.978824  1606.22       0.139152
    0.2     1933.67    -661.069    -628.395      370.25   727535   747560   765277          727535          747560          765277 0.979159  1606.68       0.147977
  0.202     1901.38    -661.159    -627.639     385.556   725355   747560   765136          725355          747560          765136 0.980387  1607.17       0.156485
  0.204     1869.76    -661.253    -626.853     400.166   723744   747560   763987          723744          747560          763987 0.974492  1607.68       0.164454
  0.206     1838.77    -661.353    -626.039     413.682   720911   744745   762565          720911          744745          762565 0.975282  1608.23       0.171658
  0.208     1808.41    -661.459    -625.199     425.719   718897   741184   761341          718897          741184          761341 0.974629  1608.79       0.177888
   0.21     1778.66    -661.571    -624.337     435.933   716826   738628   759831          716826          738628          759831 0.974388  1609.37        0.18297
  0.212     1749.49    -661.688    -623.457     444.068   715430   736396   758567          715430          736396          758567 0.973464  1609.96       0.186786
  0.214      1720.9    -661.812    -622.562     449.998   714093   735532   757145          714093          735532          757145 0.971813  1610.57       0.189299
  0.216     1692.87    -661.942    -621.658     453.789   712616   734038   755823          712616          734038          755823 0.970799  1611.18         0.1906
  0.218     1665.38    -662.078    -620.749      455.84   711088   734038   754625          711088          734038          754625 0.970538   1611.8       0.191035
   0.22     1638.41     -662.22    -619.835      457.38   709115   730468   753114          709115          730468          753114 0.970748  1612.41       0.191716
  0.222     1611.96    -662.369    -618.917     462.432   707703   726515   751551          707703          726515          751551 0.968951  1613.04       0.196577
  0.224     1586.01    -662.523    -617.974     485.347   706353   726515   749418          706353          726515          749418 0.963827   1613.7       0.220345
  0.226     1560.55    -662.684    -616.931      578.11   705019   721532   748017          705019          721532          748017 0.958115  1614.54       0.317732
  0.228     1535.58    -662.854    -615.504     917.756   703017   721532   745682          703017          721532          745682 0.940383  1616.03       0.678004
   0.23      1511.1    -663.039    -612.781     1988.35   700588   721532   743676          700588          721532          743676 0.890827  1619.76        1.82512
  0.232     1487.19    -663.258     -606.68     4278.78   625333   717087   742123          625333          717087          742123 0.972552  1629.41        4.29955
  0.234     1463.99    -663.547    -596.146     5755.27   620579   636158   739083          620579          636158          739083 0.979365  1647.03        5.92778
  0.236     1441.58    -663.928    -586.087     3915.68   619848   634201   728575          619848          634201          728575 0.958394   1664.2        4.02518
  0.238      1419.8    -664.373    -580.598     1764.87   619005   634201   651020          619005          634201          651020 0.887571  1673.54        1.76852
   0.24     1398.52    -664.847    -578.204     790.512   618387   634201   650111          618387          634201          650111 0.937816  1677.45       0.737601
  0.242     1377.63    -665.334    -577.017     458.054   617594   634201   649259          617594          634201          649259 0.954774  1679.22       0.381558
  0.244     1357.12    -665.826    -576.226     352.161   616814   631455   648450          616814          631455          648450 0.960306  1680.27        0.26601
  0.246     1336.95    -666.322    -575.562     318.423   615848   631455   647536          615848          631455          647536 0.962416  1681.09        0.22788
  0.248     1317.12    -666.822    -574.938      307.48   615170   631455   646468          615170          631455          646468 0.960934  1681.83       0.214502
   0.25     1297.62    -667.324    -574.327     303.934   614126   631455   645775          614126          631455          645775 0.962704  1682.54       0.209273
  0.252     1278.44     -667.83    -573.721     302.933   612726   625738   645116          612726          625738          645116 0.966405  1683.24       0.206904
  0.254     1259.57    -668.338    -573.115     302.924   611910   625738   644360          611910          625738          644360 0.966736  1683.94       0.205682
  0.256     1241.01    -668.849    -572.509     303.407   611134   625664   643351          611134          625664          643351 0.965279  1684.63       0.205049
  0.258     1222.75    -669.363    -571.901     304.226   610650   625662   642711          610650          625662          642711 0.964082  1685.32       0.204829
   0.26     1204.78     -669.88    -571.292     305.336   609919   625662   641836          609919          625662          641836 0.962445  1686.01        0.20497
  0.262      1187.1      -670.4     -570.68     306.726   609191   623998   641071          609191          623998          641071 0.961166   1686.7       0.205458
  0.264      1169.7    -670.923    -570.064     308.388   607883   623855   640355          607883          623855          640355 0.963722   1687.4       0.206281
  0.266     1152.56    -671.448    -569.446     310.309   607287   622045   639566          607287          622045          639566 0.961632   1688.1       0.207423
  0.268      1135.7    -671.977    -568.823     312.467   606451   622045   638764          606451          622045          638764 0.960756   1688.8       0.208858
   0.27     1119.09    -672.508    -568.196      314.83   605529   622045   638028          605529          622045          638028 0.960766  1689.51       0.210545
  0.272     1102.74    -673.042    -567.564     317.354   604418   622045   637322          604418          622045          637322 0.962038  1690.22       0.212433
  0.274     1086.64    -673.579    -566.926      319.99   603409   621651   636512          603409          621651          636512 0.962193  1690.94       0.214463
  0.276     1070.78    -674.119    -566.284     322.679   602211   621651   635974          602211          621651          635974 0.965029  1691.67       0.216567
  0.278     1055.16    -674.662    -565.636     325.365   601110   621651   635234          601110          621651          635234 0.966473  1692.41       0.218675
   0.28     1039.78    -675.208    -564.982     327.987   599981   619005   634789          599981          619005          634789 0.969714  1693.15       0.220718
  0.282     1024.62    -675.757    -564.324     330.491   599325   619005   634238          599325          619005          634238 0.969835   1693.9       0.222628
  0.284     1009.69    -676.308     -563.66      332.83   598389   612284   633446          598389          612284          633446 0.969924  1694.66       0.224346
  0.286     994.975    -676.863    -562.993     334.965   597801   612284   632447          597801          612284          632447 0.967521  1695.42       0.225822
  0.288     980.477    -677.421    -562.321     336.869   597039   612284   631641          597039          612284          631641 0.966895  1696.19       0.227018
   0.29     966.189    -677.982    -561.645     338.531   596254   612284   630477          596254          612284          630477 0.964549  1696.96       0.227908
  0.292     952.107    -678.546    -560.967      339.95   595683   612284   629765          595683          612284          629765 0.963389  1697.74       0.228482
  0.294     938.227    -679.112    -560.286     341.142   595058   612284   628951          595058          612284          628951 0.961559  1698.52       0.228742
  0.296     924.545    -679.682    -559.602     342.133   593560   612284   628349          593560          612284          628349 0.965147  1699.29       0.228702
  0.298     911.056    -680.255    -558.917     342.962   592846   612284   627572          592846          612284          627572 0.964146  1700.07       0.228386
    0.3     897.758    -680.831     -558.23     343.677   591610   610854   627192          591610          610854          627192 0.967868  1700.85       0.227829
  0.302     884.645     -681.41    -557.542     344.333   590836   608000   626450          590836          608000          626450 0.967388  1701.62       0.227069
  0.304     871.714    -681.992    -556.853     344.993   590082   608000   625874          590082          608000          625874 0.967466  1702.39       0.226147
  0.306     858.963    -682.576    -556.162     345.722   589037   607935   624990          589037          607935          624990 0.967517  1703.16       0.225109
  0.308     846.386    -683.164     -555.47     346.594   588388   604533   624342          588388          604533          624342 0.966676  1703.92       0.223996
   0.31     833.981    -683.755    -554.776     347.699   587488   604533   623663          587488          604533          623663 0.966609  1704.69       0.222848
  0.312     821.745    -684.348    -554.079     349.158   586503   602828   622754          586503          602828          622754 0.966122  1705.44        0.22171
  0.314     809.674    -684.945    -553.379     351.183   585793   601141   622078          585793          601141          622078 0.965132   1706.2       0.220633
  0.316     797.765    -685.544    -552.674     354.189   585235   600415   620796          585235          600415          620796 0.960117  1706.95        0.21971
  0.318     786.015    -686.147    -551.961     359.104   584098   600415   620004          584098          600415          620004 0.960501   1707.7       0.219151
   0.32     774.422    -686.752    -551.235     368.117   582876   600415   619099          582876          600415          619099 0.960994  1708.45       0.219499
  0.322     762.982    -687.361    -550.482      386.54   582154   600415   618119          582154          600415          618119 0.958042   1709.2       0.222193
  0.324     751.693    -687.973    -549.674     427.415   581290   600406   617232          581290          600406          617232 0.955111  1709.97       0.231067
  0.326     740.555    -688.588    -548.737     522.643   579944   600406   616480          579944          600406          616480 0.952952   1710.8        0.25618
  0.328     729.569    -689.209    -547.499     748.064   579115   600406   615864          579115          600406          615864 0.942954  1711.77       0.323021
   0.33     718.739    -689.838    -545.551     1269.55   577863   599810   615104          577863          599810          615104 0.920551  1713.13       0.491068
  0.332     708.084    -690.481    -542.032     2373.06   577044   596413   614380          577044          596413          614380 0.866691  1715.38       0.872193
  0.334      697.64    -691.152     -535.53     4237.02   495421   596413   613754          495421          596413          613754 0.960784  1719.48        1.56371
  0.336     687.467    -691.873    -525.058     6087.37   485893   596413   613258          485893          596413          613258 0.976319  1726.26        2.33494
  0.338     677.619    -692.663    -512.409     6169.09   480330   506646   611845          480330          506646          611845 0.983304  1734.92        2.53016
   0.34     668.092    -693.522    -501.633      4448.2   478862   506646   606268          478862          506646          606268 0.975464  1742.98        2.03062
  0.342     658.826    -694.433     -494.64      2640.9   477656   499798   598441          477656          499798          598441 0.963733  1748.96        1.41911
  0.344     649.755    -695.373    -490.577     1541.33   476486   497744   529191          476486          497744          529191 0.91741  1753.16        1.02183
  0.346     640.838    -696.331    -488.098     1005.89   475369   497744   526588          475369          497744          526588 0.937547  1756.35       0.820026
  0.348     632.054    -697.299    -486.359     766.256   473658   497744   523487          473658          497744          523487 0.945458  1759.05       0.728384
   0.35     623.392    -698.275    -484.945     661.182   472216   497744   521989          472216          497744          521989 0.951551  1761.54       0.690436
  0.352     614.846    -699.257    -483.676     614.758   470829   497744   519644          470829          497744          519644 0.951589  1763.95       0.677984
  0.354     606.413    -700.244     -482.47     594.068   468352   497622   518079          468352          497622          518079 0.957172  1766.34       0.678126
  0.356     598.089    -701.237    -481.292      585.17   466697   494158   517234          466697          494158          517234 0.961628  1768.75       0.685062
  0.358     589.873    -702.236    -480.125     582.129   465204   491020   516084          465204          491020          516084 0.963306  1771.19       0.696124
   0.36     581.763    -703.239    -478.961      582.35   463708   486244   514466          463708          486244          514466 0.962816  1773.68       0.710022
  0.362     573.757    -704.248    -477.794     584.642   462114   486244   512275          462114          486244          512275 0.961095  1776.23       0.726069
  0.364     565.852    -705.261    -476.622     588.404   460635   481976   511130          460635          481976          511130 0.962534  1778.84       0.743856
  0.366     558.048     -706.28     -475.44     593.291   459174   481976   509798          459174          481976          509798 0.962516  1781.52         0.7631
  0.368     550.343    -707.304    -474.248     599.066   457812   481976   508696          457812          481976          508696 0.962846  1784.28       0.783576
   0.37     542.736    -708.333    -473.043     605.531   456773   481976   507869          456773          481976          507869 0.96214  1787.12       0.805083
  0.372     535.224    -709.368    -471.825     612.501   455280   481976   506301          455280          481976          506301 0.959769  1790.04       0.827429
  0.374     527.807    -710.408    -470.593     619.791   452839   480968   504706          452839          480968          504706 0.961645  1793.04        0.85042
  0.376     520.483    -711.453    -469.346     627.211   451330   480968   503531          451330          480968          503531 0.961571  1796.14       0.873863
  0.378      513.25    -712.503    -468.084     634.571   448842   480968   502432          448842          480968          502432 0.965564  1799.32       0.897562
   0.38     506.109    -713.559    -466.808     641.687   447372   480968   501393          447372          480968          501393 0.966203   1802.6       0.921328
  0.382     499.056    -714.621    -465.518      648.39   445139   474130   500282          445139          474130          500282 0.968887  1805.96       0.944985
  0.384     492.091    -715.688    -464.215     654.533   443469   467809   499042          443469          467809          499042 0.969469  1809.42       0.968378
  0.386     485.213     -716.76      -462.9     659.997   441469   467809   497844          441469          467809          497844 0.971217  1812.97       0.991382
  0.388      478.42    -717.838    -461.575     664.704   439961   467809   496131          439961          467809          496131 0.970224  1816.61        1.01392
   0.39     471.711    -718.922    -460.242     668.619   438593   467191   494644          438593          467191          494644 0.969862  1820.34        1.03595
  0.392     465.085    -720.011    -458.901     671.752   437411   462694   492849          437411          462694          492849 0.967908  1824.16        1.05751
  0.394     458.541    -721.106    -457.555     674.162   436308   462694   491443          436308          462694          491443 0.966923  1828.06        1.07872
  0.396     452.077    -722.207    -456.205     675.952   435099   461204   489781          435099          461204          489781 0.964995  1832.04        1.09975
  0.398     445.691    -723.313    -454.852     677.272   433995   461204   488511          433995          461204          488511 0.96368  1836.12        1.12088
    0.4     439.384    -724.425    -453.496     678.307   432193   461204   487296          432193          461204          487296 0.964246  1840.28        1.14248
  0.402     433.154    -725.543    -452.139     679.273   430167   458292   486251          430167          458292          486251 0.965725  1844.53        1.16499
  0.404     426.999    -726.666    -450.779      680.41   427948   453693   484611          427948          453693          484611 0.966383  1848.87        1.18893
  0.406     420.918    -727.794    -449.417     681.966   426459   453693   482987          426459          453693          482987 0.964866  1853.32         1.2149
  0.408      414.91    -728.928    -448.051      684.19   424154   449302   482014          424154          449302          482014 0.967948  1857.88        1.24351
   0.41     408.975    -730.068    -446.679     687.315   422633   449302   479804          422633          449302          479804 0.964848  1862.57         1.2754
  0.412      403.11    -731.213    -445.301     691.548   421486   449302   477768          421486          449302          477768 0.961503  1867.39        1.31121
  0.414     397.316    -732.364    -443.912     697.055   419591   449302   476041          419591          449302          476041 0.961439  1872.37        1.35151
  0.416      391.59     -733.52    -442.512     703.948   418480   448945   474650          418480          448945          474650 0.95965  1877.52         1.3968
  0.418     385.933    -734.682    -441.096     712.276   416751   441089   472951          416751          441089          472951 0.958372  1882.87        1.44745
   0.42     380.344     -735.85    -439.662     722.011   414567   441089   471605          414567          441089          471605 0.959766  1888.43        1.50369
  0.422     374.821    -737.023    -438.207     733.046   413104   441089   469656          413104          441089          469656 0.95669  1894.23        1.56554
  0.424     369.363    -738.202    -436.729     745.186   410385   441089   468511          410385          441089          468511 0.960451   1900.3        1.63281
  0.426     363.971    -739.387    -435.225     758.152   408164   441089   467265          408164          441089          467265 0.962057  1906.65        1.70505
  0.428     358.643    -740.578    -433.696     771.585   406339   439720   465723          406339          439720          465723 0.961515  1913.31        1.78153
   0.43     353.379    -741.775    -432.139     785.055   404036   439720   464291          404036          439720          464291 0.962895  1920.29        1.86126
  0.432     348.178    -742.978    -430.556      798.08   401355   439720   463419          401355          439720          463419 0.967343  1927.61        1.94295
  0.434      343.04    -744.188    -428.947     810.145   398843   428462   462001          398843          428462          462001 0.969743  1935.27        2.02512
  0.436     337.963    -745.404    -427.316     820.732   397221   428462   460091          397221          428462          460091 0.96864  1943.29        2.10607
  0.438     332.947    -746.626    -425.666     829.349   395490   428462   458622          395490          428462          458622 0.969826  1951.64        2.18402
   0.44     327.991    -747.855        -424     835.562   394450   428462   456822          394450          428462          456822 0.968046  1960.33        2.25717
  0.442     323.095     -749.09    -422.325     839.025   392799   424358   454976          392799          424358          454976 0.967964  1969.33        2.32382
  0.444     318.258    -750.332    -420.646       839.5   391528   422152   454080          391528          422152          454080 0.969326  1978.63        2.38246
  0.446     313.479     -751.58    -418.969     836.878   390344   422152   452488          390344          422152          452488 0.968116  1988.18         2.4319
  0.448     308.757    -752.835    -417.301     831.181   387415   422152   450827          387415          422152          450827 0.971925  1997.95        2.47128
   0.45      304.09    -754.096    -415.647     822.552   386119   421862   449949          386119          421862          449949 0.973852  2007.91        2.50015
  0.452     299.479    -755.363    -414.012     811.248   384828   410591   448207          384828          410591          448207 0.973155  2018.02        2.51846
  0.454     294.922    -756.637    -412.403     797.607   383288   410563   446374          383288          410563          446374 0.973393  2028.23        2.52649
  0.456     290.418    -757.916    -410.823     782.024   381981   410563   444746          381981          410563          444746 0.973832   2038.5        2.52487
  0.458     285.966    -759.202    -409.276     764.922   381031   408777   442808          381031          408777          442808 0.972623  2048.81        2.51441
   0.46     281.565    -760.492    -407.764     746.718   379865   402024   441494          379865          402024          441494 0.973897   2059.1        2.49607
  0.462     277.214    -761.789     -406.29     727.806   378627   402024   439224          378627          402024          439224 0.972925  2069.36        2.47085
  0.464     272.912     -763.09    -404.853     708.538   377824   401476   436762          377824          401476          436762 0.9706  2079.54        2.43977
  0.466     268.658    -764.397    -403.456     689.208   377132   398974   433401          377132          398974          433401 0.965875  2089.64        2.40374
  0.468      264.45    -765.708    -402.096     670.054   376563   396473   431618          376563          396473          431618 0.965768  2099.63        2.36358
   0.47     260.288    -767.025    -400.775     651.254   375856   396473   429698          375856          396473          429698 0.96535  2109.49           2.32
  0.472     256.171    -768.345    -399.491     632.933   375311   396473   428777          375311          396473          428777 0.967516   2119.2        2.27358
  0.474     252.098     -769.67    -398.243     615.168   374826   396343   426671          374826          396343          426671 0.964837  2128.76        2.22478
  0.476     248.068        -771     -397.03     597.997   374301   396343   425202          374301          396343          425202 0.964689  2138.14        2.17398
  0.478     244.081    -772.333    -395.851     581.429   373631   396343   424171          373631          396343          424171 0.966611  2147.35        2.12149
   0.48     240.134     -773.67    -394.704     565.455   373132   396343   422685          373132          396343          422685 0.966052  2156.36        2.06754
  0.482     236.228    -775.011    -393.588     550.048   372345   396343   420655          372345          396343          420655 0.964701  2165.18        2.01237
  0.484     232.361    -776.355    -392.503      535.18   371710   396343   419766          371710          396343          419766 0.967213  2173.79        1.95617
  0.486     228.534    -777.703    -391.447     520.817   371233   394996   418019          371233          394996          418019 0.966068  2182.18        1.89915
  0.488     224.744    -779.054     -390.42     506.931   370851   387042   416497          370851          387042          416497 0.965319  2190.36        1.84153
   0.49     220.992    -780.409    -389.419     493.495   370390   387042   415518          370390          387042          415518 0.966561  2198.32        1.78351
  0.492     217.277    -781.766    -388.445      480.49   369926   387042   414131          369926          387042          414131 0.966134  2206.04        1.72535
  0.494     213.597    -783.126    -387.497     467.902   369289   387042   412716          369289          387042          412716 0.966216  2213.54        1.66726
  0.496     209.953     -784.49    -386.574     455.724   368868   387042   411763          368868          387042          411763 0.967215  2220.81        1.60951
  0.498     206.344    -785.855    -385.674     443.952   368449   387042   410764          368449          387042          410764 0.967909  2227.84        1.55232
    0.5     202.769    -787.224    -384.797     432.586   368202   382727   409600          368202          382727          409600 0.967045  2234.64        1.49594
  0.502     199.227    -788.595    -383.943      421.63   368067   382727   408577          368067          382727          408577 0.966063  2241.21        1.44058
  0.504     195.718    -789.968    -383.111     411.087   367703   382727   407475          367703          382727          407475 0.965565  2247.55        1.38645
  0.506     192.242    -791.344    -382.299     400.963   367376   379245   406273          367376          379245          406273 0.964419  2253.68        1.33372
  0.508     188.797    -792.722    -381.507     391.262   367201   379245   405301          367201          379245          405301 0.963519  2259.58        1.28256
   0.51     185.383    -794.102    -380.733     381.986   366975   379245   404191          366975          379245          404191 0.961921  2265.27         1.2331
  0.512         182    -795.484    -379.978     373.136   366680   379245   403240          366680          379245          403240 0.961365  2270.75        1.18544
  0.514     178.648    -796.868    -379.241     364.711   366203   379245   402518          366203          379245          402518 0.962776  2276.04        1.13965
  0.516     175.325    -798.254    -378.519     356.708   366048   379118   401889          366048          379118          401889 0.96275  2281.13        1.09578
  0.518     172.031    -799.642    -377.813     349.121   365724   379118   400785          365724          379118          400785 0.961019  2286.04        1.05387
   0.52     168.766    -801.031    -377.122     341.941   365513   378519   400160          365513          378519          400160 0.961263  2290.77        1.01392
  0.522     165.529    -802.422    -376.445     335.159   365209   377650   399457          365209          377650          399457 0.961365  2295.33       0.975918
  0.524      162.32    -803.815    -375.782     328.763   364999   377650   398872          364999          377650          398872 0.96148  2299.74       0.939834
  0.526     159.138     -805.21     -375.13     322.739   364778   377650   398006          364778          377650          398006 0.960028  2303.98       0.905626
  0.528     155.984    -806.606     -374.49     317.073   364636   377650   397456          364636          377650          397456 0.959766  2308.08        0.87324
   0.53     152.856    -808.003    -373.862     311.749   364353   377650   396876          364353          377650          396876 0.960005  2312.05       0.842613
  0.532     149.754    -809.402    -373.243     306.752   364075   377650   396436          364075          377650          396436 0.960931  2315.88       0.813675
  0.534     146.678    -810.803    -372.634     302.063   363818   377650   395651          363818          377650          395651 0.959663  2319.59       0.786351
  0.536     143.628    -812.204    -372.035     297.667   363558   377650   395018          363558          377650          395018 0.959399  2323.18       0.760563
  0.538     140.603    -813.608    -371.444     293.546   363141   375895   393736          363141          375895          393736 0.956467  2326.66       0.736231
   0.54     137.602    -815.012     -370.86     289.685   362916   375895   393270          362916          375895          393270 0.957261  2330.03       0.713277
  0.542     134.627    -816.418    -370.285     286.066   362636   375895   392725          362636          375895          392725 0.957763  2333.31        0.69162
  0.544     131.675    -817.824    -369.716     282.674   362451   375895   392261          362451          375895          392261 0.95811  2336.49       0.671184
  0.546     128.747    -819.232    -369.154     279.493   362202   375895   391545          362202          375895          391545 0.957277  2339.58       0.651892
  0.548     125.842    -820.642    -368.598     276.509   362008   375895   391106          362008          375895          391106 0.957753  2342.59       0.633672
   0.55     122.961    -822.052    -368.048     273.709   361717   375895   390641          361717          375895          390641 0.958539  2345.52       0.616454
  0.552     120.103    -823.464    -367.503     271.078   361398   375895   389964          361398          375895          389964 0.958371  2348.37       0.600171
  0.554     117.267    -824.876    -366.963     268.605   361146   375895   389643          361146          375895          389643 0.959797  2351.16       0.584762
  0.556     114.454     -826.29    -366.428     266.277   360920   372450   389275          360920          372450          389275 0.960655  2353.88       0.570168
  0.558     111.662    -827.704    -365.898     264.085   360751   372450   389036          360751          372450          389036 0.961783  2356.53       0.556331
   0.56     108.893     -829.12    -365.372     262.017   360563   372450   388587          360563          372450          388587 0.961649  2359.12       0.543202
  0.562     106.145    -830.537     -364.85     260.065   360376   372450   388236          360376          372450          388236 0.962003  2361.66       0.530731
  0.564     103.418    -831.955    -364.332      258.22   360095   372450   388020          360095          372450          388020 0.963709  2364.14       0.518874
  0.566     100.712    -833.373    -363.817     256.473   359938   372450   387735          359938          372450          387735 0.964088  2366.56       0.507589
  0.568     98.0273    -834.793    -363.306     254.817   359803   372450   387419          359803          372450          387419 0.964017  2368.94       0.496839
   0.57     95.3628    -836.214    -362.798     253.246   359556   372450   387102          359556          372450          387102 0.9646  2371.27       0.486586
  0.572     92.7185    -837.635    -362.293     251.753   359414   371761   386648          359414          371761          386648 0.963645  2373.56         0.4768
  0.574     90.0943    -839.058    -361.791     250.333   359309   369152   386149          359309          369152          386149 0.962079   2375.8        0.46745
  0.576     87.4899    -840.481    -361.291      248.98   359113   369152   385724          359113          369152          385724 0.961608     2378       0.458509
  0.578     84.9051    -841.906    -360.795      247.69   358863   369152   385268          358863          369152          385268 0.961283  2380.16        0.44995
   0.58     82.3396    -843.331      -360.3     246.458   358617   369152   384902          358617          369152          384902 0.961504  2382.28       0.441753
  0.582     79.7932    -844.757    -359.809     245.281   358528   369152   384514          358528          369152          384514 0.960456  2384.37       0.433894
  0.584     77.2658    -846.184    -359.319     244.154   358364   369152   384174          358364          369152          384174 0.960196  2386.42       0.426355
  0.586      74.757    -847.611    -358.832     243.076   358148   369152   383989          358148          369152          383989 0.96128  2388.44       0.419118
  0.588     72.2668     -849.04    -358.347     242.043   358090   368476   383759          358090          368476          383759 0.960842  2390.43       0.412167
   0.59     69.7948    -850.469    -357.864     241.053   357893   368476   383493          357893          368476          383493 0.961025  2392.38       0.405487
  0.592      67.341      -851.9    -357.383     240.103   357657   368476   383214          357657          368476          383214 0.961369  2394.31       0.399065
  0.594      64.905    -853.331    -356.903     239.191   357554   368476   382969          357554          368476          382969 0.960993   2396.2       0.392888
  0.596     62.4867    -854.763    -356.426     238.316   357197   368476   382730          357197          368476          382730 0.962445  2398.07       0.386944
  0.598     60.0859    -856.195     -355.95     237.476   357042   368476   382404          357042          368476          382404 0.961834  2399.92       0.381224
    0.6     57.7025    -857.629    -355.476     236.669   356884   368476   382052          356884          368476          382052 0.961046  2401.73       0.375717
  0.602     55.3361    -859.063    -355.003     235.894   356649   368476   381748          356649          368476          381748 0.961136  2403.53       0.370415
  0.604     52.9867    -860.498    -354.532      235.15   356439   368476   381555          356439          368476          381555 0.961859   2405.3        0.36531
  0.606     50.6541    -861.934    -354.063     234.437   356192   368476   381362          356192          368476          381362 0.962827  2407.04       0.360393
  0.608     48.3381     -863.37    -353.595     233.752   355884   368476   381060          355884          368476          381060 0.963439  2408.77       0.355659
   0.61     46.0385    -864.808    -353.128     233.096   355799   368476   380822          355799          368476          380822 0.962939  2410.47         0.3511
  0.612     43.7551    -866.246    -352.662     232.467   355597   368476   380715          355597          368476          380715 0.96415  2412.15        0.34671
  0.614     41.4878    -867.684    -352.198     231.865   355447   368476   380569          355447          368476          380569 0.964642  2413.81       0.342485
  0.616     39.2364    -869.124    -351.735      231.29   355351   366207   380282          355351          366207          380282 0.96371  2415.46       0.338418
  0.618     37.0007    -870.564    -351.273     230.741   355198   366207   380119          355198          366207          380119 0.963983  2417.08       0.334504
   0.62     34.7807    -872.005    -350.812     230.217   354974   366207   379764          354974          366207          379764 0.963449  2418.69        0.33074
  0.622      32.576    -873.447    -350.352     229.719   354759   366207   379584          354759          366207          379584 0.964077  2420.28        0.32712
  0.624     30.3866    -874.889    -349.893     229.245   354578   366207   379453          354578          366207          379453 0.964768  2421.86       0.323642
  0.626     28.2123    -876.332    -349.435     228.796   354465   366207   379300          354465          366207          379300 0.964738  2423.42       0.320299
  0.628      26.053    -877.776    -348.978     228.371   354259   366207   379099          354259          366207          379099 0.964983  2424.96        0.31709
   0.63     23.9085     -879.22    -348.521     227.971   354127   366207   378856          354127          366207          378856 0.964415   2426.5        0.31401
  0.632     21.7786    -880.665    -348.066     227.595   353928   366207   378662          353928          366207          378662 0.964639  2428.01       0.311057
  0.634     19.6633    -882.111    -347.611     227.242   353849   365216   378458          353849          365216          378458 0.963876  2429.52       0.308226
  0.636     17.5623    -883.557    -347.157     226.913   353682   365216   378091          353682          365216          378091 0.96256  2431.01       0.305516
  0.638     15.4755    -885.005    -346.703     226.607   353527   365216   377950          353527          365216          377950 0.962781  2432.49       0.302922
   0.64     13.4028    -886.452     -346.25     226.324   353217   365216   377834          353217          365216          377834 0.96425  2433.96       0.300442
  0.642     11.3441    -887.901    -345.798     226.065   353003   363187   377672          353003          363187          377672 0.964686  2435.41       0.298074
  0.644     9.29921     -889.35    -345.346     225.829   352839   363187   377409          352839          363187          377409 0.964048  2436.86       0.295814
  0.646     7.26797      -890.8    -344.895     225.615   352767   363187   377169          352767          363187          377169 0.962883   2438.3       0.293661
  0.648     5.25029     -892.25    -344.444     225.425   352617   363187   376882          352617          363187          376882 0.961919  2439.72       0.291611
   0.65     3.24603    -893.701    -343.993     225.256   352447   363187   376638          352447          363187          376638 0.961407  2441.14       0.289662
  0.652     1.25505    -895.153    -343.543      225.11   352280   363187   376476          352280          363187          376476 0.961431  2442.55       0.287811
  0.654   -0.722764    -896.605    -343.092     224.987   352113   362828   376257          352113          362828          376257 0.961013  2443.95       0.286057
  0.656    -2.68754    -898.058    -342.643     224.885   352038   362828   376070          352038          362828          376070 0.960085  2445.35       0.284397
  0.658     -4.6394    -899.512    -342.193     224.805   351749   362828   375913          351749          362828          375913 0.960912  2446.74       0.282829
   0.66    -6.57846    -900.966    -341.743     224.747   351387   362828   375609          351387          362828          375609 0.961297  2448.12       0.281351
  0.662    -8.50485    -902.421    -341.294      224.71   351081   362828   375456          351081          362828          375456 0.962405  2449.49       0.279959
  0.664    -10.4187    -903.877    -340.845     224.694   350892   361441   375213          350892          361441          375213 0.962014  2450.86       0.278652
  0.666    -12.3201    -905.333    -340.395     224.699   350756   361441   374931          350756          361441          374931 0.960978  2452.22       0.277429
  0.668    -14.2091     -906.79    -339.946     224.725   350576   361441   374770          350576          361441          374770 0.961123  2453.58       0.276285
   0.67     -16.086    -908.247    -339.496      224.77   350393   361441   374443          350393          361441          374443 0.960061  2454.94        0.27522
  0.672    -17.9507    -909.705    -339.047     224.835   350215   361441   374302          350215          361441          374302 0.960352  2456.28       0.274231
  0.674    -19.8035    -911.164    -338.597      224.92   349929   361441   374161          349929          361441          374161 0.961452  2457.63       0.273316
  0.676    -21.6443    -912.623    -338.147     225.024   349861   361441   373992          349861          361441          373992 0.96066  2458.97       0.272473
  0.678    -23.4734    -914.083    -337.697     225.146   349713   361441   373839          349713          361441          373839 0.960525  2460.31       0.271699
   0.68    -25.2909    -915.544    -337.246     225.286   349584   361441   373600          349584          361441          373600 0.959558  2461.65       0.270992
  0.682    -27.0967    -917.005    -336.796     225.443   349310   361441   373399          349310          361441          373399 0.959998  2462.98        0.27035
  0.684    -28.8911    -918.467    -336.345     225.618   348964   361441   373202          348964          361441          373202 0.961063  2464.31        0.26977
  0.686    -30.6741    -919.929    -335.893     225.809   348787   361441   373008          348787          361441          373008 0.960896  2465.64       0.269251
  0.688    -32.4459    -921.392    -335.441     226.015   348591   360191   372927          348591          360191          372927 0.961667  2466.97       0.268789
   0.69    -34.2065    -922.856    -334.989     226.237   348424   360165   372792          348424          360165          372792 0.96179  2468.29       0.268382
  0.692     -35.956     -924.32    -334.536     226.472   348360   360165   372647          348360          360165          372647 0.961007  2469.61       0.268028
  0.694    -37.6946    -925.785    -334.083     226.722   347987   360146   372519          347987          360146          372519 0.96266  2470.94       0.267724
  0.696    -39.4223    -927.251    -333.629     226.984   347612   360146   372289          347612          360146          372289 0.963673  2472.26       0.267469
  0.698    -41.1392    -928.717    -333.175     227.258   347372   360146   372134          347372          360146          372134 0.964268  2473.58       0.267258
    0.7    -42.8454    -930.183     -332.72     227.544   347292   360146   371978          347292          360146          371978 0.963656  2474.91       0.267091
  0.702     -44.541    -931.651    -332.265     227.839   347117   360146   371822          347117          360146          371822 0.963723  2476.23       0.266963
  0.704    -46.2261    -933.119    -331.809     228.145   346856   360146   371629          346856          360146          371629 0.964136  2477.55       0.266873
  0.706    -47.9008    -934.587    -331.352     228.458   346586   360146   371428          346586          360146          371428 0.96463  2478.87       0.266818
  0.708    -49.5651    -936.057    -330.895      228.78   346434   360146   371323          346434          360146          371323 0.964979   2480.2       0.266794
   0.71    -51.2193    -937.526    -330.437     229.108   346202   360146   371137          346202          360146          371137 0.965286  2481.52       0.266801
  0.712    -52.8632    -938.997    -329.979     229.441   346105   359595   371020          346105          359595          371020 0.965112  2482.84       0.266834
  0.714    -54.4971    -940.468     -329.52     229.779   345846   359595   370762          345846          359595          370762 0.965076  2484.17       0.266891
  0.716     -56.121    -941.939     -329.06     230.121   345645   358617   370634          345645          358617          370634 0.96561   2485.5       0.266969
  0.718     -57.735    -943.412    -328.599     230.465   345386   358617   370516          345386          358617          370516 0.966632  2486.82       0.267066
   0.72    -59.3392    -944.885    -328.138     230.811   345185   357247   370391          345185          357247          370391 0.967194  2488.15       0.267179
  0.722    -60.9337    -946.358    -327.676     231.157   345003   357247   370250          345003          357247          370250 0.967511  2489.48       0.267305
  0.724    -62.5184    -947.832    -327.213     231.503   344901   357247   370161          344901          357247          370161 0.967588  2490.81       0.267442
  0.726    -64.0936    -949.307     -326.75     231.847   344776   357247   369919          344776          357247          369919 0.966731  2492.15       0.267586
  0.728    -65.6593    -950.782    -326.286     232.188   344702   357247   369798          344702          357247          369798 0.966342  2493.48       0.267735
   0.73    -67.2156    -952.258    -325.821     232.526   344596   355884   369677          344596          355884          369677 0.966122  2494.82       0.267888
  0.732    -68.7625    -953.735    -325.356     232.858   344413   355884   369470          344413          355884          369470 0.96582  2496.16        0.26804
  0.734    -70.3002    -955.212     -324.89     233.185   344339   355884   369383          344339          355884          369383 0.965561  2497.49        0.26819
  0.736    -71.8287     -956.69    -324.423     233.505   344225   355884   369239          344225          355884          369239 0.965121  2498.83       0.268335
  0.738     -73.348    -958.168    -323.956     233.817   343759   355884   369064          343759          355884          369064 0.967016  2500.18       0.268472
   0.74    -74.8583    -959.647    -323.488     234.121   343596   355884   368933          343596          355884          368933 0.96714  2501.52       0.268601
  0.742    -76.3596    -961.127    -323.019     234.414   343448   355884   368789          343448          355884          368789 0.967056  2502.86       0.268717
  0.744     -77.852    -962.607     -322.55     234.697   343301   355884   368647          343301          355884          368647 0.966958  2504.21        0.26882
  0.746    -79.3356    -964.088     -322.08     234.969   343110   355884   368512          343110          355884          368512 0.96724  2505.56       0.268907
  0.748    -80.8105     -965.57     -321.61     235.228   342968   355884   368310          342968          355884          368310 0.966681   2506.9       0.268976
   0.75    -82.2766    -967.052    -321.139     235.475   342823   355884   368000          342823          355884          368000 0.965412  2508.25       0.269025
  0.752    -83.7342    -968.534    -320.668     235.707   342570   355884   367927          342570          355884          367927 0.966593   2509.6       0.269053
  0.754    -85.1831    -970.018    -320.197     235.925   342310   355884   367746          342310          355884          367746 0.967135  2510.95       0.269058
  0.756    -86.6236    -971.502    -319.725     236.128   342053   355884   367593          342053          355884          367593 0.967874  2512.31       0.269038
  0.758    -88.0557    -972.986    -319.252     236.315   341901   355884   367457          341901          355884          367457 0.968021  2513.66       0.268992
   0.76    -89.4795    -974.472    -318.779     236.486   341809   355884   367325          341809          355884          367325 0.967737  2515.01        0.26892
  0.762     -90.895    -975.957    -318.306      236.64   341569   355884   367133          341569          355884          367133 0.96807  2516.36       0.268819
  0.764    -92.3022    -977.444    -317.833     236.777   341275   355884   367038          341275          355884          367038 0.96947  2517.72       0.268688
  0.766    -93.7013    -978.931    -317.359     236.897   341163   355884   366898          341163          355884          366898 0.969351  2519.07       0.268528
  0.768    -95.0923    -980.418    -316.885     236.999   341011   355884   366790          341011          355884          366790 0.969709  2520.42       0.268336
   0.77    -96.4754    -981.907    -316.411     237.082   340798   355884   366638          340798          355884          366638 0.97018  2521.77       0.268114
  0.772    -97.8504    -983.396    -315.937     237.148   340635   355884   366542          340635          355884          366542 0.97069  2523.13       0.267859
  0.774    -99.2176    -984.885    -315.463     237.195   340493   355884   366463          340493          355884          366463 0.971142  2524.48       0.267571
  0.776    -100.577    -986.375    -314.988     237.224   340296   354651   366389          340296          354651          366389 0.971971  2525.83       0.267251
  0.778    -101.928    -987.866    -314.514     237.234   340182   354651   366264          340182          354651          366264 0.971909  2527.18       0.266898
   0.78    -103.272    -989.357    -314.039     237.226   340025   354651   366104          340025          354651          366104 0.971878  2528.53       0.266513
  0.782    -104.609    -990.849    -313.565     237.199   339920   354651   365908          339920          354651          365908 0.971316  2529.87       0.266095
  0.784    -105.937    -992.341     -313.09     237.154   339801   351083   365780          339801          351083          365780 0.971258  2531.22       0.265644
  0.786    -107.258    -993.835    -312.616     237.092   339470   351083   365646          339470          351083          365646 0.972499  2532.56       0.265162
  0.788    -108.572    -995.328    -312.142     237.011   339362   351083   365416          339362          351083          365416 0.971779   2533.9       0.264648
   0.79    -109.878    -996.822    -311.668     236.913   339275   351083   365287          339275          351083          365287 0.971558  2535.25       0.264103
  0.792    -111.177    -998.317    -311.194     236.799   339089   351083   365130          339089          351083          365130 0.971777  2536.58       0.263527
  0.794    -112.469    -999.813    -310.721     236.667   338950   349975   364945          338950          349975          364945 0.971539  2537.92       0.262922
  0.796    -113.753    -1001.31    -310.248     236.519   338789   349975   364760          338789          349975          364760 0.97144  2539.25       0.262288
  0.798     -115.03    -1002.81    -309.775     236.356   338670   349975   364461          338670          349975          364461 0.970399  2540.58       0.261627
    0.8    -116.301     -1004.3    -309.302     236.177   338532   349975   364360          338532          349975          364360 0.970755  2541.91       0.260938
  0.802    -117.564     -1005.8     -308.83     235.983   338393   349975   364215          338393          349975          364215 0.97083  2543.24       0.260224
  0.804     -118.82     -1007.3    -308.358     235.775   338262   349975   364028          338262          349975          364028 0.970576  2544.56       0.259485
  0.806    -120.069     -1008.8    -307.887     235.554   338177   349975   363900          338177          349975          363900 0.970397  2545.88       0.258722
  0.808    -121.311     -1010.3    -307.416     235.319   338098   349975   363753          338098          349975          363753 0.970043  2547.19       0.257937
   0.81    -122.546     -1011.8    -306.946     235.072   337934   349975   363583          337934          349975          363583 0.970065   2548.5       0.257131
  0.812    -123.775     -1013.3    -306.476     234.814   337859   349975   363465          337859          349975          363465 0.969845  2549.81       0.256305
  0.814    -124.997     -1014.8    -306.007     234.544   337614   347473   363333          337614          347473          363333 0.970658  2551.12       0.255461
  0.816    -126.212     -1016.3    -305.538     234.264   337436   347473   363196          337436          347473          363196 0.971035  2552.42         0.2546
  0.818     -127.42     -1017.8     -305.07     233.975   337331   347473   363008          337331          347473          363008 0.970583  2553.72       0.253723
   0.82    -128.622    -1019.31    -304.602     233.676   337131   347473   362842          337131          347473          362842 0.97094  2555.01       0.252832
  0.822    -129.818    -1020.81    -304.135      233.37   337079   347473   362678          337079          347473          362678 0.970295   2556.3       0.251928
  0.824    -131.007    -1022.31    -303.668     233.055   336975   347473   362466          336975          347473          362466 0.969692  2557.59       0.251012
  0.826    -132.189    -1023.82    -303.203     232.734   336888   347473   362269          336888          347473          362269 0.969064  2558.87       0.250087
  0.828    -133.366    -1025.32    -302.737     232.407   336841   347473   362078          336841          347473          362078 0.968178  2560.15       0.249153
   0.83    -134.535    -1026.83    -302.273     232.074   336720   347473   361936          336720          347473          361936 0.96815  2561.42       0.248212
  0.832    -135.699    -1028.34    -301.809     231.737   336579   347473   361788          336579          347473          361788 0.968216  2562.69       0.247266
  0.834    -136.856    -1029.84    -301.346     231.396   336485   347473   361641          336485          347473          361641 0.967952  2563.96       0.246315
  0.836    -138.008    -1031.35    -300.884     231.051   336370   347473   361545          336370          347473          361545 0.968177  2565.22       0.245362
  0.838    -139.153    -1032.86    -300.422     230.704   336175   347473   361347          336175          347473          361347 0.96826  2566.47       0.244407
   0.84    -140.292    -1034.37    -299.961     230.355   336037   347473   361201          336037          347473          361201 0.968329  2567.73       0.243452
  0.842    -141.424    -1035.87      -299.5     230.005   335886   347473   361042          335886          347473          361042 0.968411  2568.97       0.242498
  0.844    -142.551    -1037.38    -299.041     229.654   335775   347473   360875          335775          347473          360875 0.968158  2570.22       0.241547
  0.846    -143.672    -1038.89    -298.582     229.303   335693   346470   360727          335693          346470          360727 0.967839  2571.46         0.2406
  0.848    -144.788     -1040.4    -298.124     228.952   335591   346470   360567          335591          346470          360567 0.967567  2572.69       0.239658
   0.85    -145.897    -1041.91    -297.666     228.604   335455   346470   360377          335455          346470          360377 0.967325  2573.92       0.238722
  0.852        -147    -1043.43    -297.209     228.257   335288   346470   360282          335288          346470          360282 0.968003  2575.15       0.237795
  0.854    -148.098    -1044.94    -296.753     227.912   335117   346470   360149          335117          346470          360149 0.968445  2576.37       0.236876
  0.856     -149.19    -1046.45    -296.297     227.571   334963   346470   359912          334963          346470          359912 0.968024  2577.59       0.235967
  0.858    -150.276    -1047.96    -295.843     227.233   334797   346470   359741          334797          346470          359741 0.968218  2578.81        0.23507
   0.86    -151.357    -1049.48    -295.389     226.899   334727   346470   359625          334727          346470          359625 0.968109  2580.02       0.234185
  0.862    -152.432    -1050.99    -294.935      226.57   334655   345392   359311          334655          345392          359311 0.966549  2581.22       0.233313
  0.864    -153.501    -1052.51    -294.482     226.247   334549   345392   359184          334549          345392          359184 0.966648  2582.43       0.232456
  0.866    -154.565    -1054.02     -294.03     225.929   334484   345054   359028          334484          345054          359028 0.966201  2583.62       0.231614
  0.868    -155.624    -1055.54    -293.579     225.617   334381   345054   358885          334381          345054          358885 0.966121  2584.82       0.230789
   0.87    -156.677    -1057.05    -293.128     225.312   334312   345054   358726          334312          345054          358726 0.965648  2586.01       0.229981
  0.872    -157.725    -1058.57    -292.677     225.014   334240   345054   358640          334240          345054          358640 0.965703   2587.2       0.229192
  0.874    -158.767    -1060.08    -292.228     224.724   334187   345054   358388          334187          345054          358388 0.964368  2588.38       0.228422
  0.876    -159.804     -1061.6    -291.778     224.442   334031   345054   358268          334031          345054          358268 0.964773  2589.56       0.227673
  0.878    -160.836    -1063.12     -291.33     224.168   333960   345054   358032          333960          345054          358032 0.963681  2590.74       0.226944
   0.88    -161.863    -1064.64    -290.882     223.903   333923   345054   357905          333923          345054          357905 0.963133  2591.92       0.226238
  0.882    -162.884    -1066.16    -290.434     223.648   333857   345054   357778          333857          345054          357778 0.962761  2593.09       0.225554
  0.884      -163.9    -1067.68    -289.987     223.402   333750   345054   357672          333750          345054          357672 0.962826  2594.25       0.224893
  0.886    -164.911     -1069.2    -289.541     223.166   333543   345054   357468          333543          345054          357468 0.962895  2595.42       0.224257
  0.888    -165.917    -1070.72    -289.094      222.94   333455   345054   357394          333455          345054          357394 0.963053  2596.58       0.223646
   0.89    -166.918    -1072.24    -288.649     222.725   333405   345054   357299          333405          345054          357299 0.962727  2597.74       0.223061
  0.892    -167.914    -1073.76    -288.204     222.521   333297   345054   357164          333297          345054          357164 0.962489   2598.9       0.222502
  0.894    -168.905    -1075.28    -287.759     222.329   333175   345054   357019          333175          345054          357019 0.96228  2600.06        0.22197
  0.896    -169.891     -1076.8    -287.314     222.148   333098   345054   356857          333098          345054          356857 0.961595  2601.21       0.221465
  0.898    -170.873    -1078.32     -286.87     221.979   332904   345054   356734          332904          345054          356734 0.96205  2602.36       0.220989
    0.9    -171.849    -1079.85    -286.426     221.823   332680   345054   356660          332680          345054          356660 0.963064  2603.51       0.220541
  0.902     -172.82    -1081.37    -285.983     221.678   332645   342053   356487          332645          342053          356487 0.961984  2604.66       0.220123
  0.904    -173.787    -1082.89     -285.54     221.547   332501   342053   356331          332501          342053          356331 0.961796   2605.8       0.219735
  0.906    -174.749    -1084.42    -285.097     221.429   332444   342053   356215          332444          342053          356215 0.961234  2606.95       0.219377
  0.908    -175.706    -1085.94    -284.654     221.324   332344   342053   356061          332344          342053          356061 0.960685  2608.09        0.21905
   0.91    -176.659    -1087.47    -284.211     221.232   332239   342053   355925          332239          342053          355925 0.960269  2609.23       0.218754
  0.912    -177.606    -1088.99    -283.769     221.154   331989   342053   355731          331989          342053          355731 0.960495  2610.37        0.21849
  0.914     -178.55    -1090.52    -283.327      221.09   331875   342053   355597          331875          342053          355597 0.960189  2611.51       0.218258
  0.916    -179.488    -1092.05    -282.885     221.041   331744   342053   355295          331744          342053          355295 0.958767  2612.65       0.218059
  0.918    -180.422    -1093.57    -282.442     221.005   331605   342053   355149          331605          342053          355149 0.958597  2613.79       0.217892
   0.92    -181.352     -1095.1        -282     220.984   331483   342053   355074          331483          342053          355074 0.958811  2614.93       0.217758
  0.922    -182.277    -1096.63    -281.559     220.978   331342   341294   354902          331342          341294          354902 0.958406  2616.07       0.217658
  0.924    -183.197    -1098.16    -281.117     220.987   331215   341294   354774          331215          341294          354774 0.958221  2617.21       0.217592
  0.926    -184.113    -1099.69    -280.675      221.01   331011   341294   354607          331011          341294          354607 0.958337  2618.35        0.21756
  0.928    -185.025    -1101.21    -280.233     221.049   330782   341294   354355          330782          341294          354355 0.958033  2619.49       0.217561
   0.93    -185.932    -1102.74     -279.79     221.103   330706   341294   354283          330706          341294          354283 0.957933  2620.63       0.217598
  0.932    -186.835    -1104.27    -279.348     221.172   330538   341294   354092          330538          341294          354092 0.957589  2621.77       0.217668
  0.934    -187.734     -1105.8    -278.906     221.257   330361   341294   353971          330361          341294          353971 0.957859  2622.91       0.217773
  0.936    -188.628    -1107.34    -278.463     221.357   330268   341294   353718          330268          341294          353718 0.956506  2624.05       0.217913
  0.938    -189.518    -1108.87     -278.02     221.473   330060   341294   353529          330060          341294          353529 0.956521   2625.2       0.218088
   0.94    -190.403     -1110.4    -277.577     221.604   329886   341294   353450          329886          341294          353450 0.957123  2626.34       0.218297
  0.942    -191.285    -1111.93    -277.134     221.751   329777   341294   353357          329777          341294          353357 0.957105  2627.49       0.218541
  0.944    -192.162    -1113.46     -276.69     221.913   329467   341294   353223          329467          341294          353223 0.958344  2628.64        0.21882
  0.946    -193.035       -1115    -276.246     222.091   329354   341294   353083          329354          341294          353083 0.95802  2629.79       0.219133
  0.948    -193.904    -1116.53    -275.802     222.285   329298   341294   353003          329298          341294          353003 0.957681  2630.95       0.219481
   0.95    -194.769    -1118.06    -275.357     222.495   329168   341294   352875          329168          341294          352875 0.957517   2632.1       0.219863
  0.952     -195.63     -1119.6    -274.912      222.72   328982   341294   352695          328982          341294          352695 0.957372  2633.26       0.220279
  0.954    -196.487    -1121.13    -274.466      222.96   328849   340832   352558          328849          340832          352558 0.957158  2634.42       0.220729
  0.956     -197.34    -1122.67     -274.02     223.216   328548   340832   352402          328548          340832          352402 0.9581  2635.59       0.221212
  0.958    -198.188     -1124.2    -273.573     223.487   328282   340832   352284          328282          340832          352284 0.959126  2636.76       0.221729
   0.96    -199.033    -1125.74    -273.126     223.773   328227   340832   352167          328227          340832          352167 0.958532  2637.93       0.222278
  0.962    -199.874    -1127.28    -272.678     224.074   328097   340832   351961          328097          340832          351961 0.957822   2639.1        0.22286
  0.964    -200.711    -1128.81     -272.23      224.39   327815   340832   351870          327815          340832          351870 0.959132  2640.28       0.223474
  0.966    -201.543    -1130.35    -271.781      224.72   327699   340832   351795          327699          340832          351795 0.95931  2641.46       0.224118
  0.968    -202.372    -1131.89    -271.331     225.065   327585   339474   351708          327585          339474          351708 0.959359  2642.65       0.224794
   0.97    -203.198    -1133.43     -270.88     225.425   327431   339474   351629          327431          339474          351629 0.959728  2643.84         0.2255
  0.972    -204.019    -1134.97    -270.429     225.798   327242   339474   351560          327242          339474          351560 0.960424  2645.03       0.226235
  0.974    -204.836     -1136.5    -269.977     226.184   327129   339474   351466          327129          339474          351466 0.960351  2646.23       0.226999
  0.976     -205.65    -1138.04    -269.524     226.584   326939   338722   351346          326939          338722          351346 0.960627  2647.43       0.227791
  0.978     -206.46    -1139.58    -269.071     226.997   326828   338722   351224          326828          338722          351224 0.960314  2648.64        0.22861
   0.98    -207.266    -1141.12    -268.616     227.423   326621   338722   351124          326621          338722          351124 0.96088  2649.86       0.229456
  0.982    -208.068    -1142.67    -268.161     227.861   326472   338722   351042          326472          338722          351042 0.961154  2651.08       0.230327
  0.984    -208.867    -1144.21    -267.705     228.311   326368   338722   350949          326368          338722          350949 0.960989   2652.3       0.231222
  0.986    -209.662    -1145.75    -267.248     228.772   326269   338722   350784          326269          338722          350784 0.960225  2653.53        0.23214
  0.988    -210.454    -1147.29     -266.79     229.245   326145   338722   350666          326145          338722          350666 0.959981  2654.76       0.233081
   0.99    -211.241    -1148.83    -266.331     229.727   325759   338722   350596          325759          338722          350596 0.962088     2656       0.234044
  0.992    -212.025    -1150.38    -265.871      230.22   325715   338436   350463          325715          338436          350463 0.961187  2657.25       0.235026
  0.994    -212.806    -1151.92     -265.41     230.723   325582   338436   350331          325582          338436          350331 0.96093   2658.5       0.236027
  0.996    -213.583    -1153.46    -264.948     231.234   325462   337171   350252          325462          337171          350252 0.960947  2659.76       0.237046
  0.998    -214.356    -1155.01    -264.485     231.754   325185   337171   350094          325185          337171          350094 0.961543  2661.02        0.23808
      1    -215.126    -1156.55    -264.021     232.282   325119   337171   350042          325119          337171          350042 0.961386  2662.29        0.23913
  1.002    -215.892     -1158.1    -263.556     232.817   325013   337131   349937          325013          337131          349937 0.961097  2663.57       0.240194
  1.004    -216.655    -1159.64     -263.09     233.358   324866   337131   349651          324866          337131          349651 0.959777  2664.85       0.241269
  1.006    -217.414    -1161.19    -262.622     233.906   324511   337131   349535          324511          337131          349535 0.961336  2666.14       0.242355
  1.008     -218.17    -1162.74    -262.154     234.459   324179   337131   349427          324179          337131          349427 0.962842  2667.44       0.243451
   1.01    -218.923    -1164.28    -261.685     235.016   324045   337131   349360          324045          337131          349360 0.963206  2668.74       0.244554
  1.012    -219.672    -1165.83    -261.214     235.577   323908   337131   349261          323908          337131          349261 0.963349  2670.05       0.245663
  1.014    -220.417    -1167.38    -260.742     236.142   323739   337131   349163          323739          337131          349163 0.963733  2671.36       0.246776
  1.016    -221.159    -1168.93    -260.269     236.709   323583   337131   349113          323583          337131          349113 0.964387  2672.69       0.247892
  1.018    -221.898    -1170.48    -259.795     237.278   323414   337131   349032          323414          337131          349032 0.964896  2674.01        0.24901
   1.02    -222.634    -1172.03     -259.32     237.848   323291   337131   348892          323291          337131          348892 0.964638  2675.35       0.250127
  1.022    -223.366    -1173.58    -258.844     238.418   323085   337131   348783          323085          337131          348783 0.965228  2676.69       0.251241
  1.024    -224.094    -1175.13    -258.367     238.988   322991   337131   348646          322991          337131          348646 0.964798  2678.04       0.252352
  1.026     -224.82    -1176.68    -257.888     239.556   322776   337131   348570          322776          337131          348570 0.965722  2679.39       0.253458
  1.028    -225.542    -1178.23    -257.408     240.122   322668   337131   348444          322668          337131          348444 0.965488  2680.76       0.254556
   1.03    -226.261    -1179.78    -256.928     240.685   322607   337131   348297          322607          337131          348297 0.964756  2682.12       0.255645
  1.032    -226.977    -1181.33    -256.446     241.245   322505   337131   348240          322505          337131          348240 0.964955   2683.5       0.256723
  1.034     -227.69    -1182.88    -255.963       241.8   322310   337131   348131          322310          337131          348131 0.965445  2684.88        0.25779
  1.036    -228.399    -1184.44    -255.478      242.35   322156   337131   348079          322156          337131          348079 0.966057  2686.27       0.258842
  1.038    -229.105    -1185.99    -254.993     242.893   322051   337131   348005          322051          337131          348005 0.966143  2687.66       0.259878
   1.04    -229.808    -1187.55    -254.507      243.43   322003   337131   347937          322003          337131          347937 0.965833  2689.06       0.260897
  1.042    -230.508     -1189.1    -254.019      243.96   321914   334801   347856          321914          334801          347856 0.965681  2690.47       0.261897
  1.044    -231.204    -1190.66    -253.531     244.481   321668   334801   347808          321668          334801          347808 0.966866  2691.88       0.262876
  1.046    -231.898    -1192.21    -253.042     244.993   321568   334801   347697          321568          334801          347697 0.96659   2693.3       0.263834
  1.048    -232.588    -1193.77    -252.551     245.495   321328   334801   347569          321328          334801          347569 0.967178  2694.72       0.264767
   1.05    -233.276    -1195.32     -252.06     245.986   321190   334801   347496          321190          334801          347496 0.967464  2696.15       0.265675
  1.052     -233.96    -1196.88    -251.567     246.466   321050   334801   347385          321050          334801          347385 0.967515  2697.59       0.266557
  1.054    -234.641    -1198.44    -251.074     246.935   321006   334801   347216          321006          334801          347216 0.966472  2699.03        0.26741
  1.056     -235.32       -1200    -250.579      247.39   320886   334801   347149          320886          334801          347149 0.966662  2700.47       0.268234
  1.058    -235.995    -1201.55    -250.084     247.833   320673   334801   346997          320673          334801          346997 0.966939  2701.92       0.269028
   1.06    -236.667    -1203.11    -249.588     248.261   320482   334801   346908          320482          334801          346908 0.967509  2703.38       0.269789
  1.062    -237.336    -1204.67    -249.091     248.675   320300   334801   346818          320300          334801          346818 0.968027  2704.84       0.270517
  1.064    -238.002    -1206.23    -248.593     249.074   320188   334801   346754          320188          334801          346754 0.968239  2706.31       0.271211
  1.066    -238.666    -1207.79    -248.095     249.457   320029   334801   346667          320029          334801          346667 0.968611  2707.78        0.27187
  1.068    -239.326    -1209.35    -247.596     249.825   319933   334801   346590          319933          334801          346590 0.968619  2709.25       0.272492
   1.07    -239.983    -1210.91    -247.096     250.176   319804   334801   346491          319804          334801          346491 0.96868  2710.73       0.273077
  1.072    -240.638    -1212.48    -246.595     250.509   319652   334801   346335          319652          334801          346335 0.968519  2712.21       0.273624
  1.074    -241.289    -1214.04    -246.094     250.826   319479   334801   346255          319479          334801          346255 0.969035   2713.7       0.274132
  1.076    -241.938     -1215.6    -245.592     251.125   319205   334801   346176          319205          334801          346176 0.970239  2715.19       0.274601
  1.078    -242.584    -1217.16    -245.089     251.405   319128   334801   346032          319128          334801          346032 0.969733  2716.68        0.27503
   1.08    -243.227    -1218.73    -244.586     251.667   318939   334801   345921          318939          334801          345921 0.970203  2718.18       0.275418
  1.082    -243.867    -1220.29    -244.082     251.911   318754   334801   345863          318754          334801          345863 0.970993  2719.68       0.275766
  1.084    -244.505    -1221.86    -243.578     252.136   318566   334801   345807          318566          334801          345807 0.971804  2721.18       0.276071
  1.086    -245.139    -1223.42    -243.074     252.342   318378   334801   345734          318378          334801          345734 0.972517  2722.68       0.276336
  1.088    -245.771    -1224.99    -242.569     252.528   318235   334801   345616          318235          334801          345616 0.972683  2724.19       0.276559
   1.09      -246.4    -1226.55    -242.064     252.696   318152   334801   345562          318152          334801          345562 0.972856  2725.69       0.276739
  1.092    -247.026    -1228.12    -241.558     252.844   318034   334801   345500          318034          334801          345500 0.973187   2727.2       0.276878
  1.094     -247.65    -1229.69    -241.052     252.973   317987   334801   345420          317987          334801          345420 0.972948  2728.71       0.276975
  1.096    -248.271    -1231.26    -240.546     253.082   317856   334801   345341          317856          334801          345341 0.973227  2730.23       0.277031
  1.098    -248.889    -1232.82     -240.04     253.172   317646   334801   345255          317646          334801          345255 0.973942  2731.74       0.277045
    1.1    -249.504    -1234.39    -239.534     253.243   317550   334801   345177          317550          334801          345177 0.974021  2733.25       0.277018
  1.102    -250.117    -1235.96    -239.027     253.295   317417   334801   345086          317417          334801          345086 0.974235  2734.77        0.27695
  1.104    -250.727    -1237.53    -238.521     253.329   317303   329401   345017          317303          329401          345017 0.974461  2736.28       0.276843
  1.106    -251.335     -1239.1    -238.014     253.343   317212   328363   344797          317212          328363          344797 0.973687   2737.8       0.276695
  1.108    -251.939    -1240.67    -237.507     253.339   317135   328363   344541          317135          328363          344541 0.972632  2739.31       0.276509
