# n_walkers  560  n_cull  1  simple log(alpha)  -0.001784121793501292
#   T     log_Z(T)      F(T)        U(T)       Cvp(T)    low_pct_i(T) mode_i(T) high_pct_i(T) low_pct_iter(T)  mode_iter(T)   high_pct_iter(T) Z_fract(T)   V(T)   thermal_exp(T)
   0.01     71173.8    -721.375    -720.134     120.981   536530   536582   536582          536530          536582          536582 0.91432  3046.35     -0.0012053
  0.012     59151.6    -721.383    -719.892     121.031   536520   536582   536582          536520          536582          536582 0.914541  3046.33    -0.00310814
  0.014     50564.4    -721.392     -719.65     121.087   536506   536581   536582          536506          536581          536582 0.929501  3046.31    -0.00319245
  0.016     44123.9    -721.401    -719.407     121.143   536502   536581   536582          536502          536581          536582 0.911592  3046.29    -0.00254024
  0.018     39114.7    -721.411    -719.165     121.193   536496   536581   536582          536496          536581          536582 0.896978  3046.28    -0.00171078
   0.02     35107.4     -721.42    -718.923     121.235   536483   536581   536582          536483          536581          536582 0.898882  3046.27    -0.00095639
  0.022     31828.6     -721.43     -718.68     121.271   536472   536581   536582          536472          536581          536582 0.895244  3046.27   -0.000370086
  0.024     29096.4     -721.44    -718.438     121.302   536466   536581   536582          536466          536581          536582 0.881203  3046.27    3.22501e-05
  0.026     26784.4    -721.451    -718.195     121.329   536456   536581   536582          536456          536581          536582 0.873762  3046.27    0.000268673
  0.028     24802.8    -721.461    -717.952     121.353   536440   536581   536582          536440          536581          536582 0.87621  3046.27     0.00036935
   0.03     23085.4    -721.472     -717.71     121.376   536419   536581   536582          536419          536581          536582 0.886738  3046.27    0.000366105
  0.032     21582.7    -721.483    -717.467     121.398   536399   536581   536582          536399          536581          536582 0.895014  3046.28    0.000287841
  0.034     20256.8    -721.494    -717.224     121.419   536383   536581   536582          536383          536581          536582 0.898051  3046.28    0.000158926
  0.036     19078.2    -721.505    -716.981     121.441   536371   536581   536582          536371          536581          536582 0.896074  3046.28   -1.02924e-06
  0.038     18023.6    -721.517    -716.738     121.464   536354   536581   536582          536354          536581          536582 0.899823  3046.28   -0.000176779
   0.04     17074.5    -721.528    -716.495     121.487   536335   536581   536582          536335          536581          536582 0.905041  3046.28   -0.000356839
  0.042     16215.9     -721.54    -716.252     121.512   536328   536581   536582          536328          536581          536582 0.898428  3046.27    -0.00053284
  0.044     15435.2    -721.552    -716.009     121.537   536314   536581   536582          536314          536581          536582 0.897793  3046.27   -0.000698932
  0.046     14722.5    -721.564    -715.766     121.563   536298   536581   536582          536298          536581          536582 0.898576  3046.26   -0.000851262
  0.048     14069.2    -721.576    -715.523      121.59   536284   536581   536582          536284          536581          536582 0.897725  3046.26   -0.000987532
   0.05     13468.1    -721.588     -715.28     121.619   536274   536581   536582          536274          536581          536582 0.893185  3046.25    -0.00110663
  0.052     12913.3    -721.601    -715.037     121.648   536261   536581   536582          536261          536581          536582 0.890858  3046.25    -0.00120831
  0.054     12399.5    -721.613    -714.793     121.678   536251   536581   536582          536251          536581          536582 0.885922  3046.24    -0.00129301
  0.056     11922.5    -721.626     -714.55      121.71   536224   536581   536582          536224          536581          536582 0.892386  3046.23    -0.00136156
  0.058     11478.4    -721.638    -714.306     121.742   536207   536581   536582          536207          536581          536582 0.892223  3046.22    -0.00141513
   0.06     11063.9    -721.651    -714.063     121.776   536188   536581   536582          536188          536581          536582 0.892971  3046.21    -0.00145504
  0.062     10676.1    -721.664    -713.819      121.81   536166   536581   536582          536166          536581          536582 0.895352   3046.2     -0.0014827
  0.064     10312.6    -721.678    -713.576     121.846   536147   536581   536582          536147          536581          536582 0.895513  3046.19    -0.00149954
  0.066     9971.05    -721.691    -713.332     121.882   536130   536581   536582          536130          536581          536582 0.894715  3046.19    -0.00150696
  0.068     9649.64    -721.704    -713.088      121.92   536106   536581   536582          536106          536581          536582 0.897376  3046.18    -0.00150628
   0.07     9346.59    -721.718    -712.844     121.959   536085   536581   536582          536085          536581          536582 0.898182  3046.17    -0.00149875
  0.072     9060.38    -721.731      -712.6     121.999   536062   536581   536582          536062          536581          536582 0.899908  3046.16    -0.00148551
  0.074     8789.65    -721.745    -712.356      122.04   536050   536581   536582          536050          536581          536582 0.896257  3046.15    -0.00146759
  0.076     8533.17    -721.759    -712.112     122.082   536033   536581   536582          536033          536581          536582 0.894515  3046.14    -0.00144592
  0.078     8289.84    -721.773    -711.868     122.126   536016   536581   536582          536016          536581          536582 0.892616  3046.13    -0.00142131
   0.08     8058.67    -721.787    -711.624     122.171   535997   536581   536582          535997          536581          536582 0.891282  3046.12    -0.00139449
  0.082     7838.79    -721.801    -711.379     122.218   535970   536581   536582          535970          536581          536582 0.892905  3046.11    -0.00136606
  0.084     7629.38    -721.815    -711.135     122.265   535942   536581   536582          535942          536581          536582 0.89467  3046.11    -0.00133657
  0.086      7429.7    -721.829     -710.89     122.315   535915   536581   536582          535915          536581          536582 0.895965   3046.1    -0.00130648
  0.088     7239.11    -721.844    -710.645     122.366   535892   536581   536582          535892          536581          536582 0.895701  3046.09    -0.00127617
   0.09     7056.99    -721.858    -710.401     122.419   535864   536581   536582          535864          536581          536582 0.896808  3046.08    -0.00124599
  0.092     6882.79    -721.873    -710.156     122.473   535840   536581   536582          535840          536581          536582 0.89654  3046.07    -0.00121621
  0.094        6716    -721.888    -709.911      122.53   535812   536581   536582          535812          536581          536582 0.897275  3046.07    -0.00118707
  0.096     6556.16    -721.903    -709.666     122.588   535772   536581   536582          535772          536581          536582 0.901714  3046.06    -0.00115878
  0.098     6402.85    -721.918     -709.42     122.649   535760   536581   536582          535760          536581          536582 0.897574  3046.05    -0.00113151
    0.1     6255.67    -721.933    -709.175     122.712   535721   536581   536582          535721          536581          536582 0.900922  3046.05    -0.00110541
  0.102     6114.26    -721.948     -708.93     122.778   535700   536581   536582          535700          536581          536582 0.89904  3046.04    -0.00108062
  0.104      5978.3    -721.963    -708.684     122.846   535678   536581   536582          535678          536581          536582 0.897259  3046.03    -0.00105726
  0.106     5847.46    -721.979    -708.438     122.917   535632   536581   536582          535632          536581          536582 0.901582  3046.03    -0.00103543
  0.108     5721.47    -721.994    -708.192      122.99   535590   536581   536582          535590          536581          536582 0.904667  3046.02    -0.00101526
   0.11     5600.07     -722.01    -707.946     123.068   535573   536581   536582          535573          536581          536582 0.901548  3046.01   -0.000996828
  0.112        5483    -722.026      -707.7     123.148   535544   536581   536582          535544          536581          536582 0.90107  3046.01   -0.000980249
  0.114     5370.04    -722.042    -707.454     123.232   535513   536581   536582          535513          536581          536582 0.900776     3046   -0.000965622
  0.116     5260.97    -722.058    -707.207      123.32   535486   536581   536582          535486          536581          536582 0.899412     3046   -0.000953051
  0.118     5155.61    -722.074     -706.96     123.412   535434   536581   536582          535434          536581          536582 0.903153  3045.99   -0.000942645
   0.12     5053.76     -722.09    -706.713     123.509   535407   536581   536582          535407          536581          536582 0.9016  3045.99   -0.000934515
  0.122     4955.24    -722.106    -706.466      123.61   535377   536581   536582          535377          536581          536582 0.900412  3045.98   -0.000928775
  0.124     4859.91    -722.123    -706.219     123.716   535339   536581   536582          535339          536581          536582 0.900619  3045.97   -0.000925547
  0.126      4767.6    -722.139    -705.971     123.828   535286   536581   536582          535286          536581          536582 0.903368  3045.97   -0.000924955
  0.128     4678.18    -722.156    -705.724     123.945   535238   536581   536582          535238          536581          536582 0.905076  3045.96   -0.000927128
   0.13     4591.52    -722.173    -705.476     124.069   535209   536581   536582          535209          536581          536582 0.903169  3045.96   -0.000932201
  0.132     4507.47     -722.19    -705.227       124.2   535126   536581   536582          535126          536581          536582 0.91028  3045.95   -0.000940312
  0.134     4425.94    -722.207    -704.979     124.337   535080   536581   536582          535080          536581          536582 0.911044  3045.95   -0.000951604
  0.136     4346.81    -722.224     -704.73     124.483   535044   536581   536582          535044          536581          536582 0.90997  3045.94   -0.000966224
  0.138     4269.97    -722.241    -704.481     124.636   535012   536581   536582          535012          536581          536582 0.908071  3045.93   -0.000984325
   0.14     4195.33    -722.259    -704.231     124.798   534983   536581   536582          534983          536581          536582 0.905467  3045.93    -0.00100606
  0.142     4122.79    -722.276    -703.982      124.97   534944   536581   536582          534944          536581          536582 0.904087  3045.92    -0.00103159
  0.144     4052.27    -722.294    -703.732     125.152   534880   536581   536582          534880          536581          536582 0.905949  3045.92    -0.00106109
  0.146     3983.68    -722.312    -703.481     125.345   534843   536581   536582          534843          536581          536582 0.903818  3045.91    -0.00109472
  0.148     3916.95     -722.33     -703.23     125.549   534784   536581   536582          534784          536581          536582 0.904251   3045.9    -0.00113266
   0.15        3852    -722.348    -702.979     125.766   534744   536581   536582          534744          536581          536582 0.902071  3045.89     -0.0011751
  0.152     3788.75    -722.366    -702.727     125.997   534675   536581   536582          534675          536581          536582 0.903197  3045.89    -0.00122222
  0.154     3727.15    -722.385    -702.475     126.242   534638   536581   536582          534638          536581          536582 0.900176  3045.88    -0.00127424
  0.156     3667.13    -722.404    -702.222     126.502   534551   536581   536582          534551          536581          536582 0.902615  3045.87    -0.00133137
  0.158     3608.63    -722.422    -701.969      126.78   534487   536581   536582          534487          536581          536582 0.90225  3045.86    -0.00139382
   0.16      3551.6    -722.441    -701.715     127.075   534397   536581   536582          534397          536581          536582 0.904286  3045.86    -0.00146186
  0.162     3495.97    -722.461    -701.461      127.39   534340   536581   536582          534340          536581          536582 0.902626  3045.85    -0.00153573
  0.164     3441.71     -722.48    -701.205     127.726   534281   536581   536582          534281          536581          536582 0.900781  3045.84    -0.00161571
  0.166     3388.75    -722.499     -700.95     128.084   534173   536581   536582          534173          536581          536582 0.903262  3045.83    -0.00170211
  0.168     3337.05    -722.519    -700.693     128.466   534074   536581   536582          534074          536581          536582 0.904575  3045.82    -0.00179526
   0.17     3286.57    -722.539    -700.436     128.875   533976   536581   536582          533976          536581          536582 0.905567   3045.8     -0.0018955
  0.172     3237.27    -722.559    -700.178     129.312   533903   536581   536582          533903          536581          536582 0.9039  3045.79    -0.00200323
  0.174      3189.1     -722.58    -699.918     129.779   533835   536581   536582          533835          536581          536582 0.901367  3045.78    -0.00211887
  0.176     3142.02      -722.6    -699.658     130.279   533694   536581   536582          533694          536581          536582 0.904295  3045.77    -0.00224288
  0.178     3096.01    -722.621    -699.397     130.814   533634   536581   536582          533634          536581          536582 0.900506  3045.75    -0.00237576
   0.18     3051.02    -722.642    -699.135     131.388   533572   536581   536582          533572          536581          536582 0.8964  3045.74    -0.00251806
  0.182     3007.02    -722.663    -698.872     132.002   533499   536581   536582          533499          536581          536582 0.892608  3045.72    -0.00267037
  0.184     2963.98    -722.685    -698.607     132.661   533398   536581   536582          533398          536581          536582 0.890278  3045.71    -0.00283333
  0.186     2921.86    -722.707    -698.341     133.367   533209   536581   536582          533209          536581          536582 0.893477  3045.69    -0.00300764
  0.188     2880.64    -722.729    -698.074     134.125   533030   536581   536582          533030          536581          536582 0.895471  3045.67    -0.00319406
   0.19      2840.3    -722.751    -697.805     134.939   532863   536581   536582          532863          536581          536582 0.896195  3045.65     -0.0033934
  0.192     2800.79    -722.774    -697.534     135.812   532694   536581   536582          532694          536581          536582 0.89651  3045.63    -0.00360653
  0.194      2762.1    -722.797    -697.261     136.749   532524   536581   536582          532524          536581          536582 0.896266   3045.6    -0.00383438
  0.196      2724.2    -722.821    -696.987     137.755   532238   536581   536582          532238          536581          536582 0.90193  3045.58    -0.00407795
  0.198     2687.07    -722.845     -696.71     138.835   532015   536581   536582          532015          536581          536582 0.903754  3045.55    -0.00433831
    0.2     2650.68    -722.869    -696.431     139.996   531826   536581   536582          531826          536581          536582 0.90335  3045.53    -0.00461658
  0.202     2615.02    -722.893     -696.15     141.242   531468   536568   536582          531468          536568          536582 0.910344   3045.5    -0.00491397
  0.204     2580.06    -722.918    -695.866     142.581   531278   536568   536582          531278          536568          536582 0.909105  3045.47    -0.00523176
  0.206     2545.78    -722.944     -695.58     144.019   531119   536568   536582          531119          536568          536582 0.905754  3045.43    -0.00557129
  0.208     2512.16     -722.97     -695.29     145.564   530820   536568   536582          530820          536568          536582 0.907476   3045.4    -0.00593399
   0.21     2479.18    -722.996    -694.997     147.224   530515   536568   536582          530515          536568          536582 0.908641  3045.36     -0.0063214
  0.212     2446.83    -723.023    -694.701     149.008   530089   536568   536582          530089          536568          536582 0.91361  3045.32    -0.00673513
  0.214     2415.08     -723.05    -694.401     150.925   529859   536568   536582          529859          536568          536582 0.91106  3045.28    -0.00717693
  0.216     2383.93    -723.078    -694.097     152.986   529284   536568   536582          529284          536568          536582 0.919854  3045.24    -0.00764867
  0.218     2353.35    -723.107    -693.789     155.202   528897   536568   536582          528897          536568          536582 0.921602  3045.19    -0.00815239
   0.22     2323.32    -723.136    -693.476     157.586   528456   536564   536582          528456          536564          536582 0.924549  3045.14     -0.0086903
  0.222     2293.85    -723.166    -693.159     160.152   527961   536564   536582          527961          536564          536582 0.928355  3045.08    -0.00926485
  0.224      2264.9    -723.197    -692.836     162.916   527458   536564   536582          527458          536564          536582 0.931303  3045.02    -0.00987876
  0.226     2236.47    -723.229    -692.507     165.895   526724   536564   536582          526724          536564          536582 0.939283  3044.96      -0.010535
  0.228     2208.54    -723.261    -692.172      169.11   526171   536564   536582          526171          536564          536582 0.942533  3044.89     -0.0112371
   0.23      2181.1    -723.294     -691.83      172.58   525622   536564   536582          525622          536564          536582 0.944965  3044.82     -0.0119886
  0.232     2154.13    -723.328    -691.481     176.332   525155   536564   536582          525155          536564          536582 0.944964  3044.75      -0.012794
  0.234     2127.64    -723.363    -691.125     180.392   524371   536559   536582          524371          536559          536582 0.950034  3044.67      -0.013658
  0.236     2101.59    -723.399     -690.76     184.789   523817   536559   536582          523817          536559          536582 0.950369  3044.58     -0.0145858
  0.238     2075.99    -723.436    -690.385     189.554   523234   536559   536582          523234          536559          536582 0.950345  3044.49     -0.0155833
   0.24     2050.82    -723.475    -690.001     194.723   522451   536559   536582          522451          536559          536582 0.952399  3044.39     -0.0166566
  0.242     2026.07    -723.514    -689.606     200.331   521723   536559   536582          521723          536559          536582 0.952601  3044.29     -0.0178124
  0.244     2001.73    -723.555      -689.2     206.414   520471   536559   536582          520471          536559          536582 0.958084  3044.17     -0.0190571
  0.246     1977.79    -723.598     -688.78     213.006   519544   536559   536582          519544          536559          536582 0.959591  3044.05     -0.0203972
  0.248     1954.25    -723.641    -688.347     220.141   518048   536559   536582          518048          536559          536582 0.966274  3043.93     -0.0218383
   0.25     1931.09    -723.687    -687.899     227.844   517112   535086   536582          517112          535086          536582 0.966613  3043.79     -0.0233847
  0.252      1908.3    -723.734    -687.435     236.131   515932   535086   536582          515932          535086          536582 0.968413  3043.64     -0.0250384
  0.254     1885.88    -723.783    -686.954     245.007   514587   535086   536582          514587          535086          536582 0.971014  3043.48     -0.0267987
  0.256     1863.82    -723.834    -686.455     254.457   513137   531396   536582          513137          531396          536582 0.973956  3043.31     -0.0286605
  0.258      1842.1    -723.887    -685.936     264.445   511985   528588   536582          511985          528588          536582 0.974795  3043.13     -0.0306139
   0.26     1820.73    -723.942    -685.397     274.907   510502   528588   536582          510502          528588          536582 0.977695  3042.94     -0.0326427
  0.262      1799.7        -724    -684.836      285.75   509530   526733   536582          509530          526733          536582 0.977548  3042.74     -0.0347244
  0.264     1778.99     -724.06    -684.254     296.851   508577   526733   536582          508577          526733          536582 0.976734  3042.52     -0.0368295
  0.266     1758.61    -724.123    -683.649     308.055   506818   526733   536582          506818          526733          536582 0.980771  3042.29     -0.0389223
  0.268     1738.54    -724.189    -683.022     319.185   505811   526343   536582          505811          526343          536582 0.980833  3042.05     -0.0409621
   0.27     1718.78    -724.258    -682.372     330.043   504611   526343   536582          504611          526343          536582 0.981721  3041.79     -0.0429054
  0.272     1699.32     -724.33    -681.702     340.431   503386   526198   536582          503386          526198          536582 0.98266  3041.52      -0.044709
  0.274     1680.15    -724.405    -681.011     350.156   502189   524412   536582          502189          524412          536582 0.983412  3041.25     -0.0463335
  0.276     1661.28    -724.483    -680.302     359.053   501105   524412   536582          501105          524412          536582 0.983215  3040.96     -0.0477472
  0.278     1642.69    -724.565    -679.575     366.998   499635   519076   536582          499635          519076          536582 0.984801  3040.67     -0.0489298
   0.28     1624.38    -724.651    -678.834     373.919   498422   519076   536582          498422          519076          536582 0.985411  3040.37     -0.0498751
  0.282     1606.34     -724.74     -678.08     379.805   497502   518168   536582          497502          518168          536582 0.984722  3040.06     -0.0505927
  0.284     1588.57    -724.832    -677.316     384.709   496523   512546   536582          496523          512546          536582 0.984058  3039.75     -0.0511079
  0.286     1571.06    -724.929    -676.542     388.744   495885   512546   535616          495885          512546          535616 0.977864  3039.44     -0.0514608
  0.288      1553.8    -725.029    -675.761     392.073   494709   512546   534147          494709          512546          534147 0.972457  3039.13      -0.051703
   0.29      1536.8    -725.133    -674.974     394.895   493658   510114   532849          493658          510114          532849 0.968327  3038.81     -0.0518939
  0.292     1520.04    -725.241    -674.182     397.431   492285   510114   531937          492285          510114          531937 0.967895   3038.5      -0.052097
  0.294     1503.53    -725.353    -673.385     399.908   491162   510114   530773          491162          510114          530773 0.965513  3038.18     -0.0523749
  0.296     1487.25    -725.468    -672.582     402.544   489850   510114   529780          489850          510114          529780 0.965173  3037.86     -0.0527858
  0.298      1471.2    -725.587    -671.774     405.533   488905   506930   529036          488905          506930          529036 0.964159  3037.54     -0.0533797
    0.3     1455.38     -725.71     -670.96     409.036   488287   506447   527883          488287          506447          527883 0.959231  3037.21      -0.054196
  0.302     1439.78    -725.837    -670.138     413.173   486579   506447   526936          486579          506447          526936 0.96058  3036.88     -0.0552614
  0.304     1424.39    -725.968    -669.307     418.017   485025   506447   525914          485025          506447          525914 0.960739  3036.54     -0.0565886
  0.306     1409.23    -726.103    -668.465      423.59   483478   506447   524744          483478          506447          524744 0.960712  3036.19     -0.0581759
  0.308     1394.27    -726.242    -667.612      429.86   481886   506447   523739          481886          506447          523739 0.962143  3035.83     -0.0600071
   0.31     1379.52    -726.384    -666.745     436.746   480797   503474   522333          480797          503474          522333 0.959176  3035.46     -0.0620526
  0.312     1364.97    -726.531    -665.864     444.117   478529   502409   521295          478529          502409          521295 0.963715  3035.08     -0.0642707
  0.314     1350.62    -726.682    -664.968     451.797   476727   499331   520409          476727          499331          520409 0.966982  3034.68     -0.0666103
  0.316     1336.46    -726.837    -664.057     459.578   475786   499331   519328          475786          499331          519328 0.966053  3034.27     -0.0690136
  0.318     1322.49    -726.997     -663.13     467.228   474799   499331   518513          474799          499331          518513 0.965988  3033.84       -0.07142
   0.32     1308.72    -727.161    -662.188     474.506   473275   499306   517478          473275          499306          517478 0.966835   3033.4     -0.0737706
  0.322     1295.13    -727.329    -661.233     481.182   471452   497835   516554          471452          497835          516554 0.969732  3032.95     -0.0760126
  0.324     1281.72    -727.502    -660.264     487.053   470288   491968   515566          470288          491968          515566 0.969876  3032.48     -0.0781033
  0.326     1268.49    -727.679    -659.285     491.958   469344   491968   514432          469344          491968          514432 0.968396     3032     -0.0800143
  0.328     1255.43    -727.861    -658.297     495.792   467888   491968   513686          467888          491968          513686 0.970321  3031.51     -0.0817335
   0.33     1242.55    -728.047    -657.303     498.518   466598   489938   512698          466598          489938          512698 0.970607  3031.01     -0.0832666
  0.332     1229.83    -728.239    -656.304     500.166   464845   489938   511560          464845          489938          511560 0.972427   3030.5     -0.0846363
  0.334     1217.28    -728.434    -655.303     500.834   464028   482760   510724          464028          482760          510724 0.971946  3029.98      -0.085881
  0.336      1204.9    -728.634    -654.301     500.676   463331   482760   509109          463331          482760          509109 0.967724  3029.46     -0.0870512
  0.338     1192.67    -728.839      -653.3     499.891   462215   482760   508026          462215          482760          508026 0.967077  3028.93     -0.0882063
   0.34      1180.6    -729.048    -652.302     498.706   461254   482760   507068          461254          482760          507068 0.966218  3028.39     -0.0894101
  0.342     1168.69    -729.262    -651.306     497.365   460511   479117   505656          460511          479117          505656 0.962026  3027.85     -0.0907276
  0.344     1156.92     -729.48    -650.312     496.107   459069   476792   504233          459069          476792          504233 0.960649  3027.29     -0.0922214
  0.346     1145.31    -729.703    -649.321     495.158   457425   476792   502952          457425          476792          502952 0.961022  3026.73     -0.0939493
  0.348     1133.84    -729.929    -648.331      494.72   455565   476792   501201          455565          476792          501201 0.961114  3026.15     -0.0959632
   0.35     1122.51     -730.16    -647.342     494.965   454593   476792   500172          454593          476792          500172 0.960877  3025.57     -0.0983086
  0.352     1111.33    -730.396    -646.351     496.034   453247   476792   498917          453247          476792          498917 0.960982  3024.96      -0.101026
  0.354     1100.28    -730.635    -645.357     498.034   452121   476792   497913          452121          476792          497913 0.961135  3024.34      -0.104151
  0.356     1089.37    -730.879    -644.358     501.048   451099   476792   496670          451099          476792          496670 0.959671   3023.7      -0.107722
  0.358      1078.6    -731.128    -643.352     505.141   450045   471806   494964          450045          471806          494964 0.956079  3023.04       -0.11178
   0.36     1067.95     -731.38    -642.337     510.377   448687   471806   493973          448687          471806          493973 0.956137  3022.35      -0.116386
  0.362     1057.44    -731.637     -641.31     516.838   446414   471806   492873          446414          471806          492873 0.959525  3021.63      -0.121623
  0.364     1047.05    -731.898    -640.268     524.656   444089   471806   492078          444089          471806          492078 0.964897  3020.88      -0.127624
  0.366     1036.79    -732.164     -639.21     534.058   443039   465013   490892          443039          465013          490892 0.963514  3020.09      -0.134598
  0.368     1026.65    -732.434    -638.131     545.429   442046   465013   489439          442046          465013          489439 0.960471  3019.25      -0.142871
   0.37     1016.64    -732.709    -637.027     559.401   440805   465013   487798          440805          465013          487798 0.957371  3018.36      -0.152951
  0.372     1006.74    -732.989    -635.891     576.983   439270   465013   486869          439270          465013          486869 0.957594   3017.4      -0.165618
  0.374     996.964    -733.273    -634.715     599.737   437778   465013   485849          437778          465013          485849 0.956395  3016.35      -0.182056
  0.376     987.306    -733.563    -633.487     630.009   436584   465013   485009          436584          465013          485009 0.953329  3015.19      -0.204039
  0.378     977.764    -733.858    -632.188      671.22   434777   465013   484155          434777          465013          484155 0.95004  3013.87      -0.234164
   0.38     968.338    -734.159    -630.792     728.174   432597   455983   483100          432597          455983          483100 0.944714  3012.34      -0.276129
  0.382     959.027    -734.466     -629.26      807.25   430675   455983   481424          430675          455983          481424 0.933043  3010.51       -0.33496
  0.384     949.832    -734.781    -627.543     916.219   427337   455460   480466          427337          455460          480466 0.925218  3008.26      -0.417011
  0.386     940.755    -735.104     -625.57     1063.11   423847   455460   479698          423847          455460          479698 0.913216  3005.44      -0.529295
  0.388     931.796    -735.436    -623.261     1253.39   407238   455460   478862          407238          455460          478862 0.938927  3001.83      -0.677551
   0.39     922.958    -735.781    -620.529     1484.74   393481   453389   477626          393481          453389          477626 0.962443  2997.23      -0.862371
  0.392     914.247    -736.139    -617.306     1740.26   386557   453389   476917          386557          453389          476917 0.972653  2991.44       -1.07369
  0.394     905.666    -736.514    -613.575     1983.96   381859   444984   475014          381859          444984          475014 0.975254  2984.38       -1.28627
  0.396      897.22    -736.908    -609.411     2165.41   377681   444984   473392          377681          444984          473392 0.980073  2976.16       -1.46159
  0.398      888.91    -737.323    -604.987     2237.77   374730   444984   472376          374730          444984          472376 0.984177  2967.13       -1.56036
    0.4     880.736    -737.758    -600.547      2181.2   372463   393799   469693          372463          393799          469693 0.984441  2957.84       -1.56097
  0.402     872.695    -738.214    -596.337     2013.72   371533   393592   465889          371533          393592          465889 0.981216  2948.85       -1.47059
  0.404     864.779    -738.689    -592.536     1780.07   370913   393592   459615          370913          393592          459615 0.972514  2940.61       -1.31941
  0.406     856.982     -739.18    -589.228     1528.96   369868   390407   456040          369868          390407          456040 0.972202  2933.37       -1.14409
  0.408     849.296    -739.686    -586.408     1295.81   368949   390407   446920          368949          390407          446920 0.958056  2927.17      -0.973641
   0.41     841.713    -740.202    -584.021      1098.3   368348   390407   428334          368348          390407          428334 0.920036  2921.93      -0.824283
  0.412     834.226    -740.729    -581.988     940.333   367661   390407   421012          367661          390407          421012 0.92141  2917.49      -0.701435
  0.414     826.831    -741.263    -580.235      818.18   367006   390407   417266          367006          390407          417266 0.929338  2913.69      -0.604007
  0.416     819.524    -741.804    -578.696     725.264   366379   390407   415622          366379          390407          415622 0.940397   2910.4      -0.528067
  0.418     812.301    -742.351    -577.319     654.846   365721   386562   414234          365721          386562          414234 0.948355  2907.51       -0.46908
   0.42     805.158    -742.903    -576.066     601.174   364603   380587   412625          364603          380587          412625 0.954714  2904.92      -0.422954
  0.422     798.094     -743.46    -574.907     559.758   363825   380587   410654          363825          380587          410654 0.956974  2902.58      -0.386388
  0.424     791.107    -744.021    -573.821     527.262   363533   380587   408995          363533          380587          408995 0.957167  2900.42      -0.356872
  0.426     784.194    -744.586    -572.793     501.281   362984   380587   407406          362984          380587          407406 0.957795  2898.43      -0.332559
  0.428     777.354    -745.154    -571.812     480.101   362335   380587   405187          362335          380587          405187 0.955952  2896.56      -0.312118
   0.43     770.586    -745.725     -570.87     462.514   361842   380587   403987          361842          380587          403987 0.956839   2894.8      -0.294592
  0.432     763.888      -746.3    -569.961      447.66   361379   378461   402730          361379          378461          402730 0.956829  2893.14      -0.279296
  0.434     757.258    -746.878    -569.078      434.93   360684   378461   401861          360684          378461          401861 0.959129  2891.57      -0.265735
  0.436     750.696    -747.459     -568.22     423.882   360045   377185   400333          360045          377185          400333 0.957954  2890.07      -0.253548
  0.438     744.201    -748.043    -567.382     414.192   359338   377185   399373          359338          377185          399373 0.959613  2888.64      -0.242468
   0.44      737.77    -748.629    -566.562      405.62   358593   377185   397824          358593          377185          397824 0.958766  2887.26      -0.232291
  0.442     731.404    -749.218    -565.759      397.98   357906   375689   396747          357906          375689          396747 0.960014  2885.95      -0.222863
  0.444       725.1    -749.809     -564.97     391.128   357486   375689   396145          357486          375689          396145 0.96181  2884.69      -0.214062
  0.446     718.859    -750.403    -564.194     384.949   356855   375689   395514          356855          375689          395514 0.964128  2883.48      -0.205789
  0.448     712.678    -750.999     -563.43     379.349   356465   372574   394899          356465          372574          394899 0.965159  2882.32      -0.197966
   0.45     706.558    -751.598    -562.676     374.248   356096   371869   394274          356096          371869          394274 0.965667   2881.2      -0.190526
  0.452     700.497    -752.198    -561.932      369.58   355674   371869   393072          355674          371869          393072 0.963569  2880.12      -0.183414
  0.454     694.494    -752.801    -561.198     365.286   355143   371869   392183          355143          371869          392183 0.963585  2879.08      -0.176583
  0.456     688.548    -753.406    -560.471     361.318   354594   371869   391544          354594          371869          391544 0.964898  2878.09      -0.169995
  0.458     682.659    -754.014    -559.752      357.63   354336   368973   390938          354336          368973          390938 0.964698  2877.13      -0.163616
   0.46     676.826    -754.623     -559.04     354.184   354113   368973   390417          354113          368973          390417 0.964408   2876.2      -0.157416
  0.462     671.047    -755.234    -558.335     350.947   353478   368973   389355          353478          368973          389355 0.963598  2875.31      -0.151373
  0.464     665.323    -755.848    -557.636     347.888   352964   368973   388378          352964          368973          388378 0.962685  2874.46      -0.145465
  0.466     659.652    -756.463    -556.944     344.982   352526   368973   387705          352526          368973          387705 0.963007  2873.64      -0.139675
  0.468     654.034     -757.08    -556.256     342.207   352093   368973   387157          352093          368973          387157 0.963823  2872.86      -0.133988
   0.47     648.468      -757.7    -555.575     339.543   351605   368973   386621          351605          368973          386621 0.964902   2872.1      -0.128394
  0.472     642.952    -758.321    -554.898     336.975   351270   368794   385895          351270          368794          385895 0.964177  2871.38      -0.122883
  0.474     637.488    -758.944    -554.227     334.488   351039   368452   385281          351039          368452          385281 0.963401  2870.69      -0.117446
  0.476     632.072    -759.568     -553.56     332.074   350665   363904   384513          350665          363904          384513 0.962467  2870.03      -0.112078
  0.478     626.706    -760.195    -552.898     329.722   350143   363904   383754          350143          363904          383754 0.962314   2869.4      -0.106775
   0.48     621.389    -760.823    -552.241     327.426   349761   363904   383225          349761          363904          383225 0.962631  2868.81      -0.101534
  0.482     616.119    -761.453    -551.589     325.183   349340   363904   382754          349340          363904          382754 0.963294  2868.24     -0.0963525
  0.484     610.896    -762.084     -550.94     322.987   349039   363852   382206          349039          363852          382206 0.962803   2867.7     -0.0912297
  0.486     605.719    -762.718    -550.297     320.839   348670   363852   381738          348670          363852          381738 0.962995  2867.19     -0.0861654
  0.488     600.588    -763.353    -549.657     318.736   348079   363852   381262          348079          363852          381262 0.964329  2866.71     -0.0811597
   0.49     595.503    -763.989    -549.022     316.679   347814   363852   380873          347814          363852          380873 0.964333  2866.26     -0.0762135
  0.492     590.462    -764.628     -548.39     314.668   347484   363852   380413          347484          363852          380413 0.964136  2865.84      -0.071328
  0.494     585.465    -765.267    -547.763     312.704   347131   363852   379914          347131          363852          379914 0.963872  2865.44     -0.0665046
  0.496     580.512    -765.909    -547.139     310.788   346513   363852   379491          346513          363852          379491 0.965385  2865.08      -0.061745
  0.498     575.601    -766.552     -546.52     308.922   346097   358183   379012          346097          358183          379012 0.965577  2864.74     -0.0570508
    0.5     570.733    -767.196    -545.904     307.107   345587   358183   378469          345587          358183          378469 0.966023  2864.42     -0.0524238
  0.502     565.907    -767.842    -545.291     305.343   345316   358183   377842          345316          358183          377842 0.964744  2864.13      -0.047866
  0.504     561.121    -768.489    -544.682     303.631   344845   358183   377278          344845          358183          377278 0.964988  2863.87      -0.043379
  0.506     556.377    -769.138    -544.077     301.971   344524   358183   376778          344524          358183          376778 0.964762  2863.64     -0.0389645
  0.508     551.673    -769.789    -543.474     300.363   344161   358183   376082          344161          358183          376082 0.963751  2863.43     -0.0346243
   0.51     547.008     -770.44    -542.875     298.807   343937   358183   375829          343937          358183          375829 0.964487  2863.24     -0.0303597
  0.512     542.383    -771.093    -542.279     297.301   343641   358183   375153          343641          358183          375153 0.963049  2863.08     -0.0261723
  0.514     537.796    -771.748    -541.686     295.845   343230   358183   374651          343230          358183          374651 0.963485  2862.94     -0.0220632
  0.516     533.247    -772.404    -541.096     294.435   342819   358183   374281          342819          358183          374281 0.964741  2862.83     -0.0180337
  0.518     528.737    -773.061    -540.508     293.069   342560   358183   373990          342560          358183          373990 0.965473  2862.73     -0.0140845
   0.52     524.263     -773.72    -539.923     291.745   342257   358019   373472          342257          358019          373472 0.965152  2862.67     -0.0102167
  0.522     519.826    -774.379    -539.341     290.461   342030   356923   373090          342030          356923          373090 0.965142  2862.62    -0.00643066
  0.524     515.426    -775.041    -538.762     289.211   341764   356923   372739          341764          356923          372739 0.965456  2862.59      -0.002727
  0.526     511.061    -775.703    -538.184     287.995   341468   356923   372318          341468          356923          372318 0.965505  2862.59    0.000894035
  0.528     506.732    -776.367     -537.61     286.807   341052   356923   372026          341052          356923          372026 0.967109   2862.6     0.00443237
   0.53     502.439    -777.032    -537.037     285.644   340689   354799   371641          340689          354799          371641 0.967845  2862.64     0.00788811
  0.532     498.179    -777.698    -536.467     284.504   340469   354799   371162          340469          354799          371162 0.967213  2862.69      0.0112616
  0.534     493.954    -778.366    -535.899     283.383   340141   354799   370654          340141          354799          370654 0.96708  2862.77      0.0145533
  0.536     489.763    -779.034    -535.333     282.277   339942   354799   370373          339942          354799          370373 0.967524  2862.86       0.017764
  0.538     485.605    -779.704     -534.77     281.184   339772   354799   370085          339772          354799          370085 0.967652  2862.97      0.0208946
   0.54      481.48    -780.375    -534.209     280.102   339641   354799   369601          339641          354799          369601 0.9663   2863.1      0.0239465
  0.542     477.388    -781.048     -533.65     279.028   339365   354799   369323          339365          354799          369323  0.967  2863.24       0.026921
  0.544     473.328    -781.721    -533.093      277.96   339049   352568   369052          339049          352568          369052 0.967866  2863.41      0.0298198
  0.546       469.3    -782.396    -532.538     276.897   338906   352568   368648          338906          352568          368648 0.966919  2863.58      0.0326448
  0.548     465.304    -783.072    -531.985     275.839   338725   352568   368095          338725          352568          368095 0.9653  2863.78      0.0353983
   0.55     461.338    -783.749    -531.434     274.783   338391   352568   367731          338391          352568          367731 0.965705  2863.99      0.0380826
  0.552     457.404    -784.427    -530.886      273.73   338152   352568   367375          338152          352568          367375 0.965617  2864.22      0.0407003
  0.554     453.499    -785.106    -530.339     272.681   337903   352568   366884          337903          352568          366884 0.964767  2864.46      0.0432544
  0.556     449.625    -785.786    -529.795     271.635   337544   351609   366477          337544          351609          366477 0.965067  2864.71      0.0457479
  0.558     445.781    -786.467    -529.253     270.594   337238   351609   366046          337238          351609          366046 0.964955  2864.98       0.048184
   0.56     441.966     -787.15    -528.713     269.559   337113   351609   365740          337113          351609          365740 0.964523  2865.26      0.0505663
  0.562      438.18    -787.833    -528.175     268.532   336875   351609   365515          336875          351609          365515 0.965056  2865.56      0.0528982
  0.564     434.422    -788.518    -527.639     267.514   336569   348080   365189          336569          348080          365189 0.965361  2865.87      0.0551837
  0.566     430.694    -789.204    -527.105     266.508   336429   348080   364982          336429          348080          364982 0.965287  2866.19      0.0574265
  0.568     426.993     -789.89    -526.573     265.515   335944   348080   364701          335944          348080          364701 0.966697  2866.53      0.0596306
   0.57      423.32    -790.578    -526.043     264.539   335721   348080   364471          335721          348080          364471 0.966894  2866.88         0.0618
  0.572     419.674    -791.267    -525.514     263.582   335490   348080   364200          335490          348080          364200 0.966837  2867.24      0.0639389
  0.574     416.056    -791.956    -524.988     262.646   335313   348080   363953          335313          348080          363953 0.966523  2867.61      0.0660513
  0.576     412.464    -792.647    -524.464     261.735   335117   344904   363363          335117          344904          363363 0.964276  2867.99      0.0681412
  0.578     408.899    -793.339    -523.941      260.85   334866   344904   362870          334866          344904          362870 0.962972  2868.39      0.0702127
   0.58     405.361    -794.031     -523.42     259.995   334607   344629   362555          334607          344629          362555 0.962805   2868.8      0.0722698
  0.582     401.848    -794.725    -522.901     259.172   334167   344629   362142          334167          344629          362142 0.963122  2869.22      0.0743162
  0.584     398.361     -795.42    -522.384     258.383   334073   344629   361644          334073          344629          361644 0.960808  2869.65      0.0763558
  0.586     394.899    -796.115    -521.868      257.63   333898   344629   361261          333898          344629          361261 0.959722   2870.1      0.0783922
  0.588     391.463    -796.812    -521.353     256.916   333666   344629   361057          333666          344629          361057 0.960084  2870.55      0.0804286
   0.59     388.051    -797.509     -520.84     256.242   333323   344629   360697          333323          344629          360697 0.960143  2871.02      0.0824684
  0.592     384.664    -798.207    -520.328      255.61   333036   344629   360478          333036          344629          360478 0.960829   2871.5      0.0845144
  0.594     381.301    -798.907    -519.818     255.022   332900   344629   360163          332900          344629          360163 0.959729  2871.99      0.0865695
  0.596     377.963    -799.607    -519.308     254.478   332742   344629   359885          332742          344629          359885 0.95896  2872.49      0.0886362
  0.598     374.648    -800.308      -518.8     253.978   332174   344629   359577          332174          344629          359577 0.960813  2873.01      0.0907165
    0.6     371.357     -801.01    -518.292     253.525   331770   344629   359327          331770          344629          359327 0.962116  2873.54      0.0928125
  0.602     368.089    -801.713    -517.785     253.117   331543   344018   359120          331543          344018          359120 0.962506  2874.08      0.0949257
  0.604     364.845    -802.416     -517.28     252.755   331259   344018   358843          331259          344018          358843 0.962823  2874.63      0.0970575
  0.606     361.623    -803.121    -516.774     252.439   330952   344018   358630          330952          344018          358630 0.963723  2875.19      0.0992088
  0.608     358.424    -803.826     -516.27     252.167   330772   342969   358381          330772          342969          358381 0.963503  2875.77        0.10138
   0.61     355.247    -804.533    -515.766      251.94   330621   342969   358197          330621          342969          358197 0.963435  2876.36       0.103572
  0.612     352.092     -805.24    -515.262     251.755   330411   342969   357831          330411          342969          357831 0.962459  2876.96       0.105785
  0.614      348.96    -805.948    -514.759     251.612   330300   342969   357525          330300          342969          357525 0.961186  2877.58       0.108017
  0.616     345.849    -806.657    -514.256     251.509   330182   342969   357225          330182          342969          357225 0.959978   2878.2       0.110269
  0.618     342.759    -807.367    -513.753     251.443   329708   342969   357005          329708          342969          357005 0.961848  2878.85        0.11254
   0.62     339.691    -808.077     -513.25     251.414   329522   342969   356781          329522          342969          356781 0.961714   2879.5       0.114828
  0.622     336.644    -808.789    -512.747     251.418   329296   342826   356399          329296          342826          356399 0.96076  2880.17       0.117132
  0.624     333.618    -809.501    -512.244     251.453   329043   342826   356105          329043          342826          356105 0.960667  2880.85       0.119449
  0.626     330.613    -810.214    -511.741     251.516   328651   342826   355907          328651          342826          355907 0.962307  2881.54       0.121779
  0.628     327.628    -810.928    -511.238     251.606   328471   342826   355563          328471          342826          355563 0.961394  2882.25       0.124118
   0.63     324.663    -811.643    -510.735     251.718   328299   342445   355389          328299          342445          355389 0.961627  2882.98       0.126464
  0.632     321.719    -812.359    -510.231      251.85   328055   340576   355192          328055          340576          355192 0.962152  2883.71       0.128814
  0.634     318.794    -813.075    -509.727         252   327893   340576   354974          327893          340576          354974 0.961922  2884.46       0.131165
  0.636     315.889    -813.793    -509.223     252.163   327685   340576   354801          327685          340576          354801 0.96227  2885.22       0.133514
  0.638     313.004    -814.511    -508.719     252.338   327333   340576   354345          327333          340576          354345 0.961711     2886       0.135859
   0.64     310.138     -815.23    -508.214     252.521   327179   340576   353982          327179          340576          353982 0.96052  2886.79       0.138195
  0.642     307.291     -815.95    -507.708     252.709   327008   340576   353780          327008          340576          353780 0.960532   2887.6        0.14052
  0.644     304.463     -816.67    -507.203     252.899   326695   340576   353601          326695          340576          353601 0.961661  2888.42        0.14283
  0.646     301.653    -817.392    -506.697     253.088   326346   340576   353371          326346          340576          353371 0.962741  2889.25       0.145121
  0.648     298.863    -818.114    -506.191     253.273   326146   340576   353171          326146          340576          353171 0.96299  2890.09       0.147391
   0.65     296.091    -818.837    -505.684     253.453   325837   340576   353061          325837          340576          353061 0.964625  2890.95       0.149636
  0.652     293.337    -819.561    -505.177     253.624   325613   340576   352879          325613          340576          352879 0.965148  2891.82       0.151853
  0.654     290.601    -820.286    -504.669     253.784   325502   340576   352663          325502          340576          352663 0.964602  2892.71       0.154039
  0.656     287.883    -821.012    -504.162     253.931   325132   340576   352466          325132          340576          352466 0.965939  2893.61       0.156191
  0.658     285.183    -821.738    -503.654     254.062   324976   340576   352286          324976          340576          352286 0.965977  2894.52       0.158306
   0.66       282.5    -822.465    -503.145     254.177   324793   340576   352048          324793          340576          352048 0.965763  2895.44       0.160382
  0.662     279.835    -823.193    -502.637     254.272   324649   340576   351882          324649          340576          351882 0.965742  2896.37       0.162415
  0.664     277.188    -823.922    -502.128     254.348   324303   340145   351721          324303          340145          351721 0.967045  2897.32       0.164405
  0.666     274.557    -824.652     -501.62     254.402   323988   340108   351517          323988          340108          351517 0.967843  2898.28       0.166349
  0.668     271.943    -825.382    -501.111     254.434   323909   340108   351310          323909          340108          351310 0.967174  2899.25       0.168245
   0.67     269.346    -826.114    -500.602     254.443   323705   340108   350919          323705          340108          350919 0.966151  2900.23       0.170092
  0.672     266.766    -826.846    -500.093     254.427   323335   340108   350744          323335          340108          350744 0.9675  2901.22       0.171889
  0.674     264.202    -827.579    -499.584     254.388   323114   340108   350605          323114          340108          350605 0.968149  2902.22       0.173635
  0.676     261.655    -828.312    -499.075     254.324   322726   337280   350511          322726          337280          350511 0.96999  2903.24       0.175328
  0.678     259.124    -829.047    -498.567     254.235   322645   334167   350253          322645          334167          350253 0.969095  2904.26        0.17697
   0.68     256.608    -829.782    -498.058     254.122   322551   334167   350063          322551          334167          350063 0.968602  2905.29       0.178559
  0.682     254.109    -830.518     -497.55     253.985   322222   334167   349828          322222          334167          349828 0.969205  2906.34       0.180096
  0.684     251.626    -831.255    -497.043     253.825   321892   334167   349573          321892          334167          349573 0.969744  2907.39       0.181581
  0.686     249.158    -831.993    -496.535     253.642   321678   331811   349379          321678          331811          349379 0.970025  2908.45       0.183015
  0.688     246.706    -832.731    -496.028     253.437   321489   331811   349097          321489          331811          349097 0.969635  2909.52       0.184399
   0.69     244.269     -833.47    -495.521     253.211   321328   331811   348779          321328          331811          348779 0.968867  2910.59       0.185733
  0.692     241.847     -834.21    -495.015     252.966   321219   331811   348508          321219          331811          348508 0.968035  2911.68        0.18702
  0.694      239.44    -834.951    -494.509     252.701   321066   331811   348314          321066          331811          348314 0.967938  2912.77        0.18826
  0.696     237.048    -835.692    -494.004      252.42   320975   331811   348139          320975          331811          348139 0.967516  2913.87       0.189455
  0.698     234.671    -836.434      -493.5     252.122   320642   331811   347854          320642          331811          347854 0.967978  2914.98       0.190606
    0.7     232.309    -837.177    -492.996      251.81   320418   331811   347558          320418          331811          347558 0.967742  2916.09       0.191717
  0.702     229.961    -837.921    -492.493     251.484   320294   331811   347300          320294          331811          347300 0.967095  2917.22       0.192788
  0.704     227.627    -838.666     -491.99     251.147   320173   331329   347040          320173          331329          347040 0.966409  2918.34       0.193822
  0.706     225.308    -839.411    -491.488       250.8   319945   330809   346863          319945          330809          346863 0.966984  2919.48        0.19482
  0.708     223.003    -840.157    -490.987     250.444   319901   330809   346630          319901          330809          346630 0.965908  2920.62       0.195786
   0.71     220.712    -840.904    -490.486     250.081   319811   330809   346452          319811          330809          346452 0.965453  2921.76       0.196722
  0.712     218.435    -841.651    -489.986     249.713   319613   330809   346239          319613          330809          346239 0.965494  2922.92       0.197629
  0.714     216.172    -842.399    -489.487     249.341   319447   330809   346079          319447          330809          346079 0.965649  2924.08       0.198511
  0.716     213.922    -843.148    -488.989     248.967   319371   330809   345905          319371          330809          345905 0.965038  2925.24       0.199368
  0.718     211.686    -843.898    -488.492     248.592   319111   330809   345735          319111          330809          345735 0.965735  2926.41       0.200205
   0.72     209.463    -844.648    -487.995     248.218   319005   330809   345591          319005          330809          345591 0.965509  2927.58       0.201023
  0.722     207.254    -845.399    -487.499     247.845   318776   330809   345342          318776          330809          345342 0.965403  2928.76       0.201824
  0.724     205.058    -846.151    -487.003     247.476   318640   330809   345164          318640          330809          345164 0.965149  2929.95        0.20261
  0.726     202.875    -846.904    -486.509     247.112   318542   330809   345028          318542          330809          345028 0.964886  2931.14       0.203384
  0.728     200.704    -847.657    -486.015     246.753   318309   330809   344868          318309          330809          344868 0.965378  2932.33       0.204147
   0.73     198.547    -848.411    -485.522     246.402   318111   330809   344691          318111          330809          344691 0.965526  2933.53       0.204903
  0.732     196.402    -849.165    -485.029     246.058   318024   330809   344457          318024          330809          344457 0.964439  2934.74       0.205652
  0.734      194.27     -849.92    -484.537     245.724   317936   330809   344305          317936          330809          344305 0.963909  2935.95       0.206397
  0.736     192.151    -850.676    -484.046     245.401   317872   330802   344161          317872          330802          344161 0.963194  2937.16       0.207139
  0.738     190.044    -851.433    -483.556     245.088   317732   330802   343888          317732          330802          343888 0.96205  2938.38        0.20788
   0.74     187.949     -852.19    -483.066     244.788   317351   330802   343729          317351          330802          343729 0.963446   2939.6       0.208621
  0.742     185.867    -852.948    -482.577       244.5   317267   330802   343541          317267          330802          343541 0.962576  2940.83       0.209365
  0.744     183.796    -853.707    -482.088     244.226   316848   330802   343411          316848          330802          343411 0.964424  2942.07       0.210113
  0.746     181.738    -854.466      -481.6     243.966   316580   328694   343242          316580          328694          343242 0.965005   2943.3       0.210866
  0.748     179.691    -855.226    -481.112      243.72   316349   328694   343034          316349          328694          343034 0.965116  2944.55       0.211625
   0.75     177.657    -855.987    -480.625     243.491   316147   328694   342876          316147          328694          342876 0.965368   2945.8       0.212391
  0.752     175.633    -856.748    -480.138     243.277   316023   328694   342624          316023          328694          342624 0.964437  2947.05       0.213166
  0.754     173.622     -857.51    -479.652     243.079   315833   328694   342477          315833          328694          342477 0.964664  2948.31       0.213951
  0.756     171.622    -858.273    -479.166     242.898   315603   328694   342272          315603          328694          342272 0.964761  2949.57       0.214747
  0.758     169.634    -859.036     -478.68     242.734   315335   328694   341893          315335          328694          341893 0.963976  2950.84       0.215554
   0.76     167.656      -859.8    -478.195     242.587   315233   328694   341774          315233          328694          341774 0.963884  2952.12       0.216374
  0.762      165.69    -860.564     -477.71     242.457   315003   328694   341597          315003          328694          341597 0.964238   2953.4       0.217207
  0.764     163.735    -861.329    -477.225     242.345   314816   325954   341417          314816          325954          341417 0.964297  2954.68       0.218054
  0.766     161.792    -862.095     -476.74     242.252   314727   325954   341238          314727          325954          341238 0.963648  2955.98       0.218915
  0.768     159.859    -862.862    -476.256     242.175   314481   325954   341097          314481          325954          341097 0.964296  2957.27       0.219792
   0.77     157.937    -863.629    -475.772     242.117   314263   325954   340914          314263          325954          340914 0.964487  2958.58       0.220684
  0.772     156.026    -864.397    -475.288     242.077   314142   325954   340715          314142          325954          340715 0.963895  2959.88       0.221593
  0.774     154.125    -865.165    -474.803     242.055   313948   325725   340552          313948          325725          340552 0.964027   2961.2       0.222518
  0.776     152.235    -865.934    -474.319     242.051   313800   325725   340238          313800          325725          340238 0.962846  2962.52       0.223461
  0.778     150.356    -866.704    -473.835     242.066   313742   325725   340040          313742          325725          340040 0.96178  2963.85       0.224421
   0.78     148.487    -867.474    -473.351     242.098   313616   325725   339571          313616          325725          339571 0.959303  2965.18       0.225398
  0.782     146.628    -868.245    -472.867     242.147   313087   325725   339336          313087          325725          339336 0.961397  2966.52       0.226394
  0.784      144.78    -869.016    -472.382     242.215   312942   325725   339171          312942          325725          339171 0.961372  2967.87       0.227409
  0.786     142.942    -869.788    -471.898       242.3   312772   325725   339023          312772          325725          339023 0.961598  2969.22       0.228441
  0.788     141.114    -870.561    -471.413     242.403   312474   325725   338615          312474          325725          338615 0.960943  2970.58       0.229493
   0.79     139.296    -871.335    -470.928     242.522   312331   325725   338481          312331          325725          338481 0.961159  2971.95       0.230564
  0.792     137.488    -872.109    -470.443     242.659   312174   325725   338347          312174          325725          338347 0.961427  2973.32       0.231653
  0.794      135.69    -872.883    -469.958     242.813   311964   325725   338170          311964          325725          338170 0.961742   2974.7       0.232762
  0.796     133.902    -873.658    -469.472     242.983   311802   325725   337949          311802          325725          337949 0.961419  2976.09        0.23389
  0.798     132.123    -874.434    -468.986      243.17   311634   325725   337727          311634          325725          337727 0.961117  2977.49       0.235038
    0.8     130.354    -875.211    -468.499     243.373   311427   325725   337613          311427          325725          337613 0.961789  2978.89       0.236205
  0.802     128.595    -875.988    -468.012     243.592   311374   325725   337415          311374          325725          337415 0.960805   2980.3       0.237391
  0.804     126.845    -876.765    -467.525     243.827   311247   325725   337341          311247          325725          337341 0.96111  2981.72       0.238597
  0.806     125.105    -877.544    -467.037     244.077   310864   325725   337280          310864          325725          337280 0.963166  2983.15       0.239822
  0.808     123.374    -878.323    -466.548     244.342   310738   325725   336912          310738          325725          336912 0.961533  2984.58       0.241067
   0.81     121.652    -879.102     -466.06     244.622   310531   325016   336770          310531          325016          336770 0.961898  2986.03       0.242331
  0.812      119.94    -879.882     -465.57     244.917   310424   321501   336596          310424          321501          336596 0.961358  2987.48       0.243613
  0.814     118.237    -880.663     -465.08     245.225   310208   321501   336322          310208          321501          336322 0.960868  2988.94       0.244915
  0.816     116.543    -881.445    -464.589     245.548   310041   321501   336208          310041          321501          336208 0.961109  2990.41       0.246236
  0.818     114.858    -882.227    -464.098     245.884   309853   321501   336070          309853          321501          336070 0.961292  2991.88       0.247575
   0.82     113.181    -883.009    -463.606     246.233   309609   321501   335956          309609          321501          335956 0.961977  2993.37       0.248933
  0.822     111.514    -883.793    -463.113     246.595   309350   321501   335748          309350          321501          335748 0.962181  2994.86       0.250309
  0.824     109.856    -884.576    -462.619      246.97   309178   321501   335569          309178          321501          335569 0.96198  2996.37       0.251702
  0.826     108.206    -885.361    -462.125     247.357   309070   321501   335327          309070          321501          335327 0.960896  2997.88       0.253114
  0.828     106.565    -886.146     -461.63     247.756   308866   321501   335137          308866          321501          335137 0.96082   2999.4       0.254542
   0.83     104.933    -886.932    -461.134     248.165   308581   320465   335005          308581          320465          335005 0.961684  3000.93       0.255988
  0.832      103.31    -887.718    -460.637     248.586   308459   320465   334817          308459          320465          334817 0.961039  3002.47        0.25745
  0.834     101.694    -888.505    -460.139     249.018   308368   320465   334680          308368          320465          334680 0.960495  3004.03       0.258928
  0.836     100.088    -889.292    -459.641      249.46   308247   320450   334501          308247          320450          334501 0.959796  3005.59       0.260422
  0.838     98.4896    -890.081    -459.142     249.911   307860   320450   334315          307860          320450          334315 0.960945  3007.16       0.261932
   0.84     96.8998    -890.869    -458.641     250.372   307750   320450   334250          307750          320450          334250 0.960986  3008.74       0.263456
  0.842     95.3182    -891.659     -458.14     250.843   307481   320450   334136          307481          320450          334136 0.961746  3010.33       0.264994
  0.844     93.7448    -892.449    -457.638     251.321   307257   320450   333958          307257          320450          333958 0.961785  3011.93       0.266547
  0.846     92.1797     -893.24    -457.135     251.808   306962   320450   333690          306962          320450          333690 0.961739  3013.54       0.268112
  0.848     90.6226    -894.031    -456.631     252.302   306655   320450   333537          306655          320450          333537 0.96259  3015.16       0.269691
   0.85     89.0736    -894.823    -456.126     252.804   306431   320450   333425          306431          320450          333425 0.963202  3016.79       0.271281
  0.852     87.5326    -895.615    -455.619     253.313   306291   320450   333325          306291          320450          333325 0.963266  3018.43       0.272883
  0.854     85.9996    -896.409    -455.112     253.828   306113   320450   333212          306113          320450          333212 0.963485  3020.09       0.274496
  0.856     84.4744    -897.202    -454.604     254.349   305770   320450   333124          305770          320450          333124 0.965017  3021.75       0.276119
  0.858     82.9571    -897.997    -454.095     254.876   305645   320450   332795          305645          320450          332795 0.963434  3023.42       0.277752
   0.86     81.4476    -898.792    -453.585     255.408   305361   320450   332645          305361          320450          332645 0.96419  3025.11       0.279394
  0.862     79.9458    -899.587    -453.073     255.945   305150   320450   332580          305150          320450          332580 0.965026   3026.8       0.281044
  0.864     78.4517    -900.384    -452.561     256.487   304952   320450   332418          304952          320450          332418 0.965105  3028.51       0.282702
  0.866     76.9653    -901.181    -452.047     257.032   304836   320450   332358          304836          320450          332358 0.965293  3030.23       0.284367
  0.868     75.4864    -901.978    -451.533     257.581   304582   320450   332286          304582          320450          332286 0.966265  3031.96       0.286038
   0.87      74.015    -902.777    -451.017     258.133   304473   319945   332206          304473          319945          332206 0.9662   3033.7       0.287715
  0.872     72.5512    -903.575      -450.5     258.687   304287   319945   332085          304287          319945          332085 0.966333  3035.45       0.289397
  0.874     71.0947    -904.375    -449.982     259.244   304032   319945   331976          304032          319945          331976 0.966977  3037.21       0.291083
  0.876     69.6456    -905.175    -449.463     259.804   303967   319945   331902          303967          319945          331902 0.966588  3038.99       0.292774
  0.878     68.2039    -905.976    -448.943     260.364   303782   319945   331811          303782          319945          331811 0.966806  3040.77       0.294467
   0.88     66.7694    -906.777    -448.422     260.927   303694   319945   331600          303694          319945          331600 0.965619  3042.57       0.296163
  0.882     65.3422    -907.579    -447.899      261.49   303064   319945   331507          303064          319945          331507 0.96863  3044.37       0.297861
  0.884     63.9221    -908.382    -447.376     262.054   302927   319945   331411          302927          319945          331411 0.968577  3046.19       0.299561
  0.886     62.5092    -909.185    -446.851     262.618   302785   316195   331334          302785          316195          331334 0.968626  3048.03       0.301261
  0.888     61.1034    -909.989    -446.325     263.182   302496   316195   331127          302496          316195          331127 0.968781  3049.87       0.302962
   0.89     59.7046    -910.794    -445.798     263.746   302366   316195   330994          302366          316195          330994 0.968417  3051.72       0.304663
  0.892     58.3128    -911.599     -445.27     264.309   302081   316195   330851          302081          316195          330851 0.96893  3053.59       0.306362
  0.894      56.928    -912.405    -444.741     264.872   301910   316195   330589          301910          316195          330589 0.968069  3055.46       0.308061
  0.896     55.5501    -913.211    -444.211     265.434   301658   316195   330415          301658          316195          330415 0.968281  3057.35       0.309759
  0.898      54.179    -914.019    -443.679     265.994   301534   316195   330079          301534          316195          330079 0.96677  3059.25       0.311455
    0.9     52.8148    -914.827    -443.147     266.553   301348   316195   329938          301348          316195          329938 0.966809  3061.16       0.313148
  0.902     51.4573    -915.635    -442.613      267.11   301207   315347   329845          301207          315347          329845 0.966824  3063.09       0.314839
  0.904     50.1065    -916.444    -442.078     267.666   301003   315347   329742          301003          315347          329742 0.967137  3065.02       0.316527
  0.906     48.7625    -917.254    -441.543     268.219   300866   315347   329612          300866          315347          329612 0.966855  3066.97       0.318212
  0.908      47.425    -918.064    -441.006     268.771   300665   315347   329409          300665          315347          329409 0.966492  3068.92       0.319894
   0.91     46.0942    -918.876    -440.467      269.32   300538   315347   329229          300538          315347          329229 0.965821  3070.89       0.321573
  0.912       44.77    -919.687    -439.928     269.867   300318   315347   329109          300318          315347          329109 0.966063  3072.87       0.323248
  0.914     43.4522      -920.5    -439.388     270.411   300111   315347   328990          300111          315347          328990 0.966221  3074.87       0.324919
  0.916     42.1409    -921.313    -438.847     270.953   299978   315347   328855          299978          315347          328855 0.965807  3076.87       0.326587
  0.918     40.8361    -922.127    -438.304     271.493   299813   313115   328757          299813          313115          328757 0.965769  3078.89        0.32825
   0.92     39.5376    -922.941    -437.761     272.029   299652   313115   328527          299652          313115          328527 0.964878  3080.91        0.32991
  0.922     38.2455    -923.756    -437.216     272.563   299459   313115   328365          299459          313115          328365 0.964566  3082.95       0.331566
  0.924     36.9597    -924.572     -436.67     273.094   299203   312476   328121          299203          312476          328121 0.964178     3085       0.333217
  0.926     35.6802    -925.388    -436.124     273.622   299051   312476   327983          299051          312476          327983 0.963798  3087.06       0.334865
  0.928     34.4069    -926.205    -435.576     274.147   298785   312476   327738          298785          312476          327738 0.963485  3089.14       0.336509
   0.93     33.1398    -927.023    -435.027      274.67   298625   312476   327621          298625          312476          327621 0.963283  3091.22       0.338148
  0.932     31.8788    -927.841    -434.477     275.189   298216   312476   327490          298216          312476          327490 0.964528  3093.32       0.339784
  0.934      30.624     -928.66    -433.926     275.706   297936   312476   327351          297936          312476          327351 0.964962  3095.43       0.341416
  0.936     29.3752     -929.48    -433.374      276.22   297578   312476   327138          297578          312476          327138 0.965439  3097.55       0.343045
  0.938     28.1325    -930.301    -432.821      276.73   297056   312476   326926          297056          312476          326926 0.967015  3099.68       0.344669
   0.94     26.8958    -931.122    -432.268     277.238   296857   312476   326814          296857          312476          326814 0.967308  3101.82        0.34629
  0.942      25.665    -931.943    -431.713     277.743   296676   312476   326683          296676          312476          326683 0.967368  3103.97       0.347907
  0.944     24.4401    -932.766    -431.157     278.245   296545   312476   326580          296545          312476          326580 0.96728  3106.14        0.34952
  0.946     23.2212    -933.589      -430.6     278.744   296313   312476   326458          296313          312476          326458 0.967673  3108.32        0.35113
  0.948     22.0081    -934.413    -430.042      279.24   296204   312476   326308          296204          312476          326308 0.967131   3110.5       0.352736
   0.95     20.8008    -935.237    -429.483     279.732   295875   312476   326147          295875          312476          326147 0.967844   3112.7       0.354338
  0.952     19.5993    -936.062    -428.923     280.222   295758   312476   326037          295758          312476          326037 0.967602  3114.92       0.355937
  0.954     18.4035    -936.888    -428.362     280.709   295569   312476   325962          295569          312476          325962 0.967951  3117.14       0.357531
  0.956     17.2135    -937.714      -427.8     281.192   294999   312476   325787          294999          312476          325787 0.969957  3119.37       0.359122
  0.958     16.0291    -938.541    -427.237     281.672   294836   312476   325618          294836          312476          325618 0.969723  3121.62       0.360708
   0.96     14.8503    -939.369    -426.673     282.149   294509   312476   325413          294509          312476          325413 0.970232  3123.88        0.36229
  0.962     13.6772    -940.198    -426.108     282.622   294378   312476   325317          294378          312476          325317 0.970272  3126.15       0.363868
  0.964     12.5096    -941.027    -425.543     283.092   294160   309427   325161          294160          309427          325161 0.970447  3128.43       0.365441
  0.966     11.3476    -941.856    -424.976     283.558   294097   309427   325020          294097          309427          325020 0.969815  3130.72       0.367009
  0.968      10.191    -942.687    -424.408      284.02   293894   309427   324628          293894          309427          324628 0.968578  3133.02       0.368571
   0.97     9.03996    -943.518     -423.84     284.479   293599   309427   324519          293599          309427          324519 0.969487  3135.34       0.370128
  0.972     7.89433     -944.35     -423.27     284.934   293386   306566   324381          293386          306566          324381 0.969776  3137.67       0.371678
  0.974      6.7541    -945.182      -422.7     285.384   293293   306566   324154          293293          306566          324154 0.968886     3140       0.373222
  0.976     5.61923    -946.016    -422.129      285.83   293138   306550   324022          293138          306550          324022 0.968862  3142.35       0.374759
  0.978      4.4897     -946.85    -421.557     286.272   293086   306550   323675          293086          306550          323675 0.967021  3144.71       0.376289
   0.98     3.36548    -947.684    -420.984     286.708   292675   306550   323545          292675          306550          323545 0.968511  3147.09       0.377811
  0.982     2.24653    -948.519     -420.41     287.141   292612   306550   323434          292612          306550          323434 0.968112  3149.47       0.379324
  0.984     1.13282    -949.355    -419.835     287.567   292460   306550   323225          292460          306550          323225 0.967621  3151.87       0.380829
  0.986   0.0243136    -950.192     -419.26     287.989   292371   306550   323015          292371          306550          323015 0.966759  3154.27       0.382323
  0.988    -1.07901    -951.029    -418.683     288.405   292166   306550   322877          292166          306550          322877 0.966955  3156.69       0.383808
   0.99    -2.17719    -951.867    -418.106     288.816   292012   306550   322785          292012          306550          322785 0.967128  3159.12       0.385281
  0.992    -3.27025    -952.706    -417.528      289.22   291875   306550   322445          291875          306550          322445 0.965732  3161.56       0.386743
  0.994    -4.35823    -953.545    -416.949     289.619   291566   306550   322299          291566          306550          322299 0.966523  3164.01       0.388193
  0.996    -5.44115    -954.385     -416.37     290.011   291487   306550   322214          291487          306550          322214 0.966304  3166.47       0.389631
  0.998    -6.51905    -955.226    -415.789     290.396   291216   306550   322066          291216          306550          322066 0.966816  3168.94       0.391055
      1    -7.59195    -956.067    -415.208     290.775   291079   305856   321953          291079          305856          321953 0.966753  3171.43       0.392464
  1.002    -8.65989    -956.909    -414.626     291.147   290792   305856   321840          290792          305856          321840 0.967541  3173.92        0.39386
  1.004    -9.72289    -957.752    -414.043     291.511   290715   305424   321685          290715          305424          321685 0.966852  3176.43        0.39524
  1.006     -10.781    -958.595     -413.46     291.868   290553   305424   321543          290553          305424          321543 0.96671  3178.94       0.396604
  1.008    -11.8342     -959.44    -412.876     292.218   290271   305424   321346          290271          305424          321346 0.96697  3181.47       0.397952
   1.01    -12.8826    -960.284    -412.291      292.56   290068   305424   321125          290068          305424          321125 0.966651  3184.01       0.399282
  1.012    -13.9261     -961.13    -411.706     292.893   289780   305010   320913          289780          305010          320913 0.966926  3186.56       0.400596
  1.014    -14.9649    -961.976     -411.12     293.219   289611   305010   320811          289611          305010          320811 0.967144  3189.11       0.401891
  1.016    -15.9989    -962.823    -410.533     293.537   289511   305010   320724          289511          305010          320724 0.96702  3191.68       0.403169
  1.018    -17.0282     -963.67    -409.946     293.846   289269   305010   320566          289269          305010          320566 0.967313  3194.26       0.404427
   1.02    -18.0527    -964.519    -409.358     294.147   289010   305010   320450          289010          305010          320450 0.967937  3196.85       0.405667
  1.022    -19.0726    -965.367    -408.769     294.439   288784   305010   320154          288784          305010          320154 0.96735  3199.45       0.406887
  1.024    -20.0878    -966.217     -408.18     294.724   288720   305010   320040          288720          305010          320040 0.966877  3202.06       0.408088
  1.026    -21.0985    -967.067     -407.59     294.999   288384   305010   319759          288384          305010          319759 0.967012  3204.68        0.40927
  1.028    -22.1045    -967.918        -407     295.266   288173   305010   319657          288173          305010          319657 0.967493   3207.3       0.410432
   1.03    -23.1059     -968.77    -406.409     295.525   288072   305010   319436          288072          305010          319436 0.966669  3209.94       0.411574
  1.032    -24.1028    -969.622    -405.818     295.775   287873   305010   319240          287873          305010          319240 0.966556  3212.59       0.412697
  1.034    -25.0952    -970.475    -405.226     296.017   287616   305010   319135          287616          305010          319135 0.967299  3215.24         0.4138
  1.036    -26.0831    -971.329    -404.634     296.251   287436   305010   318886          287436          305010          318886 0.966771  3217.91       0.414884
  1.038    -27.0665    -972.183    -404.041     296.476   287055   305010   318822          287055          305010          318822 0.968455  3220.58       0.415949
   1.04    -28.0455    -973.038    -403.448     296.694   286880   305010   318599          286880          305010          318599 0.968093  3223.27       0.416996
  1.042    -29.0201    -973.894    -402.854     296.904   286655   305010   318424          286655          305010          318424 0.968277  3225.96       0.418025
  1.044    -29.9903     -974.75     -402.26     297.107   286528   303071   318290          286528          303071          318290 0.968159  3228.66       0.419036
  1.046    -30.9562    -975.607    -401.666     297.303   286279   303071   318159          286279          303071          318159 0.968708  3231.37        0.42003
  1.048    -31.9177    -976.465    -401.071     297.491   286125   301711   317632          286125          301711          317632 0.966671  3234.09       0.421007
   1.05    -32.8749    -977.323    -400.476     297.673   285952   301711   317496          285952          301711          317496 0.966846  3236.82       0.421969
  1.052    -33.8278    -978.183     -399.88     297.849   285771   301711   317381          285771          301711          317381 0.967163  3239.55       0.422917
  1.054    -34.7765    -979.042    -399.284     298.019   285646   301711   317140          285646          301711          317140 0.966477   3242.3        0.42385
  1.056    -35.7209    -979.903    -398.688     298.184   285564   301711   317028          285564          301711          317028 0.966219  3245.05        0.42477
  1.058    -36.6611    -980.764    -398.092     298.343   285442   301711   316946          285442          301711          316946 0.966278  3247.81       0.425679
   1.06    -37.5972    -981.626    -397.495     298.498   285182   301711   316785          285182          301711          316785 0.966622  3250.58       0.426576
  1.062     -38.529    -982.488    -396.898     298.648   285073   301711   316676          285073          301711          316676 0.966426  3253.36       0.427464
  1.064    -39.4568    -983.351      -396.3     298.795   284667   301711   316562          284667          301711          316562 0.967779  3256.14       0.428343
  1.066    -40.3804    -984.215    -395.702     298.938   284538   297056   316398          284538          297056          316398 0.96739  3258.94       0.429214
  1.068    -41.2999     -985.08    -395.104     299.079   284421   297056   316225          284421          297056          316225 0.966877  3261.74        0.43008
   1.07    -42.2154    -985.945    -394.506     299.217   284057   297056   315902          284057          297056          315902 0.966902  3264.55        0.43094
  1.072    -43.1269    -986.811    -393.908     299.354   283896   297056   315689          283896          297056          315689 0.966454  3267.37       0.431797
  1.074    -44.0343    -987.677    -393.309      299.49   283802   297056   315568          283802          297056          315568 0.966135  3270.19       0.432651
  1.076    -44.9377    -988.544     -392.71     299.624   283664   297056   315394          283664          297056          315394 0.965745  3273.03       0.433505
  1.078    -45.8372    -989.412     -392.11     299.759   283572   297056   315122          283572          297056          315122 0.964519  3275.87       0.434358
   1.08    -46.7327    -990.281    -391.511     299.894   283440   297056   314970          283440          297056          314970 0.964161  3278.72       0.435214
  1.082    -47.6242     -991.15    -390.911     300.031   283167   297056   314748          283167          297056          314748 0.964202  3281.58       0.436073
  1.084    -48.5119     -992.02     -390.31     300.168   283002   297056   314531          283002          297056          314531 0.963692  3284.44       0.436937
  1.086    -49.3957     -992.89     -389.71     300.308   282818   297056   314374          282818          297056          314374 0.963605  3287.32       0.437806
  1.088    -50.2756    -993.761    -389.109     300.451   282601   297056   314202          282601          297056          314202 0.96362   3290.2       0.438683
   1.09    -51.1517    -994.633    -388.508     300.596   282373   297056   313980          282373          297056          313980 0.963415  3293.09       0.439569
  1.092     -52.024    -995.506    -387.907     300.746   282180   297056   313825          282180          297056          313825 0.963402  3295.99       0.440465
  1.094    -52.8925    -996.379    -387.305       300.9   282004   297056   313495          282004          297056          313495 0.962335   3298.9       0.441372
  1.096    -53.7572    -997.253    -386.703     301.058   281851   297056   313382          281851          297056          313382 0.962333  3301.81       0.442292
  1.098    -54.6182    -998.127    -386.101     301.222   281714   297056   313272          281714          297056          313272 0.962222  3304.74       0.443226
    1.1    -55.4754    -999.002    -385.498     301.391   281166   295041   313176          281166          295041          313176 0.964507  3307.67       0.444176
  1.102    -56.3289    -999.878    -384.895     301.567   280977   295041   312971          280977          295041          312971 0.964186  3310.62       0.445141
  1.104    -57.1787    -1000.75    -384.292     301.749   280624   295041   312695          280624          295041          312695 0.964443  3313.57       0.446125
  1.106    -58.0249    -1001.63    -383.688     301.938   280489   295041   312588          280489          295041          312588 0.964454  3316.53       0.447127
  1.108    -58.8674    -1002.51    -383.084     302.135   280322   295041   312419          280322          295041          312419 0.96426   3319.5       0.448148
