# n_walkers  560  n_cull  1  simple log(alpha)  -0.001784121793501292
#   T     log_Z(T)      F(T)        U(T)       Cvp(T)    low_pct_i(T) mode_i(T) high_pct_i(T) low_pct_iter(T)  mode_iter(T)   high_pct_iter(T) Z_fract(T)   V(T)   thermal_exp(T)
   0.01     58749.6    -597.249    -596.008     121.269   543105   543150   543150          543105          543150          543150 0.872665  3031.87      0.0423147
  0.012     48796.1    -597.258    -595.765     121.274   543092   543150   543150          543092          543150          543150 0.870339   3032.1      0.0335919
  0.014     41686.5    -597.267    -595.523      121.26   543081   543150   543150          543081          543150          543150 0.862949  3032.29      0.0270341
  0.016     36354.4    -597.276     -595.28     121.242   543065   543150   543150          543065          543150          543150 0.873253  3032.43       0.022004
  0.018     32207.2    -597.286    -595.038     121.229   543051   543150   543150          543051          543150          543150 0.875547  3032.55      0.0181074
   0.02     28889.4    -597.296    -594.795     121.223   543029   543150   543150          543029          543150          543150 0.897668  3032.66      0.0150444
  0.022     26174.9    -597.306    -594.553     121.227   543017   543150   543150          543017          543150          543150 0.898817  3032.74      0.0125874
  0.024     23912.8    -597.316     -594.31      121.24   543002   543150   543150          543002          543150          543150 0.904061  3032.81      0.0105698
  0.026     21998.7    -597.327    -594.068     121.259   542993   543150   543150          542993          543150          543150 0.899167  3032.87     0.00887352
  0.028     20358.1    -597.338    -593.825     121.284   542975   543150   543150          542975          543150          543150 0.908742  3032.92      0.0074174
   0.03     18936.2    -597.349    -593.583     121.313   542966   543150   543150          542966          543150          543150 0.903727  3032.96     0.00614616
  0.032     17692.1     -597.36     -593.34     121.346   542955   543150   543150          542955          543150          543150 0.900638  3032.99     0.00502246
  0.034     16594.4    -597.371    -593.097      121.38   542937   543150   543150          542937          543150          543150 0.90525  3033.02     0.00402093
  0.036     15618.6    -597.383    -592.855     121.416   542925   543150   543150          542925          543150          543150 0.902824  3033.04     0.00312395
  0.038     14745.5    -597.394    -592.612     121.454   542919   543150   543150          542919          543150          543150 0.893592  3033.06     0.00231882
   0.04     13959.8    -597.406    -592.369     121.492   542905   543150   543150          542905          543150          543150 0.891828  3033.07     0.00159595
  0.042     13248.9    -597.418    -592.126     121.531   542891   543150   543150          542891          543150          543150 0.889416  3033.08    0.000947629
  0.044     12602.6     -597.43    -591.883      121.57   542880   543150   543150          542880          543150          543150 0.884024  3033.08    0.000367338
  0.046     12012.5    -597.442    -591.639     121.611   542868   543150   543150          542868          543150          543150 0.87926  3033.08   -0.000150677
  0.048     11471.6    -597.455    -591.396     121.653   542849   543150   543150          542849          543150          543150 0.879715  3033.08   -0.000611649
   0.05       10974    -597.467    -591.153     121.695   542827   543150   543150          542827          543150          543150 0.881887  3033.07    -0.00102043
  0.052     10514.6     -597.48    -590.909     121.739   542804   543150   543150          542804          543150          543150 0.884529  3033.07    -0.00138154
  0.054     10089.3    -597.493    -590.666     121.784   542790   543150   543150          542790          543150          543150 0.880835  3033.06    -0.00169922
  0.056     9694.36    -597.506    -590.422     121.831   542780   543150   543150          542780          543150          543150 0.874342  3033.05    -0.00197743
  0.058     9326.67    -597.519    -590.179      121.88   542743   543150   543150          542743          543150          543150 0.883877  3033.03    -0.00221988
   0.06     8983.49    -597.532    -589.935      121.93   542711   543150   543150          542711          543150          543150 0.890069  3033.02    -0.00243001
  0.062     8662.45    -597.545    -589.691     121.982   542683   543150   543150          542683          543150          543150 0.894084     3033    -0.00261101
  0.064     8361.47    -597.558    -589.447     122.036   542658   543150   543150          542658          543150          543150 0.896151  3032.99    -0.00276583
  0.066     8078.74    -597.572    -589.203     122.092   542641   543150   543150          542641          543150          543150 0.894032  3032.97    -0.00289718
  0.068     7812.65    -597.586    -588.958     122.151   542617   543150   543150          542617          543150          543150 0.894873  3032.95    -0.00300756
   0.07     7561.76      -597.6    -588.714     122.212   542605   543150   543150          542605          543150          543150 0.890151  3032.93    -0.00309924
  0.072     7324.81    -597.613     -588.47     122.275   542582   543150   543150          542582          543150          543150 0.889857  3032.91    -0.00317432
  0.074     7100.67    -597.628    -588.225      122.34   542552   543150   543150          542552          543150          543150 0.892157   3032.9     -0.0032347
  0.076     6888.33    -597.642     -587.98     122.409   542529   543150   543150          542529          543150          543150 0.891303  3032.88    -0.00328212
  0.078     6686.88    -597.656    -587.735      122.48   542499   543150   543150          542499          543150          543150 0.892663  3032.86    -0.00331816
   0.08      6495.5     -597.67     -587.49     122.554   542479   543150   543150          542479          543150          543150 0.890152  3032.84    -0.00334427
  0.082     6313.46    -597.685    -587.245     122.631   542449   543150   543150          542449          543150          543150 0.890767  3032.82    -0.00336176
  0.084      6140.1      -597.7        -587     122.711   542428   543150   543150          542428          543150          543150 0.888097  3032.79    -0.00337183
  0.086     5974.79    -597.715    -586.754     122.795   542410   543150   543150          542410          543150          543150 0.884146  3032.77    -0.00337555
  0.088        5817     -597.73    -586.509     122.883   542378   543150   543150          542378          543150          543150 0.884333  3032.75    -0.00337394
   0.09     5666.23    -597.745    -586.263     122.974   542353   543150   543150          542353          543150          543150 0.882102  3032.73    -0.00336789
  0.092     5522.01     -597.76    -586.017     123.069   542330   543150   543150          542330          543150          543150 0.878911  3032.71    -0.00335825
  0.094     5383.93    -597.775     -585.77     123.169   542289   543150   543150          542289          543150          543150 0.880425  3032.69    -0.00334577
  0.096     5251.61    -597.791    -585.524     123.273   542245   543150   543150          542245          543150          543150 0.882513  3032.67    -0.00333115
  0.098     5124.69    -597.806    -585.277     123.383   542224   543150   543150          542224          543150          543150 0.878273  3032.65    -0.00331506
    0.1     5002.84    -597.822     -585.03     123.498   542153   543150   543150          542153          543150          543150 0.886208  3032.63    -0.00329809
  0.102     4885.78    -597.838    -584.783     123.618   542111   543150   543150          542111          543150          543150 0.886892  3032.61    -0.00328082
  0.104     4773.22    -597.854    -584.536     123.745   542083   543150   543150          542083          543150          543150 0.88403  3032.59    -0.00326377
  0.106     4664.91     -597.87    -584.288     123.878   542029   543150   543150          542029          543150          543150 0.886548  3032.57    -0.00324746
  0.108     4560.61    -597.887     -584.04     124.018   541995   543150   543150          541995          543150          543150 0.884482  3032.55    -0.00323235
   0.11      4460.1    -597.903    -583.792     124.166   541970   543150   543150          541970          543150          543150 0.880172  3032.53    -0.00321891
  0.112     4363.19     -597.92    -583.544     124.322   541923   543150   543150          541923          543150          543150 0.879864  3032.51     -0.0032076
  0.114     4269.68    -597.936    -583.295     124.486   541871   543150   543150          541871          543150          543150 0.880227  3032.49    -0.00319885
  0.116     4179.39    -597.953    -583.046      124.66   541797   543150   543150          541797          543150          543150 0.884415  3032.48    -0.00319308
  0.118     4092.17     -597.97    -582.796     124.844   541753   543150   543150          541753          543150          543150 0.882839  3032.46    -0.00319074
   0.12     4007.85    -597.988    -582.546     125.039   541689   543150   543150          541689          543150          543150 0.884178  3032.44    -0.00319226
  0.122      3926.3    -598.005    -582.296     125.245   541602   543150   543150          541602          543150          543150 0.889068  3032.42    -0.00319806
  0.124     3847.39    -598.023    -582.045     125.463   541543   543150   543150          541543          543150          543150 0.889069   3032.4     -0.0032086
  0.126     3770.98    -598.041    -581.794     125.695   541462   543150   543150          541462          543150          543150 0.892161  3032.38    -0.00322433
  0.128     3696.96    -598.059    -581.543     125.941   541400   543150   543150          541400          543150          543150 0.89204  3032.36    -0.00324572
   0.13     3625.21    -598.077    -581.291     126.202   541330   543150   543150          541330          543150          543150 0.892692  3032.34    -0.00327328
  0.132     3555.65    -598.095    -581.038      126.48   541257   543150   543150          541257          543150          543150 0.893272  3032.32    -0.00330752
  0.134     3488.16    -598.114    -580.785     126.776   541209   543150   543150          541209          543150          543150 0.890139   3032.3    -0.00334898
  0.136     3422.65    -598.132    -580.531     127.091   541172   543150   543150          541172          543150          543150 0.885133  3032.28    -0.00339825
  0.138     3359.05    -598.151    -580.276     127.427   541057   543150   543150          541057          543150          543150 0.889101  3032.26    -0.00345595
   0.14     3297.27     -598.17    -580.021     127.785   540982   543150   543150          540982          543150          543150 0.887941  3032.24    -0.00352275
  0.142     3237.23     -598.19    -579.765     128.168   540914   543150   543150          540914          543150          543150 0.885603  3032.21    -0.00359937
  0.144     3178.86    -598.209    -579.508     128.578   540789   543150   543150          540789          543150          543150 0.888675  3032.19    -0.00368659
  0.146     3122.08    -598.229    -579.251     129.016   540680   543150   543150          540680          543150          543150 0.88952  3032.17    -0.00378528
  0.148     3066.85    -598.249    -578.992     129.487   540585   543150   543150          540585          543150          543150 0.888689  3032.15    -0.00389636
   0.15     3013.09     -598.27    -578.733     129.992   540492   543150   543150          540492          543150          543150 0.887031  3032.12    -0.00402088
  0.152     2960.74     -598.29    -578.472     130.535   540351   543150   543150          540351          543150          543150 0.889254   3032.1    -0.00415995
  0.154     2909.76    -598.311    -578.211     131.119   540251   543150   543150          540251          543150          543150 0.887122  3032.07    -0.00431485
  0.156     2860.09    -598.333    -577.948     131.749   540175   543150   543150          540175          543150          543150 0.882465  3032.05    -0.00448696
  0.158     2811.67    -598.354    -577.684     132.428   540035   543150   543150          540035          543150          543150 0.882086  3032.02    -0.00467783
   0.16     2764.47    -598.376    -577.418     133.163   539739   543150   543150          539739          543150          543150 0.893142  3031.99    -0.00488916
  0.162     2718.44    -598.398    -577.151     133.958   539545   543150   543150          539545          543150          543150 0.896084  3031.96    -0.00512288
  0.164     2673.53     -598.42    -576.882      134.82   539349   543150   543150          539349          543150          543150 0.898562  3031.93    -0.00538108
  0.166      2629.7    -598.443    -576.612     135.755   539204   543150   543150          539204          543150          543150 0.896913  3031.89    -0.00566611
  0.168     2586.92    -598.467    -576.339      136.77   538976   543150   543150          538976          543150          543150 0.899707  3031.86    -0.00598055
   0.17     2545.15     -598.49    -576.064     137.875   538728   543150   543150          538728          543150          543150 0.903074  3031.82    -0.00632728
  0.172     2504.36    -598.514    -575.787     139.077   538439   543150   543150          538439          543150          543150 0.907666  3031.78    -0.00670942
  0.174      2464.5    -598.539    -575.508     140.387   538215   543150   543150          538215          543150          543150 0.908058  3031.74    -0.00713043
  0.176     2425.55    -598.564    -575.226     141.816   538016   543150   543150          538016          543150          543150 0.90651  3031.69    -0.00759406
  0.178     2387.48    -598.589    -574.941     143.375   537765   543150   543150          537765          543150          543150 0.906448  3031.65    -0.00810439
   0.18     2350.26    -598.615    -574.652     145.078   537492   543150   543150          537492          543150          543150 0.906346   3031.6     -0.0086658
  0.182     2313.86    -598.642     -574.36     146.937   537179   543150   543150          537179          543150          543150 0.90693  3031.54    -0.00928298
  0.184     2278.26    -598.669    -574.064     148.968   536756   543150   543150          536756          543150          543150 0.910753  3031.48    -0.00996092
  0.186     2243.42    -598.696    -573.764     151.186   536295   543150   543150          536295          543150          543150 0.915471  3031.42     -0.0107048
  0.188     2209.33    -598.725     -573.46     153.608   535975   543150   543150          535975          543150          543150 0.913859  3031.35     -0.0115202
   0.19     2175.96    -598.754     -573.15     156.251   535710   543150   543150          535710          543150          543150 0.909308  3031.28     -0.0124125
  0.192     2143.29    -598.784    -572.834     159.133   534917   543150   543150          534917          543150          543150 0.920071   3031.2     -0.0133875
  0.194      2111.3    -598.815    -572.513     162.274   534352   543150   543150          534352          543150          543150 0.923135  3031.12     -0.0144507
  0.196     2079.96    -598.846    -572.185     165.692   533531   543150   543150          533531          543150          543150 0.931316  3031.03     -0.0156075
  0.198     2049.26    -598.879     -571.85     169.407   532711   543150   543150          532711          543150          543150 0.939179  3030.93     -0.0168632
    0.2     2019.18    -598.912    -571.507     173.436   532068   543150   543150          532068          543150          543150 0.941909  3030.82     -0.0182226
  0.202     1989.71    -598.947    -571.156       177.8   531510   543150   543150          531510          543150          543150 0.941619  3030.71       -0.01969
  0.204     1960.81    -598.983    -570.796     182.514   530830   543150   543150          530830          543150          543150 0.943071  3030.58      -0.021269
  0.206     1932.49     -599.02    -570.426     187.596   529634   543150   543150          529634          543150          543150 0.951774  3030.45     -0.0229626
  0.208     1904.71    -599.058    -570.045      193.06   528742   543150   543150          528742          543150          543150 0.955196   3030.3     -0.0247732
   0.21     1877.47    -599.098    -569.653     198.919   527739   543150   543150          527739          543150          543150 0.959053  3030.15     -0.0267022
  0.212     1850.75    -599.139    -569.249     205.185   526861   543150   543150          526861          543150          543150 0.960589  3029.98     -0.0287503
  0.214     1824.54    -599.182    -568.832     211.863   525332   543150   543150          525332          543150          543150 0.968988   3029.8     -0.0309177
  0.216     1798.82    -599.226    -568.401      218.96   524369   543150   543150          524369          543150          543150 0.970186  3029.61     -0.0332038
  0.218     1773.58    -599.273    -567.956     226.475   523131   543150   543150          523131          543150          543150 0.973096   3029.4     -0.0356074
   0.22     1748.81    -599.321    -567.495     234.404   522118   538443   543150          522118          538443          543150 0.973615  3029.17     -0.0381266
  0.222     1724.49    -599.371    -567.018     242.735   521036   538443   543150          521036          538443          543150 0.973907  3028.94     -0.0407587
  0.224     1700.62    -599.424    -566.524     251.447   519549   538443   543150          519549          538443          543150 0.976735  3028.68     -0.0434996
  0.226     1677.18    -599.479    -566.012     260.511   518237   533292   543150          518237          533292          543150 0.977851  3028.41     -0.0463434
  0.228     1654.17    -599.536    -565.482     269.881   517280   533292   543150          517280          533292          543150 0.976608  3028.12     -0.0492811
   0.23     1631.56    -599.596    -564.933     279.498   516021   533292   543150          516021          533292          543150 0.977223  3027.81     -0.0523002
  0.232     1609.36    -599.659    -564.364     289.282   514160   532717   543150          514160          532717          543150 0.981311  3027.49      -0.055383
  0.234     1587.55    -599.725    -563.775     299.134   512996   532180   543150          512996          532180          543150 0.981805  3027.14      -0.058506
  0.236     1566.12    -599.794    -563.167      308.94   511797   531194   543150          511797          531194          543150 0.982637  3026.78     -0.0616393
  0.238     1545.07    -599.866     -562.54     318.565   510759   529476   543150          510759          529476          543150 0.98223  3026.39     -0.0647469
   0.24     1524.38    -599.941    -561.893     327.867   509898   527401   543150          509898          527401          543150 0.98065  3025.99     -0.0677879
  0.242     1504.04     -600.02    -561.229     336.705   508331   526006   543150          508331          526006          543150 0.982561  3025.57     -0.0707185
  0.244     1484.06    -600.102    -560.547     344.943   507178   525999   543150          507178          525999          543150 0.982465  3025.14     -0.0734957
  0.246     1464.41    -600.188    -559.849      352.47   506169   525999   543150          506169          525999          543150 0.981471  3024.69     -0.0760812
  0.248      1445.1    -600.278    -559.137     359.207   504624   525788   542286          504624          525788          542286 0.979026  3024.22     -0.0784453
   0.25     1426.11    -600.372    -558.413     365.115   503068   525788   541528          503068          525788          541528 0.978363  3023.74     -0.0805718
  0.252     1407.44     -600.47    -557.678     370.203   501809   522676   540465          501809          522676          540465 0.976016  3023.24     -0.0824601
  0.254     1389.08    -600.571    -556.933     374.528   500499   520076   539608          500499          520076          539608 0.97546  3022.74     -0.0841275
  0.256     1371.02    -600.677     -556.18     378.189   499465   514183   538564          499465          514183          538564 0.973265  3022.23     -0.0856084
  0.258     1353.25    -600.786     -555.42     381.321   498556   514183   536979          498556          514183          536979 0.96848  3021.71     -0.0869533
   0.26     1335.78      -600.9    -554.655     384.083   497374   514183   535658          497374          514183          535658 0.966244  3021.18     -0.0882247
  0.262     1318.58    -601.018    -553.884     386.646   496371   514183   534753          496371          514183          534753 0.96556  3020.64     -0.0894931
  0.264     1301.67     -601.14    -553.108      389.18   495658   514183   533739          495658          514183          533739 0.962457  3020.09     -0.0908317
  0.266     1285.02    -601.266    -552.327     391.841   494085   512401   532939          494085          512401          532939 0.964332  3019.54     -0.0923112
  0.268     1268.64    -601.396    -551.541     394.763   493018   512401   531546          493018          512401          531546 0.960806  3018.98     -0.0939949
   0.27     1252.51     -601.53    -550.748     398.049   491872   512195   530435          491872          512195          530435 0.959141  3018.41     -0.0959336
  0.272     1236.64    -601.668    -549.948     401.764   490183   512195   529680          490183          512195          529680 0.961443  3017.82     -0.0981618
  0.274     1221.01     -601.81    -549.141     405.931   488224   512195   528761          488224          512195          528761 0.964075  3017.22      -0.100694
  0.276     1205.63    -601.957    -548.324     410.523   486243   508065   527630          486243          508065          527630 0.966775   3016.6      -0.103525
  0.278     1190.48    -602.108    -547.498     415.472   484702   508065   526575          484702          508065          526575 0.967819  3015.97      -0.106623
   0.28     1175.56    -602.263    -546.662     420.663   483362   503113   525710          483362          503113          525710 0.96924  3015.32      -0.109939
  0.282     1160.87    -602.422    -545.816     425.943   482046   503113   524261          482046          503113          524261 0.968616  3014.64      -0.113402
  0.284      1146.4    -602.586    -544.958     431.133   481017   503113   523031          481017          503113          523031 0.967907  3013.95      -0.116927
  0.286     1132.15    -602.754    -544.091     436.043   479921   503113   521771          479921          503113          521771 0.967258  3013.23      -0.120426
  0.288     1118.12    -602.926    -543.215     440.491   479020   500657   520737          479020          500657          520737 0.966688   3012.5      -0.123809
   0.29     1104.29    -603.103     -542.33      444.32   477886   500657   519868          477886          500657          519868 0.967236  3011.74      -0.126999
  0.292     1090.66    -603.284    -541.438     447.421   476596   497312   518736          476596          497312          518736 0.967352  3010.97       -0.12994
  0.294     1077.24     -603.47    -540.541     449.749   475264   497312   517620          475264          497312          517620 0.967582  3010.18      -0.132605
  0.296     1064.02     -603.66    -539.639     451.331   473723   496603   516769          473723          496603          516769 0.96975  3009.37      -0.134995
  0.298     1050.98    -603.855    -538.736     452.266   472773   496603   515799          472773          496603          515799 0.96883  3008.55      -0.137147
    0.3     1038.14    -604.055    -537.831     452.717   471957   487390   514760          471957          487390          514760 0.966513  3007.72      -0.139126
  0.302     1025.48    -604.258    -536.925     452.899   470773   487390   513718          470773          487390          513718 0.965009  3006.88      -0.141018
  0.304        1013    -604.466    -536.019     453.052   469727   487390   512472          469727          487390          512472 0.961867  3006.03      -0.142919
  0.306      1000.7    -604.679    -535.113     453.415   467131   486328   510778          467131          486328          510778 0.963878  3005.16      -0.144928
  0.308      988.57    -604.896    -534.205     454.206   466015   484733   509279          466015          484733          509279 0.961377  3004.28      -0.147129
   0.31     976.613    -605.117    -533.295      455.59   464864   484733   508186          464864          484733          508186 0.960718  3003.39      -0.149585
  0.312     964.823    -605.342    -532.382     457.667   463483   483421   506819          463483          483421          506819 0.959978  3002.49      -0.152326
  0.314     953.197    -605.572    -531.464     460.456   461915   482507   505443          461915          482507          505443 0.960616  3001.56      -0.155346
  0.316     941.732    -605.807     -530.54     463.889   460515   482507   504110          460515          482507          504110 0.960934  3000.62      -0.158602
  0.318     930.425    -606.045    -529.608     467.817   459358   482507   503262          459358          482507          503262 0.962441  2999.66      -0.162014
   0.32     919.273    -606.288    -528.669      472.02   458011   482465   502165          458011          482465          502165 0.963677  2998.68      -0.165472
  0.322     908.273    -606.535     -527.72     476.227   456742   482465   501122          456742          482465          501122 0.965104  2997.67      -0.168847
  0.324     897.422    -606.787    -526.764     480.143   455722   482465   500108          455722          482465          500108 0.965308  2996.65      -0.172006
  0.326     886.719    -607.043      -525.8     483.481   454604   482437   499220          454604          482437          499220 0.966258  2995.61      -0.174824
  0.328     876.159    -607.304     -524.83     485.989   453095   480823   498138          453095          480823          498138 0.967795  2994.56      -0.177204
   0.33     865.741    -607.569    -523.857     487.483   451621   473782   497119          451621          473782          497119 0.969571  2993.49      -0.179086
  0.332     855.462    -607.839    -522.881     487.863   450461   473782   495367          450461          473782          495367 0.967851  2992.42      -0.180457
  0.334     845.319    -608.113    -521.906     487.128   449119   473782   494538          449119          473782          494538 0.970279  2991.33      -0.181362
  0.336      835.31    -608.391    -520.933     485.376   448238   467152   493076          448238          467152          493076 0.968705  2990.25      -0.181898
  0.338     825.433    -608.674    -519.965     482.796   447481   467152   491529          447481          467152          491529 0.965992  2989.16      -0.182209
   0.34     815.684    -608.961    -519.003     479.647   446515   465421   490571          446515          465421          490571 0.966201  2988.07      -0.182484
  0.342     806.062    -609.252    -518.047     476.245   445665   462136   489257          445665          462136          489257 0.964134  2986.98      -0.182943
  0.344     796.563    -609.548    -517.098     472.933   445015   462104   488342          445015          462104          488342 0.962397  2985.88      -0.183826
  0.346     787.186    -609.847    -516.155      470.07   443777   462104   487413          443777          462104          487413 0.962356  2984.78      -0.185394
  0.348     777.929    -610.151    -515.217     468.013   442761   462104   486279          442761          462104          486279 0.960472  2983.67      -0.187917
   0.35     768.789    -610.458    -514.282     467.107   441252   460801   484959          441252          460801          484959 0.960042  2982.53      -0.191681
  0.352     759.764     -610.77    -513.347      467.69   440025   460801   483996          440025          460801          483996 0.959633  2981.38      -0.196994
  0.354     750.852    -611.085     -512.41     470.097   438655   460801   483000          438655          460801          483000 0.959903  2980.18      -0.204198
  0.356     742.052    -611.405    -511.466     474.674   437715   457295   481780          437715          457295          481780 0.95676  2978.94      -0.213695
  0.358     733.361    -611.728    -510.509     481.806   436614   457295   480062          436614          457295          480062 0.951815  2977.63       -0.22598
   0.36     724.778    -612.056    -509.536     491.949   434845   457295   478328          434845          457295          478328 0.949836  2976.24      -0.241691
  0.362     716.301    -612.387    -508.539     505.682   433690   457295   477383          433690          457295          477383 0.948395  2974.74      -0.261696
  0.364     707.928    -612.723    -507.511     523.792   431711   457295   476293          431711          457295          476293 0.948666  2973.11      -0.287213
  0.366      699.66    -613.064     -506.44     547.383   429836   457295   475411          429836          457295          475411 0.948553  2971.31      -0.320012
  0.368     691.494    -613.409    -505.316     578.063   427996   457295   474641          427996          457295          474641 0.94728  2969.29      -0.362734
   0.37      683.43    -613.759    -504.122     618.212   424121   451267   473905          424121          451267          473905 0.953241  2966.98       -0.41939
  0.372     675.467    -614.114    -502.835     671.387   421494   450999   471667          421494          450999          471667 0.948406  2964.28      -0.496148
  0.374     667.605    -614.475    -501.424     742.871   419749   450999   471070          419749          450999          471070 0.944646  2961.04       -0.60248
  0.376     659.845    -614.843    -499.846     840.343   417449   449245   469901          417449          449245          469901 0.936853  2957.05      -0.752708
  0.378     652.187    -615.219    -498.039     974.394   411803   448541   469099          411803          448541          469099 0.937815  2952.01      -0.967644
   0.38     644.633    -615.604    -495.915     1158.21   407512   448541   468469          407512          448541          468469 0.930878  2945.45       -1.27525
  0.382     637.188        -616    -493.364     1404.84   399085   448541   467925          399085          448541          467925 0.93183  2936.74        -1.7076
  0.384     629.855    -616.409     -490.25     1719.79   384173   439180   467255          384173          439180          467255 0.944908  2925.11       -2.28932
  0.386     622.641    -616.835    -486.449     2087.42   365113   439180   466089          365113          439180          466089 0.975142   2909.7       -3.01289
  0.388     615.554    -617.282    -481.899     2456.18   358669   439180   464956          358669          439180          464956 0.981101  2889.93       -3.80534
   0.39     608.602    -617.752    -476.681     2738.68   353273   439180   463981          353273          439180          463981 0.9878   2865.9       -4.51364
  0.392     601.789    -618.249    -471.063      2844.8   350841   371300   462525          350841          371300          462525 0.989725  2838.74       -4.94948
  0.394     595.115    -618.774    -465.447     2736.15   349791   371300   458486          349791          371300          458486 0.98618  2810.47        -4.9913
  0.396     588.575    -619.325    -460.236     2452.81   348943   371300   452443          348943          371300          452443 0.979714  2783.32       -4.66049
  0.398     582.159      -619.9    -455.693     2083.75   348547   371300   443790          348547          371300          443790 0.967083  2758.99       -4.09529
    0.4     575.858    -620.494    -451.901     1713.76   347761   371300   430024          347761          371300          430024 0.945536  2738.23       -3.45736
  0.402     569.658    -621.104    -448.804     1393.07   346884   371300   414609          346884          371300          414609 0.926361  2721.02       -2.86085
  0.404     563.552    -621.727    -446.284     1137.92   346197   365645   405392          346197          365645          405392 0.925114   2706.9       -2.35787
  0.406     557.531    -622.361    -444.211     944.363   345509   365645   402111          345509          365645          402111 0.937916  2695.29       -1.95701
  0.408     551.588    -623.002    -442.473      800.72   345079   365645   395561          345079          365645          395561 0.935284  2685.63       -1.64589
   0.41     545.721     -623.65    -440.983     694.612   344706   365544   393194          344706          365544          393194 0.943537  2677.48       -1.40612
  0.412     539.923    -624.304    -439.677     615.682   343825   356556   391880          343825          356556          391880 0.953514  2670.48       -1.22024
  0.414     534.194    -624.962    -438.508     556.118   343450   356556   387899          343450          356556          387899 0.949982  2664.37       -1.07416
  0.416     528.529    -625.625    -437.443     510.325   343162   355165   385942          343162          355165          385942 0.952121  2658.98      -0.957266
  0.418     522.928    -626.292     -436.46     474.391   342762   355165   383263          342762          355165          383263 0.95028  2654.15      -0.861858
   0.42     517.388    -626.962    -435.541     445.604   342459   355165   381159          342459          355165          381159 0.949495   2649.8      -0.782426
  0.422     511.909    -627.635    -434.674     422.082   342081   355165   379787          342081          355165          379787 0.951597  2645.84      -0.715051
  0.424     506.487    -628.311     -433.85     402.513   341759   355165   378377          341759          355165          378377 0.952298  2642.21       -0.65693
  0.426     501.123    -628.989    -433.062     385.969   341484   354505   377335          341484          354505          377335 0.953711  2638.88      -0.606048
  0.428     495.815     -629.67    -432.305     371.786   341324   354505   376123          341324          354505          376123 0.953064   2635.8      -0.560938
   0.43     490.561    -630.354    -431.574     359.483   341092   354505   375298          341092          354505          375298 0.954123  2632.96      -0.520516
  0.432     485.362    -631.039    -430.866     348.705   340699   354505   374390          340699          354505          374390 0.955107  2630.32      -0.483974
  0.434     480.215    -631.727    -430.178     339.187   340401   352886   373617          340401          352886          373617 0.955913  2627.86        -0.4507
  0.436      475.12    -632.417    -429.508     330.725   340098   352886   372823          340098          352886          372823 0.956095  2625.57      -0.420219
  0.438     470.076    -633.109    -428.854     323.163   339877   352886   372060          339877          352886          372060 0.955679  2623.44      -0.392161
   0.44     465.082    -633.802    -428.215     316.376   339696   352886   371750          339696          352886          371750 0.957144  2621.45       -0.36623
  0.442     460.137    -634.497    -427.589     310.266   339232   352886   371358          339232          352886          371358 0.959342   2619.6      -0.342188
  0.444     455.241    -635.195    -426.974     304.751   338917   352886   369877          338917          352886          369877 0.954206  2617.87      -0.319836
  0.446     450.393    -635.893    -426.369     299.764   338280   352886   369062          338280          352886          369062 0.955274  2616.25      -0.299011
  0.448     445.591    -636.594    -425.774     295.248   338010   352886   368762          338010          352886          368762 0.957067  2614.73      -0.279572
   0.45     440.835    -637.296    -425.188     291.155   337686   352318   368512          337686          352318          368512 0.959111  2613.32      -0.261399
  0.452     436.125    -637.999    -424.609     287.444   337136   352318   367896          337136          352318          367896 0.9602     2612      -0.244387
  0.454      431.46    -638.704    -424.038     284.077   336533   349323   366945          336533          349323          366945 0.959696  2610.76      -0.228443
  0.456     426.839     -639.41    -423.473     281.023   336317   349323   366372          336317          349323          366372 0.959308  2609.61      -0.213486
  0.458     422.261    -640.118    -422.914     278.253   335912   349323   365970          335912          349323          365970 0.960813  2608.53      -0.199442
   0.46     417.726    -640.827     -422.36     275.741   335553   349323   365614          335553          349323          365614 0.962211  2607.53      -0.186243
  0.462     413.233    -641.538     -421.81     273.465   335309   349323   364868          335309          349323          364868 0.960549  2606.59      -0.173831
  0.464     408.782     -642.25    -421.266     271.402   334983   348944   364348          334983          348944          364348 0.96073  2605.72      -0.162151
  0.466     404.372    -642.963    -420.725     269.535   334526   346705   363572          334526          346705          363572 0.960329   2604.9      -0.151151
  0.468     400.002    -643.677    -420.187     267.846   334182   346705   363199          334182          346705          363199 0.961575  2604.14      -0.140786
   0.47     395.672    -644.393    -419.653     266.318   334022   346705   362597          334022          346705          362597 0.960211  2603.43      -0.131013
  0.472     391.381     -645.11    -419.122     264.937   333810   346705   362145          333810          346705          362145 0.959928  2602.77      -0.121792
  0.474      387.13    -645.828    -418.593      263.69   333595   345515   361585          333595          345515          361585 0.958822  2602.16      -0.113088
  0.476     382.916    -646.548    -418.067     262.563   333206   345515   361004          333206          345515          361004 0.958777   2601.6      -0.104865
  0.478      378.74    -647.268    -417.543     261.545   332944   345515   360736          332944          345515          360736 0.959751  2601.07     -0.0970916
   0.48     374.602     -647.99    -417.021     260.625   332576   345515   360406          332576          345515          360406 0.960934  2600.59     -0.0897388
  0.482       370.5    -648.713    -416.501     259.793   332332   345515   359895          332332          345515          359895 0.960053  2600.14     -0.0827781
  0.484     366.435    -649.437    -415.982      259.04   332183   345515   359655          332183          345515          359655 0.960183  2599.72     -0.0761835
  0.486     362.405    -650.162    -415.464     258.355   331726   343890   359334          331726          343890          359334 0.961672  2599.34     -0.0699302
  0.488     358.411    -650.889    -414.948     257.732   331300   343890   358878          331300          343890          358878 0.962155     2599      -0.063995
   0.49     354.452    -651.616    -414.433     257.162   331050   343462   358621          331050          343462          358621 0.962777  2598.68      -0.058356
  0.492     350.527    -652.345     -413.92     256.637   330696   343462   358138          330696          343462          358138 0.962609  2598.39     -0.0529925
  0.494     346.636    -653.075    -413.407      256.15   330531   343462   357806          330531          343462          357806 0.962186  2598.13     -0.0478848
  0.496     342.779    -653.806    -412.895     255.696   330207   342212   357575          330207          342212          357575 0.963359  2597.89     -0.0430147
  0.498     338.955    -654.538    -412.384     255.267   330013   342212   357226          330013          342212          357226 0.962842  2597.68     -0.0383645
    0.5     335.164    -655.271    -411.874     254.859   329823   342212   356919          329823          342212          356919 0.962493  2597.49     -0.0339179
  0.502     331.405    -656.005    -411.365     254.465   329370   342212   356706          329370          342212          356706 0.964525  2597.33     -0.0296592
  0.504     327.678     -656.74    -410.856     254.081   329010   341918   356352          329010          341918          356352 0.965007  2597.18     -0.0255738
  0.506     323.983    -657.476    -410.348     253.702   328886   341918   355982          328886          341918          355982 0.963795  2597.06     -0.0216479
  0.508     320.319    -658.213    -409.841     253.324   328588   341918   355653          328588          341918          355653 0.964008  2596.96     -0.0178686
   0.51     316.685    -658.952    -409.335     252.943   328207   341918   355483          328207          341918          355483 0.965955  2596.88     -0.0142237
  0.512     313.082    -659.691    -408.829     252.555   327909   341918   355259          327909          341918          355259 0.966927  2596.81     -0.0107018
  0.514     309.509    -660.432    -408.325     252.158   327708   341918   355026          327708          341918          355026 0.967115  2596.76    -0.00729233
  0.516     305.966    -661.173    -407.821     251.749   327497   341918   354712          327497          341918          354712 0.9668  2596.73    -0.00398547
  0.518     302.452    -661.916    -407.318     251.326   327194   341918   354555          327194          341918          354555 0.968134  2596.72   -0.000772072
   0.52     298.967    -662.659    -406.815     250.887   326857   341918   354274          326857          341918          354274 0.968904  2596.73     0.00235632
  0.522     295.511    -663.404    -406.314      250.43   326465   341918   354054          326465          341918          354054 0.970495  2596.75     0.00540748
  0.524     292.083    -664.149    -405.814     249.954   326299   341918   353689          326299          341918          353689 0.969715  2596.78     0.00838856
  0.526     288.683    -664.896    -405.314     249.458   326105   341918   353486          326105          341918          353486 0.970132  2596.83      0.0113061
  0.528     285.311    -665.643    -404.816     248.943   325912   341918   353313          325912          341918          353313 0.970669   2596.9       0.014166
   0.53     281.966    -666.392    -404.319     248.407   325716   336533   353048          325716          336533          353048 0.970615  2596.98      0.0169737
  0.532     278.647    -667.141    -403.822     247.852   325521   336533   352709          325521          336533          352709 0.970039  2597.08      0.0197341
  0.534     275.356    -667.892    -403.327     247.277   325313   336533   352367          325313          336533          352367 0.969539  2597.19      0.0224516
  0.536     272.091    -668.643    -402.833     246.684   325163   336533   351952          325163          336533          351952 0.96823  2597.31      0.0251302
  0.538     268.852    -669.395     -402.34     246.073   324921   336533   351588          324921          336533          351588 0.967858  2597.45      0.0277734
   0.54     265.638    -670.148    -401.849     245.446   324715   336533   351342          324715          336533          351342 0.968052   2597.6      0.0303844
  0.542      262.45    -670.903    -401.359     244.805   324462   336533   350921          324462          336533          350921 0.967434  2597.76       0.032966
  0.544     259.288    -671.658     -400.87     244.151   324336   336533   350606          324336          336533          350606 0.966721  2597.94      0.0355207
  0.546      256.15    -672.414    -400.382     243.486   324109   335573   350439          324109          335573          350439 0.967558  2598.13      0.0380508
  0.548     253.036    -673.171    -399.896     242.812   323906   335573   350200          323906          335573          350200 0.967732  2598.34      0.0405582
   0.55     249.947    -673.928    -399.411     242.131   323760   335573   349910          323760          335573          349910 0.967153  2598.55      0.0430447
  0.552     246.882    -674.687    -398.927     241.445   323523   334578   349602          323523          334578          349602 0.967063  2598.78      0.0455119
  0.554      243.84    -675.447    -398.445     240.757   323395   334426   349382          323395          334426          349382 0.966797  2599.03      0.0479612
  0.556     240.823    -676.207    -397.964      240.07   323250   334195   349084          323250          334195          349084 0.966032  2599.28      0.0503938
  0.558     237.828    -676.968    -397.485     239.384   323146   334195   348751          323146          334195          348751 0.964707  2599.55      0.0528108
   0.56     234.856    -677.731    -397.007     238.703   322974   334195   348379          322974          334195          348379 0.963598  2599.83      0.0552133
  0.562     231.907    -678.494     -396.53     238.029   322867   334195   348142          322867          334195          348142 0.962891  2600.12      0.0576023
  0.564      228.98    -679.257    -396.055     237.365   322568   334195   347789          322568          334195          347789 0.962728  2600.43      0.0599786
  0.566     226.075    -680.022    -395.581     236.712   322394   334195   347648          322394          334195          347648 0.963118  2600.75      0.0623429
  0.568     223.192    -680.788    -395.108     236.074   322156   334195   347437          322156          334195          347437 0.963395  2601.08      0.0646961
   0.57     220.331    -681.554    -394.636     235.451   321967   334195   347176          321967          334195          347176 0.962956  2601.42      0.0670389
  0.572     217.492    -682.321    -394.166     234.846   321877   334195   346978          321877          334195          346978 0.962201  2601.78      0.0693718
  0.574     214.673    -683.089    -393.697     234.261   321431   334195   346793          321431          334195          346793 0.963918  2602.14      0.0716957
  0.576     211.876    -683.858    -393.229     233.698   321166   331423   346480          321166          331423          346480 0.963575  2602.52      0.0740109
  0.578     209.099    -684.627    -392.762     233.159   320697   331423   346282          320697          331423          346282 0.965478  2602.91      0.0763182
   0.58     206.343    -685.398    -392.296     232.644   320413   331423   346036          320413          331423          346036 0.965877  2603.32      0.0786181
  0.582     203.607    -686.169    -391.831     232.157   320239   330773   345790          320239          330773          345790 0.965528  2603.73      0.0809111
  0.584     200.891     -686.94    -391.368     231.697   320082   330773   345573          320082          330773          345573 0.965239  2604.16      0.0831976
  0.586     198.195    -687.713    -390.905     231.266   319943   330773   345240          319943          330773          345240 0.963954   2604.6      0.0854781
  0.588     195.518    -688.486    -390.442     230.866   319807   330773   344817          319807          330773          344817 0.962004  2605.05      0.0877531
   0.59     192.861    -689.261    -389.981     230.497   319561   330773   344591          319561          330773          344591 0.962278  2605.51      0.0900229
  0.592     190.223    -690.035     -389.52      230.16   319404   330773   344396          319404          330773          344396 0.9621  2605.99      0.0922878
  0.594     187.604    -690.811     -389.06     229.855   319150   330773   344239          319150          330773          344239 0.962847  2606.47      0.0945481
  0.596     185.004    -691.587    -388.601     229.584   318895   330773   344067          318895          330773          344067 0.96347  2606.97      0.0968041
  0.598     182.423    -692.365    -388.142     229.347   318676   330773   343903          318676          330773          343903 0.963893  2607.48      0.0990558
    0.6      179.86    -693.142    -387.684     229.143   318362   329080   343671          318362          329080          343671 0.964516  2608.01       0.101303
  0.602     177.315    -693.921    -387.226     228.973   318180   329047   343418          318180          329047          343418 0.96406  2608.54       0.103547
  0.604     174.789      -694.7    -386.768     228.837   317943   329010   343181          317943          329010          343181 0.964108  2609.09       0.105786
  0.606      172.28     -695.48     -386.31     228.735   317731   328277   342910          317731          328277          342910 0.963769  2609.65       0.108021
  0.608     169.789    -696.261    -385.853     228.666   317554   328277   342625          317554          328277          342625 0.963047  2610.21       0.110252
   0.61     167.315    -697.042    -385.395     228.631   317423   328277   342422          317423          328277          342422 0.962584   2610.8       0.112478
  0.612     164.859    -697.825    -384.938     228.629   317315   328277   342267          317315          328277          342267 0.962232  2611.39       0.114699
  0.614      162.42    -698.607    -384.481     228.658   317009   328277   342013          317009          328277          342013 0.962601  2611.99       0.116915
  0.616     159.998    -699.391    -384.024     228.719   316881   328277   341748          316881          328277          341748 0.961558  2612.61       0.119124
  0.618     157.592    -700.175    -383.566      228.81   316722   327959   341463          316722          327959          341463 0.960621  2613.24       0.121327
   0.62     155.204     -700.96    -383.108     228.931   316420   327959   340959          316420          327959          340959 0.959204  2613.88       0.123522
  0.622     152.832    -701.746     -382.65     229.081   316210   327959   340824          316210          327959          340824 0.959926  2614.53        0.12571
  0.624     150.476    -702.532    -382.192     229.258   316114   327959   340572          316114          327959          340572 0.95882  2615.19       0.127888
  0.626     148.136    -703.319    -381.733     229.461   315838   327959   340360          315838          327959          340360 0.959368  2615.87       0.130057
  0.628     145.812    -704.107    -381.274     229.689   315772   327959   340157          315772          327959          340157 0.958344  2616.55       0.132214
   0.63     143.505    -704.896    -380.814     229.941   315613   327959   339838          315613          327959          339838 0.957114  2617.25       0.134359
  0.632     141.213    -705.685    -380.354     230.215   315391   326489   339543          315391          326489          339543 0.956556  2617.96       0.136491
  0.634     138.936    -706.475    -379.894     230.509   315260   326489   339359          315260          326489          339359 0.956104  2618.68       0.138609
  0.636     136.675    -707.265    -379.432     230.822   315005   326489   339120          315005          326489          339120 0.956135  2619.41        0.14071
  0.638     134.429    -708.057     -378.97     231.153   314617   326489   338935          314617          326489          338935 0.957585  2620.16       0.142795
   0.64     132.198    -708.848    -378.508     231.499   314323   326489   338725          314323          326489          338725 0.958264  2620.91        0.14486
  0.642     129.983    -709.641    -378.044     231.859   314219   326489   338632          314219          326489          338632 0.958321  2621.67       0.146905
  0.644     127.782    -710.435     -377.58     232.232   314083   326489   338533          314083          326489          338533 0.958457  2622.45       0.148929
  0.646     125.596    -711.229    -377.115     232.614   313853   326489   338380          313853          326489          338380 0.958837  2623.24       0.150929
  0.648     123.424    -712.023     -376.65     233.006   313732   326489   338074          313732          326489          338074 0.957178  2624.03       0.152903
   0.65     121.267    -712.819    -376.183     233.403   313455   326489   337921          313455          326489          337921 0.957868  2624.84       0.154851
  0.652     119.124    -713.615    -375.716     233.806   313026   326489   337732          313026          326489          337732 0.959496  2625.66       0.156771
  0.654     116.995    -714.412    -375.248     234.212   312755   326489   337560          312755          326489          337560 0.960103  2626.49       0.158661
  0.656     114.881    -715.209    -374.779     234.618   312467   326489   337467          312467          326489          337467 0.961389  2627.33       0.160518
  0.658      112.78    -716.008     -374.31     235.024   311945   326489   337304          311945          326489          337304 0.963963  2628.17       0.162342
   0.66     110.693    -716.807    -373.839     235.427   311732   326427   337199          311732          326427          337199 0.964756  2629.03       0.164131
  0.662      108.62    -717.606    -373.368     235.826   311412   326427   336993          311412          326427          336993 0.965604   2629.9       0.165883
  0.664      106.56    -718.406    -372.896     236.218   311165   326427   336891          311165          326427          336891 0.966716  2630.78       0.167596
  0.666     104.514    -719.208    -372.423     236.603   310930   326427   336796          310930          326427          336796 0.967759  2631.66       0.169269
  0.668     102.481    -720.009    -371.949     236.978   310718   326427   336702          310718          326427          336702 0.968629  2632.56       0.170901
   0.67     100.461    -720.812    -371.475     237.341   310466   326427   336599          310466          326427          336599 0.969744  2633.46       0.172489
  0.672     98.4544    -721.615        -371     237.692   310234   326427   336427          310234          326427          336427 0.970225  2634.38       0.174032
  0.674     96.4606    -722.419    -370.524     238.028   310011   324509   336204          310011          324509          336204 0.970327   2635.3       0.175529
  0.676     94.4797    -723.223    -370.048     238.348   309825   324044   336033          309825          324044          336033 0.970557  2636.23       0.176978
  0.678     92.5114    -724.029    -369.571      238.65   309653   324044   335962          309653          324044          335962 0.971361  2637.16       0.178378
   0.68     90.5558    -724.834    -369.093     238.934   309562   324044   335789          309562          324044          335789 0.970892  2638.11       0.179728
  0.682     88.6126    -725.641    -368.615     239.198   309346   323938   335674          309346          323938          335674 0.971588  2639.06       0.181028
  0.684     86.6819    -726.448    -368.137     239.441   309261   323938   335498          309261          323938          335498 0.971034  2640.02       0.182275
  0.686     84.7634    -727.257    -367.658     239.662   308979   320413   335279          308979          320413          335279 0.971476  2640.99       0.183468
  0.688     82.8571    -728.065    -367.178      239.86   308875   320413   335102          308875          320413          335102 0.971067  2641.96       0.184608
   0.69     80.9629    -728.875    -366.698     240.034   308798   320413   334890          308798          320413          334890 0.970228  2642.94       0.185694
  0.692     79.0806    -729.685    -366.218     240.183   308632   320413   334752          308632          320413          334752 0.970436  2643.92       0.186724
  0.694     77.2101    -730.496    -365.737     240.307   308428   320413   334592          308428          320413          334592 0.970757  2644.91       0.187698
  0.696     75.3514    -731.307    -365.257     240.405   308374   320413   334356          308374          320413          334356 0.969565  2645.91       0.188617
  0.698     73.5044    -732.119    -364.776     240.476   308239   320413   334216          308239          320413          334216 0.969513  2646.91       0.189479
    0.7     71.6689    -732.932    -364.295     240.521   307897   320413   333980          307897          320413          333980 0.970231  2647.91       0.190284
  0.702     69.8448    -733.746    -363.814     240.539   307719   320413   333688          307719          320413          333688 0.969591  2648.92       0.191033
  0.704     68.0321     -734.56    -363.333      240.53   307564   320413   333489          307564          320413          333489 0.969438  2649.94       0.191726
  0.706     66.2306    -735.375    -362.852     240.494   307409   320172   333404          307409          320172          333404 0.970021  2650.95       0.192363
  0.708     64.4402    -736.191    -362.371      240.43   307197   320172   333294          307197          320172          333294 0.970798  2651.98       0.192944
   0.71     62.6609    -737.007     -361.89      240.34   307118   320172   333025          307118          320172          333025 0.969645     2653       0.193469
  0.712     60.8926    -737.824    -361.409     240.223   307009   318273   332895          307009          318273          332895 0.969595  2654.03        0.19394
  0.714     59.1351    -738.642    -360.929      240.08   306665   318022   332713          306665          318022          332713 0.97072  2655.06       0.194357
  0.716     57.3883     -739.46    -360.449     239.911   306499   318022   332515          306499          318022          332515 0.970653  2656.09       0.194721
  0.718     55.6522    -740.279    -359.969     239.716   306333   318022   332276          306333          318022          332276 0.970331  2657.13       0.195032
   0.72     53.9267    -741.099     -359.49     239.497   306194   318022   332061          306194          318022          332061 0.970034  2658.17       0.195292
  0.722     52.2117    -741.919    -359.011     239.254   306095   318022   331889          306095          318022          331889 0.969742   2659.2       0.195502
  0.724     50.5071     -742.74    -358.533     238.987   306018   317742   331749          306018          317742          331749 0.969483  2660.25       0.195663
  0.726     48.8127    -743.562    -358.056     238.698   305872   317742   331584          305872          317742          331584 0.969492  2661.29       0.195776
  0.728     47.1286    -744.384    -357.578     238.387   305809   317742   331471          305809          317742          331471 0.969267  2662.33       0.195843
   0.73     45.4546    -745.207    -357.102     238.056   305667   317742   331353          305667          317742          331353 0.96948  2663.37       0.195865
  0.732     43.7906    -746.031    -356.626     237.704   305523   317742   331133          305523          317742          331133 0.969041  2664.42       0.195843
  0.734     42.1365    -746.855    -356.151     237.334   305322   317742   330949          305322          317742          330949 0.969225  2665.46        0.19578
  0.736     40.4923     -747.68    -355.677     236.947   305159   317742   330837          305159          317742          330837 0.969668   2666.5       0.195676
  0.738     38.8579    -748.506    -355.203     236.542   304833   317742   330708          304833          317742          330708 0.971116  2667.55       0.195534
   0.74     37.2332    -749.332    -354.731     236.122   304664   317742   330463          304664          317742          330463 0.970773  2668.59       0.195355
  0.742     35.6181    -750.159    -354.259     235.688   304447   317742   330314          304447          317742          330314 0.971418  2669.63       0.195142
  0.744     34.0125    -750.986    -353.788     235.241   304279   317640   330185          304279          317640          330185 0.971886  2670.67       0.194895
  0.746     32.4163    -751.814    -353.318     234.782   304202   317640   329983          304202          317640          329983 0.971272  2671.71       0.194616
  0.748     30.8295    -752.643    -352.849     234.311   304096   316336   329788          304096          316336          329788 0.970897  2672.75       0.194309
   0.75      29.252    -753.472    -352.381     233.832   304030   316336   329631          304030          316336          329631 0.970495  2673.79       0.193973
  0.752     27.6837    -754.302    -351.914     233.343   303853   316336   329554          303853          316336          329554 0.971328  2674.83       0.193612
  0.754     26.1245    -755.132    -351.447     232.848   303762   316336   329420          303762          316336          329420 0.971182  2675.86       0.193227
  0.756     24.5743    -755.963    -350.982     232.346   303670   316336   329234          303670          316336          329234 0.970679   2676.9        0.19282
  0.758     23.0331    -756.795    -350.518      231.84   303484   314444   329144          303484          314444          329144 0.971413  2677.93       0.192393
   0.76     21.5008    -757.627    -350.055     231.329   303400   311946   328931          303400          311946          328931 0.970664  2678.96       0.191948
  0.762     19.9773     -758.46    -349.593     230.816   303295   311946   328662          303295          311946          328662 0.969711  2679.98       0.191487
  0.764     18.4626    -759.294    -349.132     230.302   303251   311946   328490          303251          311946          328490 0.968952  2681.01       0.191011
  0.766     16.9565    -760.128    -348.671     229.786   303091   311946   328375          303091          311946          328375 0.969329  2682.03       0.190523
  0.768      15.459    -760.962    -348.212     229.272   303017   311946   328132          303017          311946          328132 0.968233  2683.05       0.190024
   0.77       13.97    -761.797    -347.754     228.759   302901   311946   327977          302901          311946          327977 0.968019  2684.07       0.189515
  0.772     12.4894    -762.633    -347.297     228.248   302739   311946   327700          302739          311946          327700 0.967283  2685.09          0.189
  0.774     11.0173    -763.469    -346.841     227.741   302644   311946   327461          302644          311946          327461 0.966371   2686.1       0.188478
  0.776     9.55341    -764.306    -346.386     227.239   302466   311946   327257          302466          311946          327257 0.966317  2687.11       0.187953
  0.778     8.09779    -765.144    -345.932     226.742   302338   311279   327106          302338          311279          327106 0.966302  2688.12       0.187426
   0.78     6.65033    -765.982    -345.479     226.251   302227   311279   326993          302227          311279          326993 0.966411  2689.13       0.186898
  0.782     5.21098     -766.82    -345.027     225.767   302003   311279   326769          302003          311279          326769 0.966568  2690.13        0.18637
  0.784     3.77966    -767.659    -344.576     225.291   301938   311279   326609          301938          311279          326609 0.966014  2691.13       0.185845
  0.786     2.35631    -768.499    -344.126     224.823   301823   311279   326430          301823          311279          326430 0.96567  2692.13       0.185324
  0.788    0.940866    -769.339    -343.677     224.365   301773   311279   326043          301773          311279          326043 0.963275  2693.13       0.184808
   0.79   -0.466744    -770.179    -343.229     223.916   301672   311279   325761          301672          311279          325761 0.962079  2694.12       0.184298
  0.792    -1.86658     -771.02    -342.781     223.478   301517   311279   325586          301517          311279          325586 0.962159  2695.12       0.183796
  0.794    -3.25871    -771.862    -342.335     223.052   301495   310561   325378          301495          310561          325378 0.96092   2696.1       0.183304
  0.796    -4.64319    -772.704    -341.889     222.637   301349   310561   325186          301349          310561          325186 0.960745  2697.09       0.182821
  0.798    -6.02008    -773.547    -341.444     222.234   301091   310561   325002          301091          310561          325002 0.961575  2698.08        0.18235
    0.8    -7.38945     -774.39        -341     221.844   301012   310561   324811          301012          310561          324811 0.960917  2699.06       0.181892
  0.802    -8.75135    -775.234    -340.557     221.467   300924   310561   324617          300924          310561          324617 0.960292  2700.04       0.181448
  0.804    -10.1059    -776.078    -340.114     221.104   300778   310561   324463          300778          310561          324463 0.960444  2701.02       0.181018
  0.806     -11.453    -776.923    -339.672     220.754   300712   310561   324187          300712          310561          324187 0.958964     2702       0.180604
  0.808    -12.7929    -777.768    -339.231     220.419   300609   310561   324059          300609          310561          324059 0.958969  2702.97       0.180206
   0.81    -14.1255    -778.614    -338.791     220.099   300531   310561   323853          300531          310561          323853 0.958097  2703.95       0.179826
  0.812     -15.451     -779.46    -338.351     219.794   300402   310561   323637          300402          310561          323637 0.957569  2704.92       0.179464
  0.814    -16.7693    -780.307    -337.912     219.504   300278   310561   323416          300278          310561          323416 0.95694  2705.89       0.179121
  0.816    -18.0806    -781.154    -337.473     219.229   300155   310561   323201          300155          310561          323201 0.956384  2706.86       0.178798
  0.818    -19.3849    -782.002    -337.035      218.97   300019   310561   322813          300019          310561          322813 0.954539  2707.82       0.178496
   0.82    -20.6822     -782.85    -336.597     218.727   299866   310522   322737          299866          310522          322737 0.95543  2708.79       0.178215
  0.822    -21.9726    -783.699     -336.16     218.499   299768   310522   322597          299768          310522          322597 0.9553  2709.75       0.177956
  0.824    -23.2562    -784.548    -335.723     218.288   299583   310522   322401          299583          310522          322401 0.955401  2710.72       0.177719
  0.826     -24.533    -785.397    -335.287     218.093   299388   310522   322245          299388          310522          322245 0.955946  2711.68       0.177505
  0.828     -25.803    -786.247    -334.851     217.914   299192   310522   322101          299192          310522          322101 0.95659  2712.64       0.177314
   0.83    -27.0664    -787.098    -334.415     217.752   299097   310522   321936          299097          310522          321936 0.956244   2713.6       0.177148
  0.832    -28.3231    -787.949     -333.98     217.606   298980   310522   321709          298980          310522          321709 0.95557  2714.57       0.177005
  0.834    -29.5732    -788.801    -333.545     217.476   298741   310522   321611          298741          310522          321611 0.956954  2715.53       0.176888
  0.836    -30.8168    -789.653     -333.11     217.363   298649   309703   321518          298649          309703          321518 0.957143  2716.49       0.176795
  0.838    -32.0539    -790.505    -332.675     217.266   298523   309703   321436          298523          309703          321436 0.95765  2717.45       0.176728
   0.84    -33.2845    -791.358    -332.241     217.186   298479   309703   321301          298479          309703          321301 0.95701  2718.41       0.176687
  0.842    -34.5088    -792.211    -331.806     217.121   298336   309703   321243          298336          309703          321243 0.957759  2719.37       0.176671
  0.844    -35.7267    -793.065    -331.372     217.073   298219   309703   321084          298219          309703          321084 0.957439  2720.33       0.176682
  0.846    -36.9383    -793.919    -330.938     217.041   298090   309703   321013          298090          309703          321013 0.957921  2721.29       0.176719
  0.848    -38.1436    -794.774    -330.504     217.025   297967   309703   320870          297967          309703          320870 0.957726  2722.25       0.176782
   0.85    -39.3427    -795.629     -330.07     217.025   297813   309703   320792          297813          309703          320792 0.958272  2723.22       0.176872
  0.852    -40.5357    -796.485    -329.636      217.04   297632   309703   320723          297632          309703          320723 0.959099  2724.18       0.176989
  0.854    -41.7225    -797.341    -329.202     217.071   297330   309703   320630          297330          309703          320630 0.960711  2725.15       0.177133
  0.856    -42.9033    -798.198    -328.768     217.118   297161   309703   320505          297161          309703          320505 0.961003  2726.11       0.177303
  0.858     -44.078    -799.055    -328.333      217.18   297021   309703   320430          297021          309703          320430 0.961453  2727.08         0.1775
   0.86    -45.2468    -799.912    -327.899     217.256   296893   309703   320307          296893          309703          320307 0.961402  2728.05       0.177724
  0.862    -46.4096     -800.77    -327.464     217.348   296667   309703   320188          296667          309703          320188 0.962139  2729.02       0.177974
  0.864    -47.5665    -801.629    -327.029     217.454   296549   309703   320016          296549          309703          320016 0.961646  2729.99       0.178251
  0.866    -48.7175    -802.487    -326.594     217.574   296476   309703   319825          296476          309703          319825 0.960653  2730.96       0.178555
  0.868    -49.8627    -803.347    -326.159     217.709   296361   307232   319710          296361          307232          319710 0.960553  2731.94       0.178884
   0.87    -51.0021    -804.206    -325.724     217.857   296254   307232   319604          296254          307232          319604 0.96043  2732.92        0.17924
  0.872    -52.1358    -805.067    -325.288     218.019   296195   307232   319454          296195          307232          319454 0.959559   2733.9       0.179622
  0.874    -53.2638    -805.927    -324.851     218.195   295911   307232   319284          295911          307232          319284 0.960277  2734.88        0.18003
  0.876    -54.3861    -806.788    -324.415     218.383   295757   306316   319178          295757          306316          319178 0.960501  2735.87       0.180463
  0.878    -55.5028     -807.65    -323.978     218.584   295643   306316   319056          295643          306316          319056 0.960281  2736.86       0.180921
   0.88    -56.6138    -808.512    -323.541     218.798   295535   306316   318918          295535          306316          318918 0.959869  2737.85       0.181404
  0.882    -57.7194    -809.374    -323.103     219.024   295327   306316   318804          295327          306316          318804 0.960404  2738.85       0.181912
  0.884    -58.8194    -810.237    -322.664     219.261   295221   306316   318652          295221          306316          318652 0.959847  2739.84       0.182443
  0.886     -59.914      -811.1    -322.226      219.51   295050   306316   318557          295050          306316          318557 0.960233  2740.85       0.182999
  0.888    -61.0031    -811.964    -321.786      219.77   294779   306316   318443          294779          306316          318443 0.961257  2741.85       0.183577
   0.89    -62.0869    -812.828    -321.347     220.041   294575   306316   318344          294575          306316          318344 0.961902  2742.86       0.184179
  0.892    -63.1652    -813.693    -320.906     220.323   294445   306316   318247          294445          306316          318247 0.96198  2743.87       0.184802
  0.894    -64.2383    -814.558    -320.465     220.614   294380   306316   318075          294380          306316          318075 0.960968  2744.89       0.185448
  0.896     -65.306    -815.424    -320.024     220.915   294180   306316   318022          294180          306316          318022 0.961873  2745.91       0.186114
  0.898    -66.3685     -816.29    -319.582     221.225   294027   306316   317828          294027          306316          317828 0.96136  2746.93       0.186802
    0.9    -67.4258    -817.156    -319.139     221.544   293779   306316   317770          293779          306316          317770 0.962635  2747.96       0.187509
  0.902    -68.4778    -818.023    -318.695     221.872   293652   306316   317654          293652          306316          317654 0.962545  2748.99       0.188236
  0.904    -69.5248    -818.891    -318.251     222.207   293453   306316   317509          293453          306316          317509 0.962792  2750.03       0.188981
  0.906    -70.5666    -819.758    -317.807      222.55   293376   304449   317262          293376          304449          317262 0.961337  2751.07       0.189745
  0.908    -71.6033    -820.627    -317.361     222.901   293220   304449   317145          293220          304449          317145 0.961486  2752.12       0.190526
   0.91    -72.6349    -821.496    -316.915     223.258   292985   304448   317063          292985          304448          317063 0.962506  2753.17       0.191323
  0.912    -73.6616    -822.365    -316.468     223.621   292846   304448   316934          292846          304448          316934 0.962431  2754.22       0.192136
  0.914    -74.6832    -823.234     -316.02      223.99   292537   304281   316739          292537          304281          316739 0.963204  2755.29       0.192965
  0.916    -75.6999    -824.104    -315.572     224.365   292462   304281   316625          292462          304281          316625 0.962842  2756.35       0.193807
  0.918    -76.7116    -824.975    -315.123     224.744   292309   304281   316521          292309          304281          316521 0.96314  2757.42       0.194664
   0.92    -77.7185    -825.846    -314.673     225.128   292210   304281   316422          292210          304281          316422 0.963045   2758.5       0.195532
  0.922    -78.7205    -826.718    -314.222     225.516   292085   304281   316278          292085          304281          316278 0.962787  2759.58       0.196413
  0.924    -79.7177    -827.589    -313.771     225.907   291879   304281   316167          291879          304281          316167 0.963405  2760.67       0.197304
  0.926      -80.71    -828.462    -313.319     226.302   291765   304281   315963          291765          304281          315963 0.962642  2761.76       0.198205
  0.928    -81.6976    -829.335    -312.866     226.699   291676   304281   315883          291676          304281          315883 0.962613  2762.86       0.199115
   0.93    -82.6805    -830.208    -312.412     227.098   291448   304281   315706          291448          304281          315706 0.962914  2763.96       0.200034
  0.932    -83.6586    -831.082    -311.957     227.499   291321   304281   315494          291321          304281          315494 0.962226  2765.07       0.200959
  0.934    -84.6321    -831.956    -311.502       227.9   291201   304281   315436          291201          304281          315436 0.962642  2766.18       0.201891
  0.936    -85.6009    -832.831    -311.046     228.303   291134   304281   315284          291134          304281          315284 0.961923   2767.3       0.202827
  0.938     -86.565    -833.706    -310.589     228.705   291045   304281   315152          291045          304281          315152 0.9615  2768.43       0.203768
   0.94    -87.5246    -834.581    -310.131     229.108   290941   304281   315068          290941          304281          315068 0.961516  2769.56       0.204713
  0.942    -88.4796    -835.458    -309.672     229.509   290646   304281   314917          290646          304281          314917 0.962485  2770.69       0.205659
  0.944    -89.4301    -836.334    -309.213     229.909   290524   304281   314844          290524          304281          314844 0.962758  2771.84       0.206607
  0.946    -90.3761    -837.211    -308.753     230.308   290334   304281   314782          290334          304281          314782 0.963594  2772.99       0.207555
  0.948    -91.3175    -838.089    -308.292     230.704   290245   304281   314730          290245          304281          314730 0.963746  2774.14       0.208502
   0.95    -92.2546    -838.967     -307.83     231.097   290097   304281   314683          290097          304281          314683 0.964335   2775.3       0.209448
  0.952    -93.1872    -839.845    -307.367     231.488   289937   304281   314611          289937          304281          314611 0.964802  2776.46       0.210391
  0.954    -94.1153    -840.724    -306.904     231.875   289691   304281   314539          289691          304281          314539 0.965898  2777.64        0.21133
  0.956    -95.0392    -841.603     -306.44     232.258   289393   304281   314465          289393          304281          314465 0.967366  2778.81       0.212265
  0.958    -95.9586    -842.483    -305.975     232.637   289272   304281   314362          289272          304281          314362 0.967392     2780       0.213194
   0.96    -96.8738    -843.363    -305.509      233.01   289160   304281   314266          289160          304281          314266 0.967392  2781.18       0.214117
  0.962    -97.7846    -844.244    -305.043     233.379   289071   302003   314063          289071          302003          314063 0.966482  2782.38       0.215033
  0.964    -98.6912    -845.125    -304.576     233.742   288972   302003   313961          288972          302003          313961 0.966336  2783.58        0.21594
  0.966    -99.5936    -846.007    -304.108     234.099   288820   302003   313861          288820          302003          313861 0.966551  2784.78       0.216838
  0.968    -100.492    -846.889    -303.639      234.45   288622   302003   313658          288622          302003          313658 0.966403  2785.99       0.217726
   0.97    -101.386    -847.772     -303.17     234.794   288385   302003   313580          288385          302003          313580 0.967421  2787.21       0.218603
  0.972    -102.275    -848.655      -302.7     235.131   288149   302003   313496          288149          302003          313496 0.968405  2788.43       0.219468
  0.974    -103.161    -849.539     -302.23     235.461   287948   302003   313407          287948          302003          313407 0.969147  2789.66       0.220321
  0.976    -104.043    -850.423    -301.758     235.783   287878   302003   313325          287878          302003          313325 0.969037  2790.89       0.221161
  0.978     -104.92    -851.307    -301.287     236.097   287755   302003   313245          287755          302003          313245 0.969278  2792.12       0.221986
   0.98    -105.793    -852.192    -300.814     236.404   287617   301079   313171          287617          301079          313171 0.969643  2793.37       0.222798
  0.982    -106.663    -853.078    -300.341     236.702   287519   301079   313096          287519          301079          313096 0.969726  2794.61       0.223594
  0.984    -107.528    -853.964    -299.867     236.991   287397   301079   312984          287397          301079          312984 0.969699  2795.87       0.224374
  0.986    -108.389     -854.85    -299.393     237.271   287298   301079   312892          287298          301079          312892 0.969646  2797.12       0.225137
  0.988    -109.247    -855.737    -298.918     237.543   287245   301079   312829          287245          301079          312829 0.96946  2798.38       0.225884
   0.99      -110.1    -856.625    -298.443     237.805   287064   301079   312685          287064          301079          312685 0.96958  2799.65       0.226614
  0.992    -110.949    -857.512    -297.967     238.058   286935   301079   312600          286935          301079          312600 0.969756  2800.92       0.227325
  0.994    -111.795    -858.401    -297.491     238.302   286774   301079   312519          286774          301079          312519 0.970156   2802.2       0.228018
  0.996    -112.637     -859.29    -297.014     238.536   286684   299215   312426          286684          299215          312426 0.969995  2803.48       0.228693
  0.998    -113.475    -860.179    -296.536     238.761   286550   299207   312382          286550          299207          312382 0.970425  2804.76       0.229348
      1    -114.309    -861.069    -296.059     238.976   286450   298753   312291          286450          298753          312291 0.970316  2806.05       0.229984
  1.002    -115.139    -861.959    -295.581     239.182   286231   298753   312188          286231          298753          312188 0.970906  2807.34       0.230601
  1.004    -115.965     -862.85    -295.102     239.377   286110   298753   312123          286110          298753          312123 0.971121  2808.64       0.231198
  1.006    -116.788    -863.741    -294.623     239.563   286012   298753   312034          286012          298753          312034 0.971018  2809.94       0.231775
  1.008    -117.607    -864.633    -294.144      239.74   285854   298753   311951          285854          298753          311951 0.971348  2811.25       0.232332
   1.01    -118.422    -865.525    -293.664     239.907   285758   298753   311835          285758          298753          311835 0.971039  2812.55       0.232869
  1.012    -119.234    -866.417    -293.184     240.064   285597   298753   311708          285597          298753          311708 0.971091  2813.87       0.233386
  1.014    -120.042     -867.31    -292.704     240.212   285433   298753   311615          285433          298753          311615 0.971402  2815.18       0.233883
  1.016    -120.846    -868.204    -292.223     240.351   285356   298753   311555          285356          298753          311555 0.971353   2816.5        0.23436
  1.018    -121.646    -869.098    -291.742      240.48   285295   298753   311457          285295          298753          311457 0.970925  2817.82       0.234817
   1.02    -122.443    -869.993    -291.261     240.601   285206   298753   311337          285206          298753          311337 0.970517  2819.15       0.235254
  1.022    -123.237    -870.888     -290.78     240.712   285063   298753   311279          285063          298753          311279 0.970851  2820.47       0.235672
  1.024    -124.027    -871.783    -290.299     240.815   284870   298753   311143          284870          298753          311143 0.970993   2821.8       0.236071
  1.026    -124.813    -872.679    -289.817      240.91   284802   298753   311023          284802          298753          311023 0.970456  2823.14        0.23645
  1.028    -125.596    -873.575    -289.335     240.996   284676   297362   310939          284676          297362          310939 0.970506  2824.48       0.236811
   1.03    -126.375    -874.472    -288.853     241.074   284487   297362   310816          284487          297362          310816 0.970707  2825.81       0.237154
  1.032    -127.151     -875.37    -288.371     241.144   284432   297362   310699          284432          297362          310699 0.970101  2827.16       0.237479
  1.034    -127.923    -876.268    -287.888     241.207   284232   297362   310633          284232          297362          310633 0.970719   2828.5       0.237786
  1.036    -128.692    -877.166    -287.406     241.263   283931   296679   310570          283931          296679          310570 0.972007  2829.85       0.238076
  1.038    -129.458    -878.065    -286.923     241.311   283840   296679   310388          283840          296679          310388 0.971263  2831.19       0.238349
   1.04     -130.22    -878.964    -286.441     241.353   283443   296679   310304          283443          296679          310304 0.973103  2832.55       0.238606
  1.042    -130.978    -879.864    -285.958     241.389   283407   296679   310138          283407          296679          310138 0.972185   2833.9       0.238848
  1.044    -131.734    -880.764    -285.475     241.418   283297   296679   310066          283297          296679          310066 0.972328  2835.25       0.239074
  1.046    -132.486    -881.664    -284.992     241.442   283234   294584   309954          283234          294584          309954 0.971904  2836.61       0.239286
  1.048    -133.235    -882.565    -284.509      241.46   283180   294584   309809          283180          294584          309809 0.971201  2837.97       0.239484
   1.05     -133.98    -883.467    -284.026     241.474   283033   294584   309714          283033          294584          309714 0.971401  2839.33       0.239668
  1.052    -134.722    -884.369    -283.543     241.483   282895   294584   309398          282895          294584          309398 0.970178  2840.69        0.23984
  1.054    -135.461    -885.272     -283.06     241.487   282862   294584   309268          282862          294584          309268 0.969461  2842.05           0.24
  1.056    -136.197    -886.174    -282.577     241.487   282787   294584   309145          282787          294584          309145 0.969051  2843.42       0.240149
  1.058    -136.929    -887.078    -282.094     241.484   282659   292549   309031          282659          292549          309031 0.96902  2844.78       0.240287
   1.06    -137.659    -887.982    -281.611     241.477   282514   292549   308896          282514          292549          308896 0.968977  2846.15       0.240414
  1.062    -138.385    -888.886    -281.129     241.468   282426   292549   308688          282426          292549          308688 0.968099  2847.52       0.240533
  1.064    -139.108    -889.791    -280.646     241.456   282326   292549   308564          282326          292549          308564 0.967842  2848.89       0.240642
  1.066    -139.827    -890.696    -280.163     241.442   282123   292549   308450          282123          292549          308450 0.968343  2850.26       0.240744
  1.068    -140.544    -891.602     -279.68     241.426   282076   292549   308200          282076          292549          308200 0.966927  2851.64       0.240838
   1.07    -141.258    -892.508    -279.197     241.408   282012   292549   308098          282012          292549          308098 0.966594  2853.01       0.240926
  1.072    -141.968    -893.415    -278.714      241.39   281942   292549   307993          281942          292549          307993 0.966251  2854.39       0.241008
  1.074    -142.676    -894.322    -278.231     241.371   281867   292549   307907          281867          292549          307907 0.966055  2855.76       0.241085
  1.076     -143.38    -895.229    -277.749     241.351   281846   292549   307774          281846          292549          307774 0.965125  2857.14       0.241157
  1.078    -144.081    -896.137    -277.266     241.331   281741   292549   307662          281741          292549          307662 0.964898  2858.52       0.241226
   1.08     -144.78    -897.045    -276.783     241.312   281642   292549   307495          281642          292549          307495 0.964243   2859.9       0.241291
  1.082    -145.475    -897.954    -276.301     241.293   281560   292549   307356          281560          292549          307356 0.963658  2861.28       0.241354
  1.084    -146.167    -898.864    -275.818     241.276   281400   292549   307265          281400          292549          307265 0.963945  2862.66       0.241416
  1.086    -146.857    -899.773    -275.336     241.259   281303   292549   307081          281303          292549          307081 0.963137  2864.04       0.241476
  1.088    -147.543    -900.684    -274.853     241.244   281159   292549   306886          281159          292549          306886 0.962608  2865.43       0.241536
   1.09    -148.227    -901.594    -274.371     241.232   280974   292549   306803          280974          292549          306803 0.963171  2866.81       0.241596
  1.092    -148.907    -902.505    -273.888     241.221   280858   292549   306747          280858          292549          306747 0.963426   2868.2       0.241656
  1.094    -149.585    -903.417    -273.406     241.213   280728   292549   306682          280728          292549          306682 0.963694  2869.58       0.241718
  1.096     -150.26    -904.329    -272.923     241.208   280606   292549   306559          280606          292549          306559 0.963484  2870.97       0.241782
  1.098    -150.932    -905.241    -272.441     241.205   280449   292549   306415          280449          292549          306415 0.963382  2872.36       0.241849
    1.1    -151.601    -906.154    -271.959     241.207   280202   292549   306344          280202          292549          306344 0.964449  2873.75       0.241919
  1.102    -152.267    -907.067    -271.476     241.211   280151   292549   306216          280151          292549          306216 0.963728  2875.14       0.241992
  1.104    -152.931    -907.981    -270.994      241.22   279946   292549   305991          279946          292549          305991 0.963413  2876.53        0.24207
  1.106    -153.591    -908.895    -270.511     241.233   279846   292549   305894          279846          292549          305894 0.963285  2877.93       0.242152
  1.108    -154.249     -909.81    -270.029      241.25   279722   292549   305678          279722          292549          305678 0.962498  2879.32       0.242239
