# n_walkers  560  n_cull  1  simple log(alpha)  -0.001784121793501292
#   T     log_Z(T)      F(T)        U(T)       Cvp(T)    low_pct_i(T) mode_i(T) high_pct_i(T) low_pct_iter(T)  mode_iter(T)   high_pct_iter(T) Z_fract(T)   V(T)   thermal_exp(T)
   0.01     65704.9    -670.743    -669.498     121.139   763900   763974   763974          763900          763974          763974 0.908078  1604.21      0.0338955
  0.012     54526.6    -670.752    -669.255     121.159   763889   763974   763974          763889          763974          763974 0.896315   1604.3      0.0244754
  0.014     46542.2    -670.761    -669.013     121.185   763873   763974   763974          763873          763974          763974 0.895655  1604.37      0.0186112
  0.016     40553.9    -670.771     -668.77     121.212   763857   763974   763974          763857          763974          763974 0.895181  1604.42      0.0147697
  0.018     35896.3    -670.782    -668.528      121.24   763841   763974   763974          763841          763974          763974 0.894135  1604.47      0.0121404
   0.02     32170.2    -670.792    -668.286     121.267   763824   763974   763974          763824          763974          763974 0.894077   1604.5      0.0102643
  0.022     29121.7    -670.803    -668.043     121.293   763809   763974   763974          763809          763974          763974 0.890457  1604.53     0.00887021
  0.024     26581.2    -670.814      -667.8     121.319   763788   763974   763974          763788          763974          763974 0.894146  1604.56      0.0077938
  0.026     24431.6    -670.825    -667.558     121.344   763769   763974   763974          763769          763974          763974 0.895011  1604.58     0.00693369
  0.028     22589.1    -670.837    -667.315      121.37   763748   763973   763974          763748          763973          763974 0.897801   1604.6     0.00622626
   0.03     20992.3    -670.848    -667.072     121.396   763732   763973   763974          763732          763973          763974 0.894577  1604.62     0.00563088
  0.032       19595     -670.86    -666.829     121.424   763707   763973   763974          763707          763973          763974 0.89978  1604.64     0.00512104
  0.034     18362.2    -670.872    -666.587     121.454   763686   763973   763974          763686          763973          763974 0.901328  1604.66     0.00467898
  0.036     17266.3    -670.884    -666.344     121.486   763671   763973   763974          763671          763973          763974 0.89721  1604.67     0.00429239
  0.038     16285.8    -670.896    -666.101      121.52   763652   763973   763974          763652          763973          763974 0.89594  1604.68     0.00395243
   0.04     15403.4    -670.909    -665.857     121.556   763621   763973   763974          763621          763973          763974 0.902807   1604.7     0.00365251
  0.042       14605    -670.922    -665.614     121.595   763593   763973   763974          763593          763973          763974 0.907481  1604.71     0.00338749
  0.044     13879.2    -670.934    -665.371     121.637   763567   763973   763974          763567          763973          763974 0.91038  1604.72     0.00315327
  0.046     13216.5    -670.947    -665.128     121.681   763548   763973   763974          763548          763973          763974 0.90884  1604.73     0.00294647
  0.048       12609     -670.96    -664.884     121.729   763530   763973   763974          763530          763973          763974 0.906364  1604.74     0.00276422
   0.05     12050.1    -670.974    -664.641     121.779   763502   763973   763974          763502          763973          763974 0.908772  1604.75     0.00260407
  0.052     11534.2    -670.987    -664.397     121.832   763485   763973   763974          763485          763973          763974 0.905377  1604.75     0.00246391
  0.054     11056.6    -671.001    -664.154     121.889   763458   763973   763974          763458          763973          763974 0.906389  1604.76     0.00234189
  0.056       10613    -671.014     -663.91     121.948   763441   763973   763974          763441          763973          763974 0.90243  1604.77     0.00223639
  0.058     10200.1    -671.028    -663.666     122.011   763406   763973   763974          763406          763973          763974 0.905988  1604.78     0.00214599
   0.06     9814.68    -671.042    -663.422     122.077   763390   763973   763974          763390          763973          763974 0.901378  1604.78     0.00206942
  0.062     9454.13    -671.056    -663.177     122.147   763360   763973   763974          763360          763973          763974 0.901671  1604.79     0.00200558
  0.064     9116.12     -671.07    -662.933      122.22   763330   763973   763974          763330          763973          763974 0.901678   1604.8     0.00195349
  0.066      8798.6    -671.085    -662.689     122.296   763284   763973   763974          763284          763973          763974 0.907068   1604.8     0.00191228
  0.068     8499.75    -671.099    -662.444     122.377   763267   763973   763974          763267          763973          763974 0.902369  1604.81      0.0018812
   0.07     8217.99    -671.114    -662.199     122.461   763238   763973   763974          763238          763973          763974 0.901019  1604.81     0.00185958
  0.072     7951.88    -671.129    -661.954      122.55   763215   763973   763974          763215          763973          763974 0.897562  1604.82     0.00184683
  0.074     7700.15    -671.144    -661.709     122.644   763183   763973   763974          763183          763973          763974 0.89626  1604.83     0.00184246
  0.076     7461.68    -671.159    -661.463     122.742   763136   763973   763974          763136          763973          763974 0.898769  1604.83     0.00184602
  0.078     7235.44    -671.174    -661.218     122.845   763102   763973   763974          763102          763973          763974 0.897531  1604.84     0.00185716
   0.08     7020.51    -671.189    -660.972     122.954   763063   763973   763974          763063          763973          763974 0.89721  1604.84     0.00187558
  0.082     6816.07    -671.205    -660.726     123.068   763006   763973   763974          763006          763973          763974 0.900915  1604.85     0.00190104
  0.084     6621.36     -671.22     -660.48     123.188   762970   763973   763974          762970          763973          763974 0.899344  1604.86     0.00193336
  0.086     6435.72    -671.236    -660.233     123.315   762938   763973   763974          762938          763973          763974 0.89657  1604.86     0.00197243
  0.088     6258.51    -671.252    -659.987     123.449   762882   763973   763974          762882          763973          763974 0.89853  1604.87     0.00201818
   0.09     6089.18    -671.268    -659.739      123.59   762823   763973   763974          762823          763973          763974 0.900773  1604.87     0.00207061
  0.092     5927.22    -671.284    -659.492     123.739   762787   763973   763974          762787          763973          763974 0.89794  1604.88     0.00212977
  0.094     5772.14    -671.301    -659.245     123.897   762719   763973   763974          762719          763973          763974 0.9009  1604.89     0.00219576
  0.096     5623.54    -671.318    -658.997     124.064   762675   763973   763974          762675          763973          763974 0.899105   1604.9     0.00226875
  0.098        5481    -671.334    -658.748      124.24   762620   763973   763974          762620          763973          763974 0.89889   1604.9     0.00234897
    0.1     5344.16    -671.351      -658.5     124.428   762576   763973   763974          762576          763973          763974 0.896474  1604.91     0.00243668
  0.102     5212.69    -671.368    -658.251     124.626   762507   763973   763974          762507          763973          763974 0.897469  1604.92     0.00253225
  0.104     5086.28    -671.386    -658.001     124.837   762451   763973   763974          762451          763973          763974 0.896138  1604.93     0.00263607
  0.106     4964.64    -671.403    -657.751     125.061   762386   763973   763974          762386          763973          763974 0.895642  1604.94     0.00274865
  0.108     4847.51    -671.421    -657.501     125.299   762304   763973   763974          762304          763973          763974 0.897171  1604.94     0.00287053
   0.11     4734.63    -671.439     -657.25     125.552   762199   763973   763974          762199          763973          763974 0.901419  1604.95     0.00300238
  0.112      4625.8    -671.457    -656.999     125.823   762098   763973   763974          762098          763973          763974 0.904608  1604.96     0.00314493
  0.114     4520.78    -671.475    -656.747     126.111   762035   763973   763974          762035          763973          763974 0.902567  1604.97     0.00329904
  0.116     4419.38    -671.494    -656.494     126.419   761948   763973   763974          761948          763973          763974 0.902912  1604.98     0.00346567
  0.118     4321.43    -671.512    -656.241     126.748   761876   763973   763974          761876          763973          763974 0.901131     1605     0.00364592
   0.12     4226.74    -671.531    -655.987     127.101   761801   763973   763974          761801          763973          763974 0.899067  1605.01     0.00384106
  0.122     4135.16     -671.55    -655.733      127.48   761686   763973   763974          761686          763973          763974 0.900536  1605.02      0.0040525
  0.124     4046.53     -671.57    -655.477     127.887   761603   763973   763974          761603          763973          763974 0.898366  1605.03     0.00428187
  0.126     3960.72     -671.59    -655.221     128.325   761478   763973   763974          761478          763973          763974 0.899733  1605.05     0.00453101
  0.128      3877.6    -671.609    -654.964     128.798   761377   763973   763974          761377          763973          763974 0.898124  1605.06     0.00480203
   0.13     3797.03     -671.63    -654.706     129.308   761207   763973   763974          761207          763973          763974 0.901987  1605.08     0.00509731
  0.132     3718.91     -671.65    -654.447     129.862   761021   763973   763974          761021          763973          763974 0.906946   1605.1     0.00541957
  0.134     3643.12    -671.671    -654.186     130.462   760883   763973   763974          760883          763973          763974 0.907218  1605.11     0.00577192
  0.136     3569.56    -671.692    -653.925     131.115   760776   763973   763974          760776          763973          763974 0.904513  1605.13      0.0061579
  0.138     3498.14    -671.714    -653.662     131.828   760579   763973   763974          760579          763973          763974 0.907339  1605.15     0.00658153
   0.14     3428.76    -671.735    -653.397     132.606   760429   763973   763974          760429          763973          763974 0.90626  1605.18     0.00704743
  0.142     3361.33    -671.758    -653.131      133.46   760220   763973   763974          760220          763973          763974 0.908672   1605.2     0.00756085
  0.144     3295.79     -671.78    -652.863     134.398   759965   763973   763974          759965          763973          763974 0.91285  1605.22     0.00812781
  0.146     3232.04    -671.803    -652.594     135.433   759754   763973   763974          759754          763973          763974 0.913871  1605.25      0.0087552
  0.148     3170.01    -671.826    -652.322     136.576   759495   763973   763974          759495          763973          763974 0.916736  1605.28     0.00945088
   0.15     3109.65     -671.85    -652.047     137.842   759262   763973   763974          759262          763973          763974 0.91728  1605.31      0.0102239
  0.152     3050.87    -671.874     -651.77      139.25   759057   763973   763974          759057          763973          763974 0.915544  1605.35      0.0110844
  0.154     2993.63    -671.899     -651.49     140.819   758769   763973   763974          758769          763973          763974 0.916399  1605.38      0.0120444
  0.156     2937.85    -671.925    -651.207     142.572   758505   763973   763974          758505          763973          763974 0.915321  1605.42      0.0131173
  0.158      2883.5    -671.951     -650.92     144.536   758102   763973   763974          758102          763973          763974 0.91863  1605.47      0.0143185
   0.16      2830.5    -671.977    -650.629     146.741   757828   763973   763974          757828          763973          763974 0.915914  1605.52      0.0156655
  0.162     2778.82    -672.004    -650.333     149.222   757298   763973   763974          757298          763973          763974 0.920701  1605.57      0.0171783
  0.164      2728.4    -672.032    -650.031     152.019   756766   763973   763974          756766          763973          763974 0.924684  1605.63      0.0188794
  0.166     2679.21    -672.061    -649.724     155.176   756314   763973   763974          756314          763973          763974 0.924813  1605.69      0.0207941
  0.168     2631.18     -672.09     -649.41     158.744   755785   763973   763974          755785          763973          763974 0.925344  1605.76      0.0229509
   0.17      2584.3    -672.121    -649.089     162.779   755151   763973   763974          755151          763973          763974 0.927251  1605.84      0.0253814
  0.172     2538.51    -672.152    -648.759     167.342   754378   763973   763974          754378          763973          763974 0.931354  1605.92        0.02812
  0.174     2493.78    -672.185    -648.419       172.5   753590   763973   763974          753590          763973          763974 0.933816  1606.02      0.0312046
  0.176     2450.07    -672.219    -648.069     178.325   752568   763973   763974          752568          763973          763974 0.938804  1606.12      0.0346753
  0.178     2407.35    -672.254    -647.705     184.891   751433   763973   763974          751433          763973          763974 0.944536  1606.24      0.0385743
   0.18     2365.59     -672.29    -647.328     192.275   750621   763973   763974          750621          763973          763974 0.943907  1606.37      0.0429451
  0.182     2324.76    -672.329    -646.936      200.55   749077   763973   763974          749077          763973          763974 0.952143  1606.52      0.0478303
  0.184     2284.82    -672.369    -646.526     209.787   747521   763603   763974          747521          763603          763974 0.959714  1606.68      0.0532702
  0.186     2245.76    -672.411    -646.096     220.045   746245   763603   763974          746245          763603          763974 0.962287  1606.86      0.0592997
  0.188     2207.53    -672.455    -645.645     231.368   744911   763603   763974          744911          763603          763974 0.96425  1607.06       0.065945
   0.19     2170.12    -672.501     -645.17     243.776   743250   761094   763974          743250          761094          763974 0.967257  1607.29      0.0732185
  0.192     2133.51     -672.55    -644.669     257.259   741369   761094   763974          741369          761094          763974 0.9713  1607.53       0.081115
  0.194     2097.67    -672.602     -644.14     271.771   739492   759644   763974          739492          759644          763974 0.974411  1607.81      0.0896112
  0.196     2062.57    -672.657    -643.581     287.267   737899   759604   763974          737899          759604          763974 0.974878  1608.11      0.0987051
  0.198      2028.2    -672.715     -642.99     303.989   735809   756942   763974          735809          756942          763974 0.977218  1608.44       0.108702
    0.2     1994.53    -672.778    -642.363     324.269   733342   756942   763974          733342          756942          763974 0.981731  1608.81       0.122021
  0.202     1961.56    -672.844    -641.682     363.157   732152   751320   763974          732152          751320          763974 0.979189  1609.25       0.153941
  0.204     1929.25    -672.915    -640.846     507.417   730188   751320   763974          730188          751320          763974 0.976876  1609.91       0.292751
  0.206     1897.61    -672.995    -639.312     1202.04   728277   747980   763974          728277          747980          763974 0.956597  1611.69       0.994391
  0.208      1866.7    -673.099    -634.661     3971.44   639649   747583   763974          639649          747583          763974 0.983952  1618.61        3.82836
   0.21     1836.74     -673.28     -622.26     7874.28   632538   747583   763974          632538          747583          763974 0.992087  1638.52        7.82334
  0.212     1807.98    -673.595    -608.513     4881.37   631277   645011   755330          631277          645011          755330 0.964038  1661.02         4.8193
  0.214     1780.18    -674.001    -602.598     1549.56   630530   643032   662129          630530          643032          662129 0.918628  1670.65        1.47847
  0.216     1753.04    -674.437    -600.705     572.927   629778   642652   661039          629778          642652          661039 0.950881  1673.56       0.494266
  0.218     1726.44    -674.883    -599.829     356.534   628581   642652   660062          628581          642652          660062 0.958884  1674.76       0.273476
   0.22     1700.35    -675.334    -599.175     309.527   627215   640577   659142          627215          640577          659142 0.96255  1675.57       0.224302
  0.222     1674.74    -675.788    -598.569     298.971   626009   640559   658052          626009          640559          658052 0.963374   1676.3        0.21261
  0.224      1649.6    -676.245    -597.973      296.85   625323   639815   657069          625323          639815          657069 0.961839  1677.01       0.209857
  0.226     1624.92    -676.706     -597.38     297.149   624222   639739   656139          624222          639739          656139 0.962825  1677.71       0.209819
  0.228     1600.69    -677.169    -596.784     298.499   623544   638578   655001          623544          638578          655001 0.96011  1678.42       0.211024
   0.23     1576.89    -677.636    -596.185     300.521   622762   638052   653868          622762          638052          653868 0.958026  1679.13       0.213019
  0.232     1553.52    -678.106    -595.582     303.039   621748   638052   653314          621748          638052          653314 0.960642  1679.85       0.215567
  0.234     1530.56    -678.579    -594.973     305.913   620923   637384   652540          620923          637384          652540 0.960082  1680.58        0.21847
  0.236        1508    -679.055    -594.358     309.003   619787   637384   651712          619787          637384          651712 0.961059  1681.32       0.221541
  0.238     1485.83    -679.534    -593.737     312.172   618457   637384   650793          618457          637384          650793 0.962963  1682.07       0.224599
   0.24     1464.05    -680.017    -593.109     315.295   617681   637078   650075          617681          637078          650075 0.962867  1682.83        0.22749
  0.242     1442.64    -680.503    -592.476     318.264   616597   636595   649460          616597          636595          649460 0.964679   1683.6       0.230085
  0.244      1421.6    -680.992    -591.836         321   615324   636497   648771          615324          636497          648771 0.966936  1684.38       0.232298
  0.246     1400.91    -681.484    -591.192     323.455   613814   633264   647930          613814          633264          647930 0.969694  1685.16       0.234082
  0.248     1380.57     -681.98    -590.543     325.613   612966   625912   647179          612966          625912          647179 0.969911  1685.96       0.235434
   0.25     1360.56    -682.479     -589.89     327.488   612320   625912   646089          612320          625912          646089 0.967171  1686.75       0.236389
  0.252     1340.89    -682.982    -589.233     329.124   611865   625912   645211          611865          625912          645211 0.964093  1687.55       0.237013
  0.254     1321.54    -683.487    -588.573     330.583   611023   625912   644279          611023          625912          644279 0.962219  1688.35       0.237393
  0.256     1302.51    -683.996    -587.911     331.939   610095   625912   643585          610095          625912          643585 0.961951  1689.15       0.237631
  0.258     1283.78    -684.509    -587.246     333.274   608697   625912   642877          608697          625912          642877 0.96422  1689.96       0.237828
   0.26     1265.35    -685.024    -586.578      334.67   607582   625912   641992          607582          625912          641992 0.96447  1690.76       0.238087
  0.262     1247.22    -685.543    -585.907     336.206   606464   624289   641255          606464          624289          641255 0.965749  1691.57       0.238496
  0.264     1229.38    -686.065    -585.233     337.956   605780   624289   640657          605780          624289          640657 0.965257  1692.37       0.239138
  0.266     1211.81    -686.591    -584.555      339.99   604906   624289   639950          604906          624289          639950 0.964711  1693.19       0.240082
  0.268     1194.53     -687.12    -583.872     342.375   603522   623707   639290          603522          623707          639290 0.967062     1694       0.241388
   0.27      1177.5    -687.652    -583.185      345.18   602724   618669   638483          602724          618669          638483 0.965461  1694.82       0.243114
  0.272     1160.75    -688.187    -582.491     348.481   602121   618669   637594          602121          618669          637594 0.961968  1695.65       0.245315
  0.274     1144.25    -688.726    -581.791     352.364   600539   618669   636604          600539          618669          636604 0.962767  1696.49       0.248052
  0.276        1128    -689.269    -581.081     356.935   599266   618669   635098          599266          618669          635098 0.960076  1697.33       0.251395
  0.278     1111.99    -689.814    -580.362     362.323   597838   618669   634522          597838          618669          634522 0.963049  1698.19        0.25543
   0.28     1096.23    -690.363    -579.632     368.685   596947   613275   633523          596947          613275          633523 0.960801  1699.07       0.260257
  0.282      1080.7    -690.916    -578.887     376.209   596233   613275   632209          596233          613275          632209 0.955542  1699.96       0.265993
  0.284     1065.41    -691.472    -578.126     385.116   595387   613275   631501          595387          613275          631501 0.952912  1700.88       0.272771
  0.286     1050.34    -692.033    -577.345     395.657   593823   613275   630616          593823          613275          630616 0.951964  1701.82       0.280734
  0.288      1035.5    -692.597    -576.542     408.103   591315   613275   629584          591315          613275          629584 0.955034  1702.79       0.290024
   0.29     1020.87    -693.165    -575.711     422.735   589414   613275   629063          589414          613275          629063 0.9573   1703.8       0.300771
  0.292     1006.46    -693.737    -574.849     439.818   587482   608309   628396          587482          608309          628396 0.958439  1704.84       0.313064
  0.294     992.255    -694.313     -573.95      459.57   585685   608309   627675          585685          608309          627675 0.958296  1705.94       0.326924
  0.296     978.262    -694.894    -573.009     482.115   583893   606487   626866          583893          606487          626866 0.956432  1707.08       0.342269
  0.298     964.473     -695.48     -572.02     507.438   581760   606487   626130          581760          606487          626130 0.955832  1708.27       0.358864
    0.3     950.885    -696.072    -570.978     535.332   577642   606487   625164          577642          606487          625164 0.963297  1709.53       0.376289
  0.302     937.495    -696.668    -569.877     565.377   575359   606487   624425          575359          606487          624425 0.964835  1710.85       0.393908
  0.304     924.301    -697.271    -568.715     596.963   573453   606487   623708          573453          606487          623708 0.965337  1712.22        0.41088
  0.306       911.3     -697.88    -567.489     629.417   570641   606487   622604          570641          606487          622604 0.967578  1713.66       0.426221
  0.308     898.489    -698.496    -566.197     662.299   567475   598665   621723          567475          598665          621723 0.972072  1715.14       0.438959
   0.31     885.866    -699.118    -564.839     695.973   565493   598037   620569          565493          598037          620569 0.971707  1716.67       0.448407
  0.312     873.429    -699.748    -563.411      732.64   563513   598037   619602          563513          598037          619602 0.970961  1718.22       0.454627
  0.314     861.176    -700.386    -561.903     778.148   561621   598037   618797          561621          598037          618797 0.968954  1719.79       0.459206
  0.316     849.104    -701.033    -560.285     845.119   559251   586153   617086          559251          586153          617086 0.9631  1721.38       0.466613
  0.318     837.213    -701.688    -558.492     958.061   557497   577840   615585          557497          577840          615585 0.951946  1723.02       0.486561
   0.32     825.504    -702.355    -556.394     1160.13   555538   577840   613826          555538          577840          613826 0.932292  1724.77       0.537743
  0.322     813.981    -703.034    -553.749     1516.14   551825   577840   611321          551825          577840          611321 0.902539   1726.8       0.651581
  0.324     802.655    -703.731    -550.182     2090.96   507356   577840   609498          507356          577840          609498 0.955483  1729.39       0.868182
  0.326     791.543    -704.452    -545.248     2863.68   496830   574537   607956          496830          574537          607956 0.967397  1732.95        1.20467
  0.328     780.669    -705.208    -538.752     3591.13   488214   574537   605464          488214          574537          605464 0.973667   1737.8        1.58787
   0.33     770.053    -706.005      -531.2     3853.18   480750   508487   602932          480750          508487          602932 0.981106  1743.83        1.83836
  0.332       759.7    -706.846    -523.784     3466.48   478990   508487   593440          478990          508487          593440 0.968783  1750.31        1.82728
  0.334     749.591    -707.728    -517.578      2715.6   476869   507821   584340          476869          507821          584340 0.958844  1756.39         1.6218
  0.336     739.694     -708.64    -512.897     1993.03   474771   499707   575153          474771          499707          575153 0.951292  1761.66        1.37857
  0.338     729.981    -709.575    -509.465     1475.56   472279   499707   531631          472279          499707          531631 0.892861  1766.18        1.19184
   0.34      720.43    -710.527     -506.86     1158.05   470019   499707   528025          470019          499707          528025 0.917668  1770.17        1.07892
  0.342     711.027     -711.49    -504.741     979.105   467983   499707   525235          467983          499707          525235 0.933096  1773.88         1.0242
  0.344     701.763    -712.464    -502.889     883.403   465250   499707   523183          465250          499707          523183 0.946216  1777.48        1.00772
  0.346     692.631    -713.447    -501.177     834.306   463386   499707   522001          463386          499707          522001 0.954614  1781.08        1.01411
  0.348     683.629    -714.438    -499.535     810.145   460732   499707   519713          460732          499707          519713 0.958656  1784.72         1.0331
   0.35     674.752    -715.437    -497.928     798.661   457649   487612   517706          457649          487612          517706 0.964362  1788.46        1.05818
  0.352     665.998    -716.444    -496.337     793.043   455896   481547   515927          455896          481547          515927 0.966277   1792.3        1.08529
  0.354     657.364    -717.458    -494.754     789.569   454055   481547   514435          454055          481547          514435 0.968369  1796.24        1.11205
  0.356     648.849     -718.48    -493.178      786.29   452556   481547   513055          452556          481547          513055 0.969342  1800.28         1.1372
  0.358      640.45     -719.51     -491.61     782.301   451504   481547   511515          451504          481547          511515 0.9672  1804.43        1.16029
   0.36     632.164    -720.547     -490.05     777.331   449250   481547   509583          449250          481547          509583 0.967068  1808.66        1.18155
  0.362      623.99    -721.591    -488.501     771.499   446667   481547   508242          446667          481547          508242 0.970327  1812.97        1.20171
  0.364     615.926    -722.642    -486.964      765.16   445021   472504   504898          445021          472504          504898 0.965843  1817.37        1.22197
  0.366      607.97    -723.701     -485.44     758.816   443179   469090   503596          443179          469090          503596 0.967321  1821.86        1.24397
  0.368     600.119    -724.766    -483.928     753.061   441546   469090   501689          441546          469090          501689 0.966227  1826.44        1.26981
   0.37     592.371    -725.838    -482.427     748.568   440109   466103   499982          440109          466103          499982 0.964615  1831.14         1.3022
  0.372     584.725    -726.917    -480.933     746.098   437488   466103   496989          437488          466103          496989 0.962598  1835.99        1.34479
  0.374     577.179    -728.003    -479.441     746.553   435516   464461   494296          435516          464461          494296 0.961076  1841.04         1.4026
  0.376     569.731    -729.096    -477.944     751.067   433985   459021   492066          433985          459021          492066 0.958812  1846.35        1.48287
  0.378     562.379    -730.195    -476.433      761.14   432584   459021   490057          432584          459021          490057 0.9561  1852.03        1.59622
   0.38     555.123    -731.301    -474.894     778.825   430333   457255   488628          430333          457255          488628 0.956985  1858.24        1.75829
  0.382     547.961    -732.414    -473.311     806.953   428975   457255   486218          428975          457255          486218 0.949999  1865.19        1.99188
  0.384     540.892    -733.535    -471.657      849.36   426421   457255   484546          426421          457255          484546 0.947274  1873.23        2.32911
  0.386     533.916    -734.662      -469.9     910.988   422493   453697   482862          422493          453697          482862 0.946413  1882.83         2.8129
  0.388     527.033    -735.798    -467.996     997.652   420255   453697   481763          420255          453697          481763 0.939606  1894.68        3.49557
   0.39     520.245    -736.944    -465.889     1115.06   417257   453697   479923          417257          453697          479923 0.927504  1909.67        4.43097
  0.392     513.551    -738.099    -463.513     1266.55   408948   453697   478024          408948          453697          478024 0.925453  1928.93        5.65554
  0.394     506.955    -739.266    -460.802     1449.32   386635   445682   476111          386635          445682          476111 0.972778  1953.72         7.1552
  0.396      500.46    -740.447    -457.704     1649.64   383406   445682   474787          383406          445682          474787 0.977531  1985.17        8.82445
  0.398     494.069    -741.643     -454.21     1839.96   380727   442012   473505          380727          442012          473505 0.982341  2023.85        10.4421
    0.4     487.786    -742.856    -450.376      1982.1   379055   442012   471609          379055          442012          471609 0.984081  2069.34        11.7016
  0.402      481.61    -744.088    -446.338     2039.33   377656   390698   469771          377656          390698          469771 0.985984  2119.91        12.3131
  0.404     475.543    -745.339    -442.289     1992.73   377385   390698   465270          377385          390698          465270 0.980835  2172.66        12.1342
  0.406     469.581    -746.608    -438.431     1850.86   377132   390698   459926          377132          390698          459926 0.973676  2224.26        11.2354
  0.408      463.72    -747.894    -434.928     1644.95   376705   390698   455472          376705          390698          455472 0.967935   2271.8        9.85235
   0.41     457.952    -749.195    -431.868     1413.78   376376   390698   448532          376376          390698          448532 0.955744  2313.37        8.26908
  0.412      452.27    -750.509    -429.268     1189.61   375976   390698   442053          375976          390698          442053 0.94627  2348.25        6.71744
  0.414     446.669    -751.834    -427.092     991.848   375625   390698   431918          375625          390698          431918 0.92375  2376.64        5.33667
  0.416     441.142    -753.166    -425.278     827.989   375153   390698   417505          375153          390698          417505 0.888738  2399.28        4.18254
  0.418     435.684    -754.506    -423.758     697.652   374757   386952   413332          374757          386952          413332 0.896759  2417.11        3.25618
   0.42     430.291    -755.851    -422.468     596.552   374247   386760   410380          374247          386760          410380 0.906359  2431.06        2.53126
  0.422      424.96    -757.201    -421.356     519.208   374034   386760   409483          374034          386760          409483 0.920188  2441.97        1.97237
  0.424     419.688    -758.554    -420.379     460.367   373701   386760   407015          373701          386760          407015 0.922767  2450.53        1.54479
  0.426     414.474    -759.911    -419.505     415.589   373302   386760   405749          373302          386760          405749 0.929867  2457.28        1.21859
  0.428     409.315     -761.27    -418.709     381.359   373006   386760   404978          373006          386760          404978 0.936934  2462.63        0.96965
   0.43     404.209    -762.632    -417.974     354.993   372573   386760   403623          372573          386760          403623 0.939858  2466.92       0.779225
  0.432     399.156    -763.996    -417.285     334.493   372389   383658   402901          372389          383658          402901 0.943755  2470.39       0.633063
  0.434     394.154    -765.362    -416.633      318.38   372214   383658   401644          372214          383658          401644 0.943394  2473.23        0.52044
  0.436     389.202     -766.73     -416.01     305.571   372093   382008   400643          372093          382008          400643 0.943305  2475.58       0.433322
  0.438     384.299      -768.1    -415.409      295.27   371734   382008   400095          371734          382008          400095 0.94666  2477.55       0.365692
   0.44     379.444    -769.471    -414.827     286.889   371594   382008   399580          371594          382008          399580 0.948109  2479.23       0.313031
  0.442     374.637    -770.844    -414.261     279.996   371250   382008   398812          371250          382008          398812 0.948573  2480.68        0.27193
  0.444     369.876    -772.218    -413.707     274.266   370855   382008   398317          370855          382008          398317 0.950959  2481.94       0.239805
  0.446     365.161    -773.594    -413.163     269.458   370696   382008   397781          370696          382008          397781 0.951057  2483.07       0.214682
  0.448     360.491    -774.971    -412.628     265.387   370261   382008   397320          370261          382008          397320 0.95331  2484.09       0.195048
   0.45     355.866    -776.349    -412.101     261.913   370060   382008   396961          370060          382008          396961 0.954344  2485.02        0.17973
  0.452     351.284    -777.729     -411.58     258.926   369446   382008   396483          369446          382008          396483 0.95728  2485.88       0.167818
  0.454     346.745    -779.109    -411.065     256.343   369339   382008   396102          369339          382008          396102 0.957227  2486.69         0.1586
  0.456     342.249    -780.491    -410.555     254.096   369173   380970   395781          369173          380970          395781 0.957776  2487.46       0.151516
  0.458     337.795    -781.874    -410.048     252.134   369000   380970   395065          369000          380970          395065 0.955294   2488.2       0.146123
   0.46     333.382    -783.259    -409.546     250.412   368717   380970   394793          368717          380970          394793 0.956689  2488.92       0.142069
  0.462     329.009    -784.644    -409.047     248.897   368438   380970   394569          368438          380970          394569 0.958234  2489.61       0.139077
  0.464     324.677     -786.03     -408.55      247.56   368199   380970   394254          368199          380970          394254 0.958646   2490.3       0.136922
  0.466     320.384    -787.418    -408.056     246.377   367919   380970   393828          367919          380970          393828 0.958487  2490.98       0.135426
  0.468      316.13    -788.807    -407.565      245.33   367562   380970   393585          367562          380970          393585 0.960056  2491.65       0.134447
   0.47     311.915    -790.197    -407.075     244.401   367365   380970   393272          367365          380970          393272 0.959933  2492.32       0.133869
  0.472     307.738    -791.587    -406.587     243.577   367036   380970   393072          367036          380970          393072 0.961365  2492.99       0.133601
  0.474     303.598    -792.979    -406.101     242.845   366892   378647   392848          366892          378647          392848 0.961202  2493.65       0.133569
  0.476     299.495    -794.372    -405.616     242.196   366535   378089   392537          366535          378089          392537 0.961745  2494.32       0.133716
  0.478     295.429    -795.766    -405.132     241.619   366168   378089   392255          366168          378089          392255 0.962553  2494.99       0.133995
   0.48     291.398    -797.161    -404.649     241.109   365772   378089   391904          365772          378089          391904 0.963096  2495.66       0.134368
  0.482     287.403    -798.557    -404.167     240.656   365374   378089   391587          365374          378089          391587 0.963995  2496.33       0.134809
  0.484     283.443    -799.954    -403.686     240.257   365110   378089   391323          365110          378089          391323 0.964382     2497       0.135294
  0.486     279.518    -801.352    -403.206     239.904   364871   378089   391074          364871          378089          391074 0.964616  2497.68       0.135806
  0.488     275.627    -802.751    -402.727     239.594   364558   377965   390793          364558          377965          390793 0.965106  2498.36       0.136334
   0.49      271.77    -804.151    -402.248     239.321   364203   377965   390356          364203          377965          390356 0.96484  2499.04       0.136868
  0.492     267.946    -805.552    -401.769     239.083   364008   377965   390056          364008          377965          390056 0.964492  2499.73       0.137401
  0.494     264.155    -806.954    -401.291     238.876   363802   377965   389731          363802          377965          389731 0.964017  2500.42        0.13793
  0.496     260.397    -808.357    -400.814     238.697   363476   377965   389538          363476          377965          389538 0.965228  2501.11       0.138452
  0.498     256.671     -809.76    -400.337     238.542   363384   374263   389153          363384          374263          389153 0.963491   2501.8       0.138966
    0.5     252.976    -811.165     -399.86      238.41   363020   374263   388819          363020          374263          388819 0.963961   2502.5       0.139474
  0.502     249.313    -812.571    -399.383     238.298   362602   374263   388498          362602          374263          388498 0.964912   2503.2       0.139975
  0.504      245.68    -813.977    -398.907     238.204   362490   374263   388181          362490          374263          388181 0.963834   2503.9       0.140471
  0.506     242.079    -815.385     -398.43     238.126   362170   374263   387903          362170          374263          387903 0.96438   2504.6       0.140964
  0.508     238.507    -816.793    -397.954     238.062   361963   374263   387698          361963          374263          387698 0.964642  2505.31       0.141458
   0.51     234.965    -818.203    -397.478     238.011   361839   372697   387397          361839          372697          387397 0.963571  2506.02       0.141953
  0.512     231.453    -819.613    -397.002     237.971   361509   372697   387206          361509          372697          387206 0.964658  2506.74       0.142453
  0.514      227.97    -821.025    -396.526     237.941   361338   372697   386966          361338          372697          386966 0.964235  2507.45        0.14296
  0.516     224.516    -822.437     -396.05     237.919   361135   372697   386689          361135          372697          386689 0.963709  2508.17       0.143477
  0.518      221.09     -823.85    -395.574     237.905   360920   372697   386223          360920          372697          386223 0.961929  2508.89       0.144005
   0.52     217.692    -825.264    -395.099     237.896   360639   372697   385939          360639          372697          385939 0.96196  2509.61       0.144547
  0.522     214.322    -826.679    -394.623     237.893   360351   372697   385616          360351          372697          385616 0.961755  2510.34       0.145104
  0.524     210.979    -828.095    -394.147     237.893   360043   372697   385424          360043          372697          385424 0.962701  2511.07       0.145677
  0.526     207.664    -829.511    -393.671     237.896   359616   372697   385200          359616          372697          385200 0.964251   2511.8       0.146268
  0.528     204.375    -830.929    -393.195     237.901   359363   372697   385024          359363          372697          385024 0.964929  2512.54       0.146878
   0.53     201.113    -832.348     -392.72     237.906   359186   369508   384826          359186          369508          384826 0.964852  2513.28       0.147506
  0.532     197.877    -833.767    -392.244     237.912   358928   369508   384544          358928          369508          384544 0.964726  2514.02       0.148154
  0.534     194.667    -835.187    -391.768     237.916   358789   369508   384266          358789          369508          384266 0.963788  2514.77       0.148821
  0.536     191.483    -836.608    -391.292     237.919   358612   369508   384013          358612          369508          384013 0.96324  2515.52       0.149507
  0.538     188.323    -838.031    -390.816     237.919   358324   369508   383776          358324          369508          383776 0.96363  2516.28       0.150211
   0.54     185.189    -839.454     -390.34     237.915   357935   369508   383534          357935          369508          383534 0.964745  2517.03       0.150933
  0.542      182.08    -840.877    -389.865     237.907   357744   369508   383251          357744          369508          383251 0.96416  2517.79       0.151672
  0.544     178.995    -842.302    -389.389     237.894   357600   369508   383005          357600          369508          383005 0.9635  2518.56       0.152425
  0.546     175.934    -843.728    -388.913     237.875   357426   369508   382851          357426          369508          382851 0.963672  2519.33       0.153193
  0.548     172.898    -845.154    -388.437      237.85   357067   369508   382523          357067          369508          382523 0.96394   2520.1       0.153974
   0.55     169.885    -846.581    -387.962     237.818   356739   369508   382357          356739          369508          382357 0.965281  2520.88       0.154765
  0.552     166.895    -848.009    -387.486     237.779   356476   369508   382218          356476          369508          382218 0.96632  2521.66       0.155566
  0.554     163.928    -849.438    -387.011     237.731   356265   369508   382070          356265          369508          382070 0.966882  2522.45       0.156375
  0.556     160.984    -850.868    -386.535     237.675   356072   369508   381840          356072          369508          381840 0.966666  2523.24        0.15719
  0.558     158.063    -852.299     -386.06      237.61   355907   369508   381611          355907          369508          381611 0.966282  2524.04       0.158008
   0.56     155.164     -853.73    -385.585     237.536   355696   369508   381431          355696          369508          381431 0.966535  2524.84        0.15883
  0.562     152.288    -855.163     -385.11     237.452   355417   369508   381234          355417          369508          381234 0.967157  2525.64       0.159653
  0.564     149.433    -856.596    -384.635     237.359   355235   369508   381025          355235          369508          381025 0.967019  2526.45       0.160475
  0.566       146.6     -858.03     -384.16     237.256   354986   369508   380778          354986          369508          380778 0.967057  2527.26       0.161294
  0.568     143.788    -859.465    -383.686     237.143   354793   369508   380617          354793          369508          380617 0.967322  2528.08       0.162111
   0.57     140.998    -860.901    -383.212      237.02   354552   369508   380329          354552          369508          380329 0.967069   2528.9       0.162922
  0.572     138.228    -862.337    -382.738     236.887   354213   365339   380135          354213          365339          380135 0.968125  2529.73       0.163728
  0.574     135.479    -863.774    -382.264     236.745   353947   365339   379782          353947          365339          379782 0.967729  2530.56       0.164526
  0.576     132.751    -865.213    -381.791     236.593   353645   365339   379625          353645          365339          379625 0.96893  2531.39       0.165317
  0.578     130.043    -866.652    -381.318     236.432   353531   365339   379348          353531          365339          379348 0.96804  2532.23         0.1661
   0.58     127.355    -868.091    -380.845     236.262   353348   365339   379136          353348          365339          379136 0.968037  2533.08       0.166873
  0.582     124.687    -869.532    -380.373     236.083   353172   365339   378862          353172          365339          378862 0.96758  2533.92       0.167636
  0.584     122.038    -870.973    -379.901     235.897   352948   365339   378729          352948          365339          378729 0.96841  2534.78        0.16839
  0.586     119.409    -872.415    -379.429     235.703   352823   365339   378514          352823          365339          378514 0.967937  2535.63       0.169134
  0.588     116.799    -873.858    -378.958     235.502   352703   364162   378238          352703          364162          378238 0.967018  2536.49       0.169867
   0.59     114.209    -875.302    -378.487     235.295   352582   364162   378101          352582          364162          378101 0.966979  2537.36       0.170591
  0.592     111.637    -876.747    -378.017     235.082   352420   364162   377848          352420          364162          377848 0.96636  2538.22       0.171306
  0.594     109.083    -878.192    -377.547     234.864   352136   364162   377511          352136          364162          377511 0.966052  2539.09       0.172011
  0.596     106.548    -879.638    -377.077     234.642   351943   364162   377189          351943          364162          377189 0.965299  2539.97       0.172708
  0.598     104.032    -881.085    -376.608     234.416   351773   364162   376940          351773          364162          376940 0.96489  2540.85       0.173396
    0.6     101.533    -882.532     -376.14     234.188   351523   362664   376789          351523          362664          376789 0.965677  2541.73       0.174078
  0.602     99.0523    -883.981    -375.672     233.958   351400   362664   376486          351400          362664          376486 0.964516  2542.62       0.174753
  0.604     96.5892     -885.43    -375.204     233.726   351278   362664   376183          351278          362664          376183 0.963321  2543.51       0.175421
  0.606     94.1436     -886.88    -374.737     233.494   351162   362664   376013          351162          362664          376013 0.962949   2544.4       0.176085
  0.608     91.7153     -888.33     -374.27     233.263   350844   362664   375864          350844          362664          375864 0.964106   2545.3       0.176745
   0.61     89.3042    -889.782    -373.804     233.032   350683   362664   375666          350683          362664          375666 0.963813   2546.2       0.177402
  0.612     86.9101    -891.234    -373.338     232.804   350412   362664   375356          350412          362664          375356 0.963547  2547.11       0.178057
  0.614     84.5327    -892.687    -372.872     232.578   350212   362664   375250          350212          362664          375250 0.964195  2548.02        0.17871
  0.616      82.172     -894.14    -372.407     232.355   349972   362664   374999          349972          362664          374999 0.964057  2548.93       0.179362
  0.618     79.8278    -895.594    -371.943     232.137   349660   362664   374820          349660          362664          374820 0.964903  2549.85       0.180015
   0.62     77.4998    -897.049    -371.479     231.923   349454   362090   374676          349454          362090          374676 0.965276  2550.77       0.180669
  0.622      75.188    -898.505    -371.015     231.714   349168   362090   374529          349168          362090          374529 0.966184  2551.69       0.181324
  0.624     72.8921    -899.962    -370.552     231.511   349041   359645   374359          349041          359645          374359 0.965816  2552.62       0.181981
  0.626     70.6121    -901.419    -370.089     231.314   348606   359645   374185          348606          359645          374185 0.967538  2553.55       0.182642
  0.628     68.3477    -902.877    -369.627     231.124   348504   359645   373879          348504          359645          373879 0.966141  2554.48       0.183305
   0.63     66.0988    -904.335    -369.165     230.942   348178   359645   373675          348178          359645          373675 0.966985  2555.42       0.183972
  0.632     63.8652    -905.795    -368.703     230.766   348014   359645   373473          348014          359645          373473 0.966782  2556.36       0.184643
  0.634     61.6469    -907.255    -368.242     230.598   347786   359645   373311          347786          359645          373311 0.967294  2557.31       0.185318
  0.636     59.4436    -908.715    -367.781     230.439   347485   359645   373099          347485          359645          373099 0.968015  2558.26       0.185996
  0.638     57.2552    -910.177     -367.32     230.287   347301   359645   372908          347301          359645          372908 0.968099  2559.21       0.186679
   0.64     55.0816    -911.639    -366.859     230.144   347111   357957   372743          347111          357957          372743 0.968384  2560.17       0.187364
  0.642     52.9225    -913.102    -366.399     230.008   346919   357957   372507          346919          357957          372507 0.968204  2561.13       0.188053
  0.644      50.778    -914.565    -365.939     229.881   346716   357957   372033          346716          357957          372033 0.966487   2562.1       0.188744
  0.646     48.6478    -916.029     -365.48     229.763   346611   357957   371850          346611          357957          371850 0.966208  2563.07       0.189437
  0.648     46.5318    -917.494     -365.02     229.652   346536   357957   371699          346536          357957          371699 0.96587  2564.04       0.190131
   0.65     44.4298     -918.96    -364.561     229.549   346331   357957   371384          346331          357957          371384 0.965292  2565.02       0.190826
  0.652     42.3418    -920.426    -364.102     229.453   346260   357957   371274          346260          357957          371274 0.96521     2566        0.19152
  0.654     40.2676    -921.893    -363.643     229.365   346103   357957   371108          346103          357957          371108 0.965279  2566.98       0.192212
  0.656      38.207     -923.36    -363.185     229.284   345964   357957   370966          345964          357957          370966 0.965345  2567.97       0.192901
  0.658       36.16    -924.828    -362.726     229.209   345785   357957   370660          345785          357957          370660 0.964511  2568.96       0.193586
   0.66     34.1264    -926.297    -362.268      229.14   345676   356741   370500          345676          356741          370500 0.964214  2569.96       0.194266
  0.662     32.1061    -927.767     -361.81     229.077   345534   356741   370369          345534          356741          370369 0.964333  2570.96       0.194939
  0.664     30.0989    -929.237    -361.352     229.019   345216   356741   370137          345216          356741          370137 0.965033  2571.96       0.195604
  0.666     28.1048    -930.708    -360.894     228.966   344937   356476   369964          344937          356476          369964 0.965945  2572.97        0.19626
  0.668     26.1236    -932.179    -360.436     228.917   344598   356476   369790          344598          356476          369790 0.967359  2573.98       0.196904
   0.67     24.1552    -933.651    -359.978     228.871   344469   356315   369658          344469          356315          369658 0.967569     2575       0.197535
  0.672     22.1995    -935.124     -359.52     228.828   344370   356315   369566          344370          356315          369566 0.96778  2576.02       0.198152
  0.674     20.2564    -936.598    -359.063     228.788   344295   356315   369219          344295          356315          369219 0.965889  2577.04       0.198754
  0.676     18.3257    -938.072    -358.605     228.749   344153   356315   368847          344153          356315          368847 0.9644  2578.07       0.199338
  0.678     16.4073    -939.546    -358.148     228.711   343989   356315   368700          343989          356315          368700 0.964768   2579.1       0.199903
   0.68     14.5012    -941.022     -357.69     228.674   343862   356315   368542          343862          356315          368542 0.964716  2580.13       0.200448
  0.682     12.6072    -942.498    -357.233     228.637   343721   356315   368364          343721          356315          368364 0.964615  2581.17       0.200971
  0.684     10.7252    -943.974    -356.776     228.599   343612   356315   368078          343612          356315          368078 0.96347   2582.2       0.201471
  0.686     8.85512    -945.452    -356.318      228.56   343396   356315   367952          343396          356315          367952 0.964289  2583.25       0.201946
  0.688     6.99681    -946.929    -355.861     228.519   343182   356315   367741          343182          356315          367741 0.964489  2584.29       0.202396
   0.69     5.15019    -948.408    -355.404     228.476   343068   356315   367640          343068          356315          367640 0.964737  2585.34       0.202819
  0.692     3.31516    -949.887    -354.947      228.43   342856   356315   367477          342856          356315          367477 0.965209  2586.39       0.203215
  0.694     1.49161    -951.367    -354.491     228.382   342585   353645   367237          342585          353645          367237 0.965605  2587.44       0.203582
  0.696   -0.320571    -952.847    -354.034     228.329   342366   353645   367052          342366          353645          367052 0.96605   2588.5       0.203919
  0.698    -2.12147    -954.328    -353.577     228.273   342248   353645   366728          342248          353645          366728 0.964826  2589.55       0.204226
    0.7    -3.91119     -955.81    -353.121     228.213   342120   353645   366620          342120          353645          366620 0.965211  2590.61       0.204502
  0.702    -5.68984    -957.292    -352.665     228.148   341891   353645   366466          341891          353645          366466 0.965966  2591.67       0.204747
  0.704     -7.4575    -958.775    -352.208     228.078   341791   353645   366296          341791          353645          366296 0.965683  2592.73       0.204961
  0.706    -9.21428    -960.259    -351.752     228.003   341617   353645   366170          341617          353645          366170 0.966222   2593.8       0.205142
  0.708    -10.9603    -961.743    -351.296     227.923   341441   353645   365978          341441          353645          365978 0.966276  2594.86       0.205292
   0.71    -12.6956    -963.228    -350.841     227.839   341275   353645   365882          341275          353645          365882 0.966965  2595.93        0.20541
  0.712    -14.4202    -964.713    -350.385     227.748   341066   353645   365753          341066          353645          365753 0.96769  2596.99       0.205497
  0.714    -16.1344    -966.199     -349.93     227.653   340930   353645   365599          340930          353645          365599 0.967736  2598.06       0.205553
  0.716    -17.8382    -967.685    -349.474     227.552   340834   353645   365520          340834          353645          365520 0.967994  2599.13       0.205578
  0.718    -19.5316    -969.173    -349.019     227.446   340668   353645   365383          340668          353645          365383 0.96829   2600.2       0.205573
   0.72    -21.2148     -970.66    -348.565     227.336   340595   353645   365176          340595          353645          365176 0.967411  2601.27       0.205539
  0.722    -22.8879    -972.149     -348.11      227.22   340461   353645   365054          340461          353645          365054 0.967546  2602.34       0.205476
  0.724    -24.5508    -973.638    -347.656       227.1   340382   353007   364882          340382          353007          364882 0.966913  2603.41       0.205387
  0.726    -26.2038    -975.127    -347.202     226.976   340131   353007   364721          340131          353007          364721 0.967552  2604.48       0.205271
  0.728     -27.847    -976.617    -346.748     226.847   340002   353007   364579          340002          353007          364579 0.967476  2605.55        0.20513
   0.73    -29.4803    -978.108    -346.294     226.715   339846   353007   364445          339846          353007          364445 0.967628  2606.61       0.204966
  0.732    -31.1038    -979.599    -345.841      226.58   339651   353007   364347          339651          353007          364347 0.968272  2607.68       0.204779
  0.734    -32.7178    -981.091    -345.388     226.442   339451   353007   364205          339451          353007          364205 0.96865  2608.75       0.204571
  0.736    -34.3221    -982.584    -344.935     226.301   339229   353007   364031          339229          353007          364031 0.968959  2609.82       0.204345
  0.738     -35.917    -984.077    -344.483     226.159   339207   348553   363753          339207          348553          363753 0.967248  2610.88       0.204101
   0.74    -37.5025     -985.57     -344.03     226.015   339140   348553   363596          339140          348553          363596 0.966588  2611.95       0.203841
  0.742    -39.0787    -987.064    -343.579      225.87   339073   348553   363302          339073          348553          363302 0.964987  2613.01       0.203567
  0.744    -40.6457    -988.559    -343.127     225.725   338699   348553   363153          338699          348553          363153 0.966497  2614.08       0.203281
  0.746    -42.2034    -990.054    -342.676     225.579   338609   348553   362913          338609          348553          362913 0.965443  2615.14       0.202984
  0.748    -43.7521     -991.55    -342.225     225.435   338548   347357   362831          338548          347357          362831 0.965263   2616.2       0.202679
   0.75    -45.2918    -993.047    -341.774     225.291   338351   347357   362715          338351          347357          362715 0.965763  2617.26       0.202367
  0.752    -46.8225    -994.544    -341.324     225.149   338271   347357   362417          338271          347357          362417 0.964112  2618.32        0.20205
  0.754    -48.3444    -996.041    -340.873      225.01   338164   347357   362238          338164          347357          362238 0.963508  2619.38       0.201731
  0.756    -49.8575    -997.539    -340.423     224.874   337904   347357   362105          337904          347357          362105 0.964364  2620.43        0.20141
  0.758    -51.3619    -999.038    -339.974     224.741   337784   347357   361789          337784          347357          361789 0.962876  2621.49       0.201091
   0.76    -52.8576    -1000.54    -339.525     224.612   337703   347357   361669          337703          347357          361669 0.962552  2622.54       0.200773
  0.762    -54.3448    -1002.04    -339.075     224.487   337567   347357   361452          337567          347357          361452 0.96186  2623.59       0.200461
  0.764    -55.8234    -1003.54    -338.627     224.368   337274   347357   361235          337274          347357          361235 0.962403  2624.64       0.200155
  0.766    -57.2936    -1005.04    -338.178     224.254   337013   347357   361023          337013          347357          361023 0.962838  2625.69       0.199856
  0.768    -58.7555    -1006.54     -337.73     224.146   336959   347357   360867          336959          347357          360867 0.96211  2626.74       0.199568
   0.77     -60.209    -1008.04    -337.281     224.045   336826   347357   360738          336826          347357          360738 0.962171  2627.79       0.199291
  0.772    -61.6543    -1009.54    -336.833     223.951   336704   347357   360526          336704          347357          360526 0.961478  2628.84       0.199026
  0.774    -63.0915    -1011.05    -336.386     223.864   336525   347357   360403          336525          347357          360403 0.961931  2629.88       0.198776
  0.776    -64.5206    -1012.55    -335.938     223.785   336392   347357   360285          336392          347357          360285 0.962034  2630.93       0.198542
  0.778    -65.9416    -1014.06     -335.49     223.715   336357   347357   360162          336357          347357          360162 0.961277  2631.97       0.198325
   0.78    -67.3546    -1015.56    -335.043     223.653   336138   346830   359937          336138          346830          359937 0.961149  2633.02       0.198127
  0.782    -68.7598    -1017.06    -334.596       223.6   335896   346830   359851          335896          346830          359851 0.962335  2634.06       0.197948
  0.784    -70.1571    -1018.57    -334.149     223.556   335825   346830   359743          335825          346830          359743 0.961983   2635.1        0.19779
  0.786    -71.5466    -1020.08    -333.702     223.522   335768   346830   359632          335768          346830          359632 0.961425  2636.15       0.197654
  0.788    -72.9284    -1021.58    -333.255     223.498   335514   346830   359461          335514          346830          359461 0.96196  2637.19       0.197541
   0.79    -74.3025    -1023.09    -332.808     223.483   335347   346830   359229          335347          346830          359229 0.961357  2638.23       0.197452
  0.792     -75.669     -1024.6    -332.361     223.479   335211   346830   359090          335211          346830          359090 0.961252  2639.27       0.197388
  0.794     -77.028    -1026.11    -331.914     223.486   335027   346830   358992          335027          346830          358992 0.961841  2640.31       0.197348
  0.796    -78.3795    -1027.62    -331.467     223.502   334858   346688   358872          334858          346688          358872 0.962135  2641.36       0.197335
  0.798    -79.7236    -1029.13     -331.02      223.53   334749   346688   358655          334749          346688          358655 0.961193   2642.4       0.197347
    0.8    -81.0603    -1030.64    -330.573     223.568   334545   346688   358506          334545          346688          358506 0.961558  2643.44       0.197387
  0.802    -82.3897    -1032.15    -330.125     223.617   334316   346688   358436          334316          346688          358436 0.962741  2644.48       0.197454
  0.804    -83.7118    -1033.66    -329.678     223.676   334115   344610   358249          334115          344610          358249 0.962789  2645.53       0.197548
  0.806    -85.0267    -1035.17    -329.231     223.746   333978   344610   358134          333978          344610          358134 0.962908  2646.58        0.19767
  0.808    -86.3345    -1036.68    -328.783     223.827   333908   344552   358022          333908          344552          358022 0.96249  2647.62        0.19782
   0.81    -87.6352    -1038.19    -328.335     223.918   333814   344552   357874          333814          344552          357874 0.961918  2648.67       0.197997
  0.812    -88.9289    -1039.71    -327.887     224.019   333751   344552   357704          333751          344552          357704 0.960907  2649.72       0.198202
  0.814    -90.2155    -1041.22    -327.439     224.131   333652   344552   357469          333652          344552          357469 0.959648  2650.77       0.198435
  0.816    -91.4953    -1042.73    -326.991     224.252   333396   344552   357337          333396          344552          357337 0.960498  2651.82       0.198694
  0.818    -92.7681    -1044.25    -326.542     224.384   333177   344552   357193          333177          344552          357193 0.960984  2652.88       0.198981
   0.82    -94.0341    -1045.76    -326.093     224.525   333039   344552   357098          333039          344552          357098 0.961214  2653.94       0.199294
  0.822    -95.2934    -1047.28    -325.644     224.675   332803   344552   356992          332803          344552          356992 0.962106  2654.99       0.199633
  0.824    -96.5459    -1048.79    -325.195     224.835   332670   344552   356859          332670          344552          356859 0.961998  2656.06       0.199998
  0.826    -97.7917    -1050.31    -324.745     225.003   332577   344511   356750          332577          344511          356750 0.961732  2657.12       0.200388
  0.828    -99.0309    -1051.83    -324.295      225.18   332419   344511   356612          332419          344511          356612 0.96173  2658.19       0.200802
   0.83    -100.264    -1053.35    -323.844     225.365   332312   344511   356488          332312          344511          356488 0.961415  2659.25       0.201239
  0.832     -101.49    -1054.86    -323.393     225.557   332136   344511   356347          332136          344511          356347 0.961499  2660.33         0.2017
  0.834    -102.709    -1056.38    -322.942     225.757   331899   344511   356144          331899          344511          356144 0.961627   2661.4       0.202182
  0.836    -103.922     -1057.9     -322.49     225.964   331708   344511   356038          331708          344511          356038 0.962179  2662.48       0.202685
  0.838    -105.129    -1059.42    -322.038     226.177   331523   344511   355839          331523          344511          355839 0.961958  2663.56       0.203209
   0.84    -106.329    -1060.94    -321.585     226.397   331368   344511   355697          331368          344511          355697 0.961963  2664.64       0.203752
  0.842    -107.524    -1062.46    -321.132     226.622   331153   344511   355549          331153          344511          355549 0.962387  2665.73       0.204313
  0.844    -108.711    -1063.98    -320.679     226.853   331039   344511   355459          331039          344511          355459 0.962495  2666.82       0.204891
  0.846    -109.893     -1065.5    -320.225     227.088   330780   344511   355357          330780          344511          355357 0.963634  2667.92       0.205485
  0.848    -111.068    -1067.03    -319.771     227.328   330568   344511   355155          330568          344511          355155 0.963694  2669.02       0.206094
   0.85    -112.238    -1068.55    -319.316     227.571   330464   344511   355032          330464          344511          355032 0.963532  2670.12       0.206717
  0.852    -113.401    -1070.07     -318.86     227.818   330362   344511   354914          330362          344511          354914 0.963362  2671.22       0.207352
  0.854    -114.558     -1071.6    -318.404     228.068   330300   344511   354794          330300          344511          354794 0.962845  2672.33       0.207999
  0.856    -115.709    -1073.12    -317.948      228.32   330080   344511   354701          330080          344511          354701 0.963688  2673.45       0.208656
  0.858    -116.855    -1074.64    -317.491     228.575   329861   342287   354506          329861          342287          354506 0.963758  2674.56       0.209322
   0.86    -117.994    -1076.17    -317.034      228.83   329658   342287   354387          329658          342287          354387 0.964313  2675.69       0.209996
  0.862    -119.127     -1077.7    -316.576     229.087   329551   342287   354314          329551          342287          354314 0.96449  2676.81       0.210677
  0.864    -120.255    -1079.22    -316.117     229.344   329425   341832   354247          329425          341832          354247 0.964807  2677.94       0.211362
  0.866    -121.377    -1080.75    -315.658     229.601   329339   341832   354105          329339          341832          354105 0.964272  2679.08       0.212052
  0.868    -122.493    -1082.28    -315.199     229.858   329011   340989   353985          329011          340989          353985 0.965654  2680.21       0.212745
   0.87    -123.603     -1083.8    -314.739     230.114   328927   340989   353862          328927          340989          353862 0.965274  2681.36       0.213439
  0.872    -124.708    -1085.33    -314.278     230.369   328743   340989   353758          328743          340989          353758 0.965747   2682.5       0.214134
  0.874    -125.807    -1086.86    -313.817     230.621   328645   340989   353649          328645          340989          353649 0.965547  2683.65       0.214828
  0.876      -126.9    -1088.39    -313.356     230.872   328410   340989   353410          328410          340989          353410 0.965414  2684.81       0.215519
  0.878    -127.988    -1089.92    -312.894     231.119   328289   340989   353316          328289          340989          353316 0.96553  2685.97       0.216208
   0.88    -129.071    -1091.45    -312.432     231.364   328226   340989   353153          328226          340989          353153 0.964699  2687.13       0.216893
  0.882    -130.148    -1092.98    -311.969     231.605   328067   340989   353058          328067          340989          353058 0.965039   2688.3       0.217572
  0.884    -131.219    -1094.51    -311.505     231.843   327877   340989   352892          327877          340989          352892 0.965106  2689.47       0.218245
  0.886    -132.285    -1096.04    -311.041     232.076   327787   340989   352665          327787          340989          352665 0.964035  2690.65        0.21891
  0.888    -133.346    -1097.58    -310.577     232.305   327509   340989   352443          327509          340989          352443 0.964362  2691.83       0.219567
   0.89    -134.401    -1099.11    -310.112     232.528   327244   340989   352328          327244          340989          352328 0.965412  2693.01       0.220214
  0.892    -135.451    -1100.64    -309.647     232.747   327092   340989   352238          327092          340989          352238 0.965869   2694.2        0.22085
  0.894    -136.496    -1102.18    -309.181     232.959   326917   340989   352141          326917          340989          352141 0.966423  2695.39       0.221475
  0.896    -137.535    -1103.71    -308.715     233.166   326677   340989   352043          326677          340989          352043 0.967456  2696.59       0.222088
  0.898     -138.57    -1105.24    -308.248     233.367   326521   340989   351899          326521          340989          351899 0.967593  2697.79       0.222688
    0.9    -139.599    -1106.78    -307.781     233.562   326354   340989   351797          326354          340989          351797 0.968082  2698.99       0.223274
  0.902    -140.623    -1108.32    -307.314      233.75   326249   340989   351656          326249          340989          351656 0.967877   2700.2       0.223845
  0.904    -141.642    -1109.85    -306.846     233.931   326016   340989   351569          326016          340989          351569 0.968913  2701.41       0.224401
  0.906    -142.656    -1111.39    -306.378     234.105   325928   340989   351453          325928          340989          351453 0.968785  2702.62       0.224941
  0.908    -143.665    -1112.93     -305.91     234.273   325843   337041   351192          325843          337041          351192 0.967659  2703.84       0.225465
   0.91    -144.669    -1114.46    -305.441     234.432   325689   337041   351051          325689          337041          351051 0.967809  2705.06       0.225971
  0.912    -145.668       -1116    -304.972     234.585   325507   337041   350953          325507          337041          350953 0.968439  2706.29        0.22646
  0.914    -146.662    -1117.54    -304.503      234.73   325420   337041   350839          325420          337041          350839 0.968311  2707.51        0.22693
  0.916    -147.651    -1119.08    -304.033     234.867   325359   337041   350637          325359          337041          350637 0.9674  2708.74       0.227383
  0.918    -148.635    -1120.62    -303.563     234.997   325240   337041   350533          325240          337041          350533 0.967541  2709.98       0.227816
   0.92    -149.615    -1122.16    -303.093     235.119   325029   337041   350474          325029          337041          350474 0.968601  2711.21        0.22823
  0.922    -150.589     -1123.7    -302.623     235.233   324846   337041   350338          324846          337041          350338 0.968957  2712.45       0.228625
  0.924    -151.559    -1125.24    -302.152      235.34   324711   337041   350175          324711          337041          350175 0.968832  2713.69       0.229001
  0.926    -152.524    -1126.78    -301.682     235.439   324583   337041   350017          324583          337041          350017 0.968702  2714.94       0.229357
  0.928    -153.485    -1128.33    -301.211      235.53   324466   337041   349849          324466          337041          349849 0.968433  2716.18       0.229693
   0.93    -154.441    -1129.87     -300.74     235.614   324334   337041   349769          324334          337041          349769 0.968863  2717.43        0.23001
  0.932    -155.392    -1131.41    -300.268     235.691   324224   337041   349693          324224          337041          349693 0.969149  2718.68       0.230307
  0.934    -156.338    -1132.96    -299.797     235.759   324143   337041   349583          324143          337041          349583 0.96899  2719.94       0.230584
  0.936    -157.281     -1134.5    -299.325     235.821   323979   337041   349480          323979          337041          349480 0.969431  2721.19       0.230841
  0.938    -158.218    -1136.05    -298.853     235.875   323843   337041   349369          323843          337041          349369 0.969634  2722.45       0.231079
   0.94    -159.151    -1137.59    -298.382     235.923   323776   337041   349295          323776          337041          349295 0.969599  2723.71       0.231299
  0.942    -160.079    -1139.14     -297.91     235.963   323699   337041   349175          323699          337041          349175 0.969294  2724.97       0.231499
  0.944    -161.003    -1140.68    -297.438     235.997   323586   337041   349057          323586          337041          349057 0.969241  2726.23        0.23168
  0.946    -161.923    -1142.23    -296.966     236.025   323532   337033   348929          323532          337033          348929 0.968704   2727.5       0.231843
  0.948    -162.838    -1143.78    -296.494     236.046   323442   337033   348851          323442          337033          348851 0.96871  2728.76       0.231989
   0.95    -163.749    -1145.32    -296.022     236.061   323328   334358   348753          323328          334358          348753 0.96871  2730.03       0.232116
  0.952    -164.655    -1146.87     -295.55      236.07   323257   334358   348689          323257          334358          348689 0.968635   2731.3       0.232227
  0.954    -165.558    -1148.42    -295.077     236.074   323170   334358   348577          323170          334358          348577 0.968313  2732.57       0.232321
  0.956    -166.455    -1149.97    -294.605     236.072   323105   334358   348371          323105          334358          348371 0.967206  2733.84       0.232399
  0.958    -167.349    -1151.52    -294.133     236.065   322961   334358   348270          322961          334358          348270 0.967321  2735.11       0.232461
   0.96    -168.238    -1153.07    -293.661     236.054   322822   334358   348198          322822          334358          348198 0.967601  2736.38       0.232509
  0.962    -169.124    -1154.62    -293.189     236.038   322587   334358   348063          322587          334358          348063 0.968097  2737.65       0.232542
  0.964    -170.005    -1156.17    -292.717     236.017   322460   334358   347931          322460          334358          347931 0.967901  2738.93       0.232561
  0.966    -170.882    -1157.72    -292.245     235.993   322374   334358   347826          322374          334358          347826 0.96761   2740.2       0.232567
  0.968    -171.754    -1159.28    -291.773     235.965   322243   334358   347744          322243          334358          347744 0.967757  2741.47       0.232561
   0.97    -172.623    -1160.83    -291.301     235.934   322102   334358   347647          322102          334358          347647 0.967851  2742.75       0.232543
  0.972    -173.488    -1162.38    -290.829       235.9   321938   334034   347528          321938          334034          347528 0.967955  2744.03       0.232514
  0.974    -174.348    -1163.94    -290.357     235.863   321813   334034   347402          321813          334034          347402 0.967755   2745.3       0.232475
  0.976    -175.205    -1165.49    -289.886     235.824   321695   334034   347304          321695          334034          347304 0.967681  2746.58       0.232426
  0.978    -176.057    -1167.04    -289.414     235.783   321517   334034   347173          321517          334034          347173 0.967796  2747.86       0.232369
   0.98    -176.906     -1168.6    -288.943      235.74   321378   334034   347070          321378          334034          347070 0.967854  2749.13       0.232303
  0.982     -177.75    -1170.15    -288.471     235.696   321205   332704   346958          321205          332704          346958 0.968086  2750.41        0.23223
  0.984    -178.591    -1171.71        -288     235.651   321073   332704   346836          321073          332704          346836 0.967976  2751.69       0.232151
  0.986    -179.428    -1173.27    -287.528     235.605   320947   332704   346704          320947          332704          346704 0.967754  2752.96       0.232065
  0.988    -180.261    -1174.82    -287.057     235.558   320788   332704   346443          320788          332704          346443 0.966904  2754.24       0.231975
   0.99     -181.09    -1176.38    -286.586     235.511   320686   332704   346347          320686          332704          346347 0.966794  2755.52       0.231881
  0.992    -181.915    -1177.94    -286.115     235.465   320548   332704   346133          320548          332704          346133 0.966137   2756.8       0.231783
  0.994    -182.737     -1179.5    -285.644     235.419   320405   332704   345967          320405          332704          345967 0.965866  2758.08       0.231682
  0.996    -183.555    -1181.06    -285.174     235.374   320178   332704   345848          320178          332704          345848 0.966491  2759.35        0.23158
  0.998    -184.369    -1182.62    -284.703      235.33   320076   332704   345673          320076          332704          345673 0.965903  2760.63       0.231476
      1    -185.179    -1184.18    -284.232     235.288   319948   330600   345518          319948          330600          345518 0.96564  2761.91       0.231372
  1.002    -185.986    -1185.74    -283.762     235.247   319720   330600   345427          319720          330600          345427 0.966508  2763.19       0.231268
  1.004    -186.789     -1187.3    -283.291     235.208   319578   330600   345327          319578          330600          345327 0.966729  2764.47       0.231166
  1.006    -187.588    -1188.86    -282.821     235.172   319517   330600   345231          319517          330600          345231 0.966407  2765.74       0.231065
  1.008    -188.384    -1190.42    -282.351     235.138   319344   330600   345108          319344          330600          345108 0.966675  2767.02       0.230967
   1.01    -189.176    -1191.98     -281.88     235.107   319301   330600   344982          319301          330600          344982 0.965992   2768.3       0.230871
  1.012    -189.964    -1193.54     -281.41      235.08   319126   330600   344894          319126          330600          344894 0.966461  2769.58        0.23078
  1.014    -190.749    -1195.11     -280.94     235.055   319028   330600   344805          319028          330600          344805 0.966405  2770.86       0.230693
  1.016    -191.531    -1196.67     -280.47     235.034   318903   330600   344705          318903          330600          344705 0.966441  2772.14       0.230612
  1.018    -192.308    -1198.23        -280     235.017   318666   330600   344643          318666          330600          344643 0.967531  2773.42       0.230536
   1.02    -193.083     -1199.8     -279.53     235.004   318556   330600   344518          318556          330600          344518 0.967301  2774.69       0.230467
  1.022    -193.854    -1201.36     -279.06     234.996   318445   330600   344178          318445          330600          344178 0.965607  2775.97       0.230404
  1.024    -194.621    -1202.93     -278.59     234.992   318336   330600   344090          318336          330600          344090 0.965681  2777.25       0.230349
  1.026    -195.385    -1204.49     -278.12     234.992   318168   330600   343870          318168          330600          343870 0.96524  2778.53       0.230302
  1.028    -196.146    -1206.06     -277.65     234.998   318068   330600   343762          318068          330600          343762 0.965134  2779.81       0.230264
   1.03    -196.903    -1207.62     -277.18     235.008   317999   330600   343513          317999          330600          343513 0.963819  2781.09       0.230234
  1.032    -197.657    -1209.19     -276.71     235.024   317826   330600   343453          317826          330600          343453 0.964562  2782.37       0.230215
  1.034    -198.407    -1210.76     -276.24     235.045   317668   330600   343331          317668          330600          343331 0.964774  2783.65       0.230205
  1.036    -199.155    -1212.33     -275.77     235.071   317400   330600   343225          317400          330600          343225 0.965843  2784.94       0.230205
  1.038    -199.898    -1213.89      -275.3     235.104   317220   330600   343062          317220          330600          343062 0.965954  2786.22       0.230217
   1.04    -200.639    -1215.46    -274.829     235.142   317126   330600   342939          317126          330600          342939 0.965765   2787.5       0.230239
  1.042    -201.376    -1217.03    -274.359     235.186   317025   330600   342843          317025          330600          342843 0.965794  2788.79       0.230273
  1.044    -202.111     -1218.6    -273.889     235.235   316891   330600   342766          316891          330600          342766 0.966172  2790.07       0.230319
  1.046    -202.841    -1220.17    -273.418     235.291   316829   330600   342679          316829          330600          342679 0.965962  2791.36       0.230376
  1.048    -203.569    -1221.74    -272.947     235.354   316644   330600   342604          316644          330600          342604 0.966648  2792.64       0.230446
   1.05    -204.293    -1223.31    -272.477     235.422   316440   328347   342517          316440          328347          342517 0.96739  2793.93       0.230529
  1.052    -205.015    -1224.89    -272.006     235.497   316367   326693   342376          316367          326693          342376 0.96688  2795.22       0.230624
  1.054    -205.733    -1226.46    -271.535     235.578   316314   326693   342230          316314          326693          342230 0.966167  2796.51       0.230733
  1.056    -206.448    -1228.03    -271.063     235.665   316206   326693   342039          316206          326693          342039 0.965523   2797.8       0.230854
  1.058     -207.16     -1229.6    -270.592     235.759   316131   326693   341943          316131          326693          341943 0.9653  2799.09       0.230989
   1.06    -207.868    -1231.17     -270.12     235.859   316058   326693   341833          316058          326693          341833 0.964942  2800.39       0.231137
  1.062    -208.574    -1232.75    -269.648     235.966   316016   326693   341675          316016          326693          341675 0.96402  2801.68       0.231299
  1.064    -209.277    -1234.32    -269.176     236.079   315963   326693   341481          315963          326693          341481 0.96289  2802.98       0.231474
  1.066    -209.976     -1235.9    -268.704     236.198   315843   326693   341362          315843          326693          341362 0.962758  2804.28       0.231663
  1.068    -210.673    -1237.47    -268.232     236.324   315654   326693   341230          315654          326693          341230 0.963032  2805.58       0.231865
   1.07    -211.366    -1239.05    -267.759     236.456   315579   326693   341102          315579          326693          341102 0.962519  2806.88        0.23208
  1.072    -212.057    -1240.62    -267.286     236.594   315384   326693   341007          315384          326693          341007 0.963093  2808.18        0.23231
  1.074    -212.745     -1242.2    -266.812     236.739   315324   326693   340764          315324          326693          340764 0.961633  2809.49       0.232552
  1.076    -213.429    -1243.78    -266.339      236.89   315265   326693   340612          315265          326693          340612 0.960825   2810.8       0.232808
  1.078    -214.111    -1245.35    -265.865     237.047   315193   326692   340300          315193          326692          340300 0.95896  2812.11       0.233077
   1.08     -214.79    -1246.93    -265.391      237.21   315050   326692   340244          315050          326692          340244 0.959469  2813.42        0.23336
  1.082    -215.465    -1248.51    -264.916     237.379   314984   326570   340099          314984          326570          340099 0.958747  2814.73       0.233655
  1.084    -216.138    -1250.09    -264.441     237.553   314559   326570   339952          314559          326570          339952 0.960688  2816.05       0.233963
  1.086    -216.808    -1251.66    -263.966     237.734   314386   326570   339807          314386          326570          339807 0.960829  2817.37       0.234284
  1.088    -217.476    -1253.24     -263.49      237.92   314228   326570   339707          314228          326570          339707 0.961201  2818.69       0.234617
   1.09     -218.14    -1254.82    -263.014     238.112   314089   326570   339565          314089          326570          339565 0.961133  2820.01       0.234962
  1.092    -218.801     -1256.4    -262.538     238.309   313935   326570   339462          313935          326570          339462 0.961442  2821.34       0.235319
  1.094     -219.46    -1257.98    -262.061     238.511   313827   326570   339356          313827          326570          339356 0.961404  2822.67       0.235688
  1.096    -220.116    -1259.56    -261.584     238.718   313747   326570   339264          313747          326570          339264 0.961242     2824       0.236068
  1.098    -220.769    -1261.15    -261.106     238.931   313561   326570   338949          313561          326570          338949 0.960283  2825.34       0.236459
    1.1     -221.42    -1262.73    -260.628     239.148   313361   326570   338894          313361          326570          338894 0.961331  2826.67       0.236861
  1.102    -222.067    -1264.31    -260.149      239.37   313254   326570   338841          313254          326570          338841 0.96169  2828.01       0.237274
  1.104    -222.712    -1265.89    -259.671     239.596   313128   326570   338767          313128          326570          338767 0.962014  2829.36       0.237697
  1.106    -223.354    -1267.48    -259.191     239.826   313031   326570   338699          313031          326570          338699 0.962157   2830.7       0.238129
  1.108    -223.994    -1269.06    -258.711     240.061   312978   326570   338500          312978          326570          338500 0.961008  2832.05       0.238571
