# n_walkers  560  n_cull  1  simple log(alpha)  -0.001784121793501292
#   T     log_Z(T)      F(T)        U(T)       Cvp(T)    low_pct_i(T) mode_i(T) high_pct_i(T) low_pct_iter(T)  mode_iter(T)   high_pct_iter(T) Z_fract(T)   V(T)   thermal_exp(T)
   0.01     66990.6    -679.556    -678.316     121.182   537251   537292   537292          537251          537292          537292 0.894943  3059.42     0.00700471
  0.012     55665.4    -679.564    -678.074     121.165   537246   537292   537292          537246          537292          537292 0.870982  3059.49      0.0116543
  0.014       47576    -679.572    -677.831     121.149   537233   537292   537292          537233          537292          537292 0.8841  3059.56      0.0106312
  0.016     41508.9    -679.581    -677.589     121.136   537222   537292   537292          537222          537292          537292 0.890247  3059.61     0.00783299
  0.018     36790.1     -679.59    -677.347     121.127   537213   537292   537292          537213          537292          537292 0.888585  3059.65      0.0048878
   0.02     33015.1      -679.6    -677.105     121.123   537199   537292   537292          537199          537292          537292 0.902251  3059.67      0.0023896
  0.022     29926.4    -679.609    -676.862     121.124   537189   537292   537292          537189          537292          537292 0.905896  3059.68    0.000481019
  0.024     27352.5    -679.619     -676.62     121.129   537179   537292   537292          537179          537292          537292 0.908109  3059.68   -0.000875883
  0.026     25174.7    -679.629    -676.378     121.138   537171   537292   537292          537171          537292          537292 0.905496  3059.67     -0.0017781
  0.028     23307.9    -679.639    -676.136      121.15   537157   537292   537292          537157          537292          537292 0.914769  3059.66    -0.00233007
   0.03     21690.1     -679.65    -675.893     121.164   537154   537292   537292          537154          537292          537292 0.903835  3059.64     -0.0026241
  0.032     20274.5     -679.66    -675.651     121.181   537146   537291   537292          537146          537291          537292 0.900804  3059.63    -0.00273492
  0.034     19025.4    -679.671    -675.409       121.2   537134   537291   537292          537134          537291          537292 0.903945  3059.61    -0.00272014
  0.036     17915.1    -679.681    -675.166      121.22   537121   537291   537292          537121          537291          537292 0.908179  3059.59    -0.00262267
  0.038     16921.7    -679.692    -674.924      121.24   537115   537291   537292          537115          537291          537292 0.902569  3059.58    -0.00247368
   0.04     16027.7    -679.703    -674.681     121.262   537101   537291   537292          537101          537291          537292 0.907302  3059.56     -0.0022953
  0.042     15218.8    -679.715    -674.439     121.284   537092   537291   537292          537092          537291          537292 0.905525  3059.55    -0.00210283
  0.044     14483.4    -679.726    -674.196     121.306   537082   537291   537292          537082          537291          537292 0.904938  3059.54    -0.00190662
  0.046       13812    -679.737    -673.953     121.328   537070   537291   537292          537070          537291          537292 0.906184  3059.53    -0.00171338
  0.048     13196.5    -679.749    -673.711      121.35   537062   537291   537292          537062          537291          537292 0.90289  3059.52    -0.00152727
   0.05     12630.3     -679.76    -673.468     121.373   537051   537291   537292          537051          537291          537292 0.902381  3059.51    -0.00135069
  0.052     12107.6    -679.772    -673.225     121.395   537040   537291   537292          537040          537291          537292 0.901948   3059.5    -0.00118482
  0.054     11623.7    -679.784    -672.982     121.417   537028   537291   537292          537028          537291          537292 0.902101  3059.49    -0.00103003
  0.056     11174.3    -679.796     -672.74     121.439   537015   537291   537292          537015          537291          537292 0.902903  3059.49   -0.000886219
  0.058     10755.9    -679.808    -672.497     121.462   537003   537291   537292          537003          537291          537292 0.903029  3059.48   -0.000752956
   0.06     10365.4     -679.82    -672.254     121.484   536997   537291   537292          536997          537291          537292 0.898179  3059.48   -0.000629666
  0.062     10000.1    -679.833    -672.011     121.506   536987   537291   537292          536987          537291          537292 0.896007  3059.48   -0.000515706
  0.064     9657.65    -679.845    -671.768     121.529   536976   537291   537292          536976          537291          537292 0.894449  3059.47   -0.000410422
  0.066     9335.94    -679.857    -671.525     121.551   536963   537291   537292          536963          537291          537292 0.894105  3059.47   -0.000313192
  0.068     9033.16     -679.87    -671.282     121.574   536946   537291   537292          536946          537291          537292 0.896297  3059.47   -0.000223442
   0.07     8747.68    -679.883    -671.038     121.598   536934   537291   537292          536934          537291          537292 0.895336  3059.47   -0.000140655
  0.072     8478.06    -679.895    -670.795     121.622   536915   537291   537292          536915          537291          537292 0.898705  3059.47   -6.43736e-05
  0.074     8223.02    -679.908    -670.552     121.646   536894   537291   537292          536894          537291          537292 0.902968  3059.47    5.80038e-06
  0.076      7981.4    -679.921    -670.309     121.671   536880   537291   537292          536880          537291          537292 0.903203  3059.47    7.02147e-05
  0.078     7752.18    -679.934    -670.065     121.697   536867   537291   537292          536867          537291          537292 0.902764  3059.47    0.000129171
   0.08     7534.41    -679.947    -669.822     121.723   536849   537291   537292          536849          537291          537292 0.904997  3059.47    0.000182932
  0.082     7327.27     -679.96    -669.578      121.75   536835   537291   537292          536835          537291          537292 0.905057  3059.47     0.00023173
  0.084        7130    -679.974    -669.335     121.778   536821   537291   537292          536821          537291          537292 0.90491  3059.47    0.000275769
  0.086      6941.9    -679.987    -669.091     121.807   536803   537291   537292          536803          537291          537292 0.906606  3059.47    0.000315234
  0.088     6762.35        -680    -668.848     121.838   536791   537291   537292          536791          537291          537292 0.905441  3059.48    0.000350298
   0.09     6590.78    -680.014    -668.604     121.869   536770   537291   537292          536770          537291          537292 0.908231  3059.48     0.00038112
  0.092     6426.68    -680.027     -668.36     121.901   536755   537291   537292          536755          537291          537292 0.90838  3059.48    0.000407854
  0.094     6269.55    -680.041    -668.116     121.935   536734   537291   537292          536734          537291          537292 0.910957  3059.48    0.000430648
  0.096     6118.98    -680.055    -667.872      121.97   536721   537291   537292          536721          537291          537292 0.910001  3059.49    0.000449648
  0.098     5974.55    -680.069    -667.628     122.007   536709   537291   537292          536709          537291          537292 0.908596  3059.49    0.000465003
    0.1      5835.9    -680.083    -667.384     122.045   536702   537291   537292          536702          537291          537292 0.905008  3059.49     0.00047686
  0.102     5702.69    -680.097     -667.14     122.084   536680   537291   537292          536680          537291          537292 0.907147  3059.49    0.000485367
  0.104      5574.6    -680.111    -666.896     122.125   536670   537291   537292          536670          537291          537292 0.904656   3059.5    0.000490676
  0.106     5451.35    -680.125    -666.652     122.168   536649   537291   537292          536649          537291          537292 0.90601   3059.5    0.000492941
  0.108     5332.66    -680.139    -666.407     122.213   536622   537291   537292          536622          537291          537292 0.909482   3059.5    0.000492318
   0.11     5218.29    -680.154    -666.163     122.259   536603   537291   537292          536603          537291          537292 0.90999  3059.51    0.000488963
  0.112        5108    -680.168    -665.918     122.307   536589   537291   537292          536589          537291          537292 0.908754  3059.51    0.000483037
  0.114     5001.59    -680.182    -665.674     122.357   536573   537291   537292          536573          537291          537292 0.907951  3059.51    0.000474697
  0.116     4898.84    -680.197    -665.429     122.408   536555   537291   537292          536555          537291          537292 0.907692  3059.52    0.000464105
  0.118     4799.58    -680.212    -665.184     122.462   536536   537291   537292          536536          537291          537292 0.907661  3059.52    0.000451419
   0.12     4703.63    -680.226    -664.939     122.518   536514   537291   537292          536514          537291          537292 0.908369  3059.52    0.000436796
  0.122     4610.82    -680.241    -664.694     122.575   536499   537291   537292          536499          537291          537292 0.906871  3059.52    0.000420392
  0.124     4521.01    -680.256    -664.449     122.635   536477   537291   537292          536477          537291          537292 0.907291  3059.53    0.000402359
  0.126     4434.05    -680.271    -664.203     122.697   536459   537291   537292          536459          537291          537292 0.906437  3059.53    0.000382845
  0.128     4349.81    -680.286    -663.958     122.761   536438   537291   537292          536438          537291          537292 0.906279  3059.53    0.000361996
   0.13     4268.16    -680.301    -663.712     122.827   536417   537291   537292          536417          537291          537292 0.906015  3059.53     0.00033995
  0.132     4188.99    -680.317    -663.467     122.896   536407   537291   537292          536407          537291          537292 0.902716  3059.53    0.000316839
  0.134     4112.18    -680.332    -663.221     122.966   536391   537291   537292          536391          537291          537292 0.900802  3059.54    0.000292791
  0.136     4037.63    -680.348    -662.975      123.04   536351   537291   537292          536351          537291          537292 0.904543  3059.54    0.000267925
  0.138     3965.24    -680.363    -662.729     123.115   536338   537291   537292          536338          537291          537292 0.901752  3059.54    0.000242354
   0.14     3894.92    -680.379    -662.482     123.193   536303   537291   537292          536303          537291          537292 0.903925  3059.54    0.000216181
  0.142     3826.58    -680.394    -662.236     123.274   536284   537291   537292          536284          537291          537292 0.902389  3059.54    0.000189504
  0.144     3760.14     -680.41    -661.989     123.357   536266   537291   537292          536266          537291          537292 0.90042  3059.54    0.000162409
  0.146     3695.53    -680.426    -661.742     123.443   536238   537291   537292          536238          537291          537292 0.900506  3059.54    0.000134976
  0.148     3632.66    -680.442    -661.495     123.532   536218   537291   537292          536218          537291          537292 0.89871  3059.55    0.000107275
   0.15     3571.46    -680.458    -661.248     123.623   536203   537291   537292          536203          537291          537292 0.895733  3059.55    7.93665e-05
  0.152     3511.88    -680.474    -661.001     123.718   536178   537291   537292          536178          537291          537292 0.894662  3059.55    5.13032e-05
  0.154     3453.84    -680.491    -660.753     123.816   536140   537291   537292          536140          537291          537292 0.895892  3059.55     2.3128e-05
  0.156      3397.3    -680.507    -660.506     123.917   536124   537291   537292          536124          537291          537292 0.892794  3059.55   -5.12474e-06
  0.158     3342.18    -680.523    -660.258     124.021   536096   537291   537292          536096          537291          537292 0.891733  3059.55   -3.34296e-05
   0.16     3288.45     -680.54     -660.01     124.129   536060   537291   537292          536060          537291          537292 0.891996  3059.55   -6.17697e-05
  0.162     3236.04    -680.557    -659.761      124.24   536039   537291   537292          536039          537291          537292 0.88943  3059.55   -9.01362e-05
  0.164     3184.91    -680.574    -659.513     124.355   535996   537291   537292          535996          537291          537292 0.890594  3059.55   -0.000118529
  0.166     3135.02     -680.59    -659.264     124.474   535969   537291   537292          535969          537291          537292 0.888791  3059.54   -0.000146954
  0.168     3086.31    -680.607    -659.015     124.597   535925   537291   537292          535925          537291          537292 0.889639  3059.54   -0.000175426
   0.17     3038.75    -680.625    -658.765     124.724   535902   537291   537292          535902          537291          537292 0.886977  3059.54   -0.000203966
  0.172     2992.29    -680.642    -658.516     124.856   535866   537291   537292          535866          537291          537292 0.886157  3059.54   -0.000232601
  0.174     2946.91    -680.659    -658.266     124.993   535811   537291   537292          535811          537291          537292 0.888026  3059.54   -0.000261365
  0.176     2902.55    -680.677    -658.016     125.134   535788   537291   537292          535788          537291          537292 0.88498  3059.54   -0.000290296
  0.178      2859.2    -680.694    -657.765     125.281   535725   537291   537292          535725          537291          537292 0.887541  3059.54   -0.000319437
   0.18     2816.81    -680.712    -657.515     125.433   535684   537291   537292          535684          537291          537292 0.886904  3059.53   -0.000348836
  0.182     2775.35     -680.73    -657.264     125.591   535641   537291   537292          535641          537291          537292 0.886372  3059.53   -0.000378542
  0.184     2734.79    -680.748    -657.012     125.756   535593   537291   537292          535593          537291          537292 0.886393  3059.53   -0.000408609
  0.186      2695.1    -680.766    -656.761     125.926   535562   537291   537292          535562          537291          537292 0.883919  3059.53   -0.000439092
  0.188     2656.26    -680.784    -656.509     126.104   535482   537291   537292          535482          537291          537292 0.887533  3059.52   -0.000470049
   0.19     2618.24    -680.802    -656.256     126.289   535373   537291   537292          535373          537291          537292 0.894552  3059.52   -0.000501536
  0.192     2581.01    -680.821    -656.003     126.481   535302   537291   537292          535302          537291          537292 0.896904  3059.52    -0.00053361
  0.194     2544.55    -680.839     -655.75     126.682   535259   537291   537292          535259          537291          537292 0.895752  3059.51   -0.000566328
  0.196     2508.84    -680.858    -655.497     126.891   535179   537291   537292          535179          537291          537292 0.898635  3059.51   -0.000599744
  0.198     2473.85    -680.877    -655.243     127.109   535119   537291   537292          535119          537291          537292 0.899152  3059.51    -0.00063391
    0.2     2439.55    -680.896    -654.988     127.337   535013   537291   537292          535013          537291          537292 0.904504   3059.5   -0.000668873
  0.202     2405.94    -680.915    -654.733     127.575   534976   537291   537292          534976          537291          537292 0.902302   3059.5    -0.00070468
  0.204     2372.99    -680.934    -654.478     127.824   534897   537291   537292          534897          537291          537292 0.904272  3059.49   -0.000741367
  0.206     2340.67    -680.954    -654.222     128.084   534841   537291   537292          534841          537291          537292 0.903667  3059.49    -0.00077897
  0.208     2308.98    -680.973    -653.966     128.357   534775   537291   537292          534775          537291          537292 0.90392  3059.48   -0.000817514
   0.21      2277.9    -680.993    -653.709     128.643   534669   537291   537292          534669          537291          537292 0.907766  3059.48    -0.00085702
  0.212      2247.4    -681.013    -653.451     128.942   534625   537291   537292          534625          537291          537292 0.905641  3059.47   -0.000897497
  0.214     2217.47    -681.033    -653.193     129.256   534539   537291   537292          534539          537291          537292 0.907049  3059.47   -0.000938948
  0.216      2188.1    -681.053    -652.934     129.585   534471   537291   537292          534471          537291          537292 0.906747  3059.46   -0.000981365
  0.218     2159.27    -681.074    -652.674     129.932   534391   537291   537292          534391          537291          537292 0.907178  3059.46    -0.00102473
   0.22     2130.96    -681.094    -652.414     130.295   534324   537291   537292          534324          537291          537292 0.906259  3059.45    -0.00106902
  0.222     2103.16    -681.115    -652.153     130.678   534281   537291   537292          534281          537291          537292 0.90318  3059.44    -0.00111418
  0.224     2075.86    -681.136    -651.892     131.081   534214   537291   537292          534214          537291          537292 0.901728  3059.44    -0.00116017
  0.226     2049.04    -681.157    -651.629     131.505   534109   537291   537292          534109          537291          537292 0.902805  3059.43    -0.00120692
  0.228      2022.7    -681.179    -651.365     131.952   534026   537291   537292          534026          537291          537292 0.902065  3059.42    -0.00125436
   0.23     1996.82      -681.2    -651.101     132.424   533898   537291   537292          533898          537291          537292 0.904289  3059.41    -0.00130239
  0.232     1971.38    -681.222    -650.836     132.921   533778   537291   537292          533778          537291          537292 0.90558  3059.41    -0.00135092
  0.234     1946.37    -681.244    -650.569     133.447   533714   537291   537292          533714          537291          537292 0.902811   3059.4    -0.00139984
  0.236      1921.8    -681.267    -650.302     134.003   533531   537291   537292          533531          537291          537292 0.907423  3059.39    -0.00144902
  0.238     1897.63    -681.289    -650.033     134.591   533453   537291   537292          533453          537291          537292 0.905236  3059.38    -0.00149833
   0.24     1873.87    -681.312    -649.764     135.214   533355   537291   537292          533355          537291          537292 0.903942  3059.37    -0.00154764
  0.242     1850.51    -681.335    -649.492     135.874   533254   537291   537292          533254          537291          537292 0.902416  3059.36    -0.00159679
  0.244     1827.53    -681.358     -649.22     136.574   533160   537291   537292          533160          537291          537292 0.900207  3059.35    -0.00164566
  0.246     1804.92    -681.382    -648.946     137.318   533063   537291   537292          533063          537291          537292 0.897738  3059.34    -0.00169408
  0.248     1782.68    -681.406    -648.671     138.108   532795   537291   537292          532795          537291          537292 0.904094  3059.33    -0.00174192
   0.25     1760.79     -681.43    -648.394     138.948   532609   537291   537292          532609          537291          537292 0.905688  3059.32    -0.00178905
  0.252     1739.26    -681.454    -648.115     139.843   532378   537291   537292          532378          537291          537292 0.90932  3059.31    -0.00183535
  0.254     1718.06    -681.479    -647.834     140.797   532144   537291   537292          532144          537291          537292 0.912692   3059.3    -0.00188072
  0.256      1697.2    -681.504    -647.552     141.815   532022   537291   537292          532022          537291          537292 0.910527  3059.29    -0.00192509
  0.258     1676.66     -681.53    -647.267     142.902   531855   537291   537292          531855          537291          537292 0.909886  3059.27    -0.00196842
   0.26     1656.44    -681.555     -646.98     144.064   531470   537291   537292          531470          537291          537292 0.918064  3059.26    -0.00201073
  0.262     1636.53    -681.581    -646.691     145.308   531240   537291   537292          531240          537291          537292 0.919698  3059.25    -0.00205208
  0.264     1616.92    -681.608    -646.399      146.64   531067   537291   537292          531067          537291          537292 0.918755  3059.24    -0.00209257
  0.266     1597.61    -681.635    -646.104      148.07   530825   537291   537292          530825          537291          537292 0.919934  3059.22    -0.00213241
  0.268     1578.59    -681.662    -645.806     149.605   530591   537291   537292          530591          537291          537292 0.92013  3059.21    -0.00217188
   0.27     1559.85     -681.69    -645.506     151.254   530411   537291   537292          530411          537291          537292 0.918145   3059.2    -0.00221135
  0.272     1541.39    -681.718    -645.201     153.029   530137   537291   537292          530137          537291          537292 0.918673  3059.18     -0.0022513
  0.274      1523.2    -681.747    -644.893      154.94   529661   537291   537292          529661          537291          537292 0.925107  3059.17    -0.00229233
  0.276     1505.28    -681.776    -644.581         157   529391   537291   537292          529391          537291          537292 0.924897  3059.15    -0.00233515
  0.278     1487.61    -681.806    -644.265     159.223   529041   537291   537292          529041          537291          537292 0.926243  3059.14    -0.00238064
   0.28      1470.2    -681.837    -643.944     161.623   528626   537291   537292          528626          537291          537292 0.928845  3059.13     -0.0024298
  0.282     1453.04    -681.868    -643.619     164.216   528337   537291   537292          528337          537291          537292 0.927781  3059.11    -0.00248377
  0.284     1436.13    -681.899    -643.287     167.019   527913   537291   537292          527913          537291          537292 0.929397   3059.1    -0.00254385
  0.286     1419.45    -681.931     -642.95     170.052   527533   537291   537292          527533          537291          537292 0.929205  3059.08    -0.00261149
  0.288     1403.01    -681.964    -642.607     173.333   527193   537291   537292          527193          537291          537292 0.92743  3059.06    -0.00268824
   0.29     1386.79    -681.998    -642.257     176.884   526550   537291   537292          526550          537291          537292 0.931498  3059.05    -0.00277579
  0.292      1370.8    -682.033    -641.899     180.727   525963   537192   537292          525963          537192          537292 0.933628  3059.03     -0.0028759
  0.294     1355.03    -682.068    -641.534     184.886   524958   537192   537292          524958          537192          537292 0.942859  3059.01    -0.00299039
  0.296     1339.48    -682.104     -641.16     189.385   524487   537192   537292          524487          537192          537292 0.942298  3058.99    -0.00312105
  0.298     1324.14    -682.141    -640.776     194.248   523921   537192   537292          523921          537192          537292 0.94255  3058.97    -0.00326963
    0.3     1309.01    -682.179    -640.382       199.5   523111   537192   537292          523111          537192          537292 0.94595  3058.95    -0.00343772
  0.302     1294.08    -682.218    -639.978     205.165   522553   537192   537292          522553          537192          537292 0.944683  3058.93     -0.0036267
  0.304     1279.35    -682.259    -639.561     211.267   521556   537192   537292          521556          537192          537292 0.949106  3058.91    -0.00383759
  0.306     1264.81      -682.3    -639.132     217.826   520432   537192   537292          520432          537192          537292 0.954037  3058.88    -0.00407097
  0.308     1250.47    -682.343     -638.69      224.86   519295   537192   537292          519295          537192          537292 0.958769  3058.86    -0.00432686
   0.31     1236.32    -682.387    -638.233     232.383   517993   537192   537292          517993          537192          537292 0.964651  3058.83    -0.00460456
  0.312     1222.36    -682.433     -637.76     240.403   517218   537192   537292          517218          537192          537292 0.964824   3058.8    -0.00490256
  0.314     1208.58     -682.48    -637.271      248.92   516322   534671   537292          516322          534671          537292 0.965739  3058.77    -0.00521841
  0.316     1194.98    -682.529    -636.764     257.926   515537   534671   537292          515537          534671          537292 0.964636  3058.74    -0.00554864
  0.318     1181.55    -682.579    -636.239     267.402   513806   534671   537292          513806          534671          537292 0.970562   3058.7    -0.00588869
   0.32      1168.3    -682.632    -635.694     277.319   512544   534671   537292          512544          534671          537292 0.973004  3058.67    -0.00623295
  0.322     1155.22    -682.686    -635.129     287.631   511571   531286   537292          511571          531286          537292 0.973195  3058.63    -0.00657478
  0.324      1142.3    -682.743    -634.543     298.283   510209   531286   537292          510209          531286          537292 0.975473  3058.59    -0.00690664
  0.326     1129.56    -682.801    -633.936     309.202   508489   531286   537292          508489          531286          537292 0.979852  3058.54    -0.00722035
  0.328     1116.97    -682.862    -633.306     320.303   507643   531090   537292          507643          531090          537292 0.979547   3058.5    -0.00750736
   0.33     1104.55    -682.926    -632.654     331.491   506795   531090   537292          506795          531090          537292 0.978685  3058.45    -0.00775912
  0.332     1092.28    -682.992     -631.98      342.66   505181   524968   537292          505181          524968          537292 0.981854   3058.4    -0.00796751
  0.334     1080.16     -683.06    -631.284     353.699   504202   524968   537292          504202          524968          537292 0.98174  3058.35    -0.00812532
  0.336      1068.2    -683.132    -630.566     364.497   503240   524968   537292          503240          524968          537292 0.981398   3058.3    -0.00822668
  0.338     1056.39    -683.206    -629.826     374.949   501988   524968   537292          501988          524968          537292 0.982228  3058.25    -0.00826746
   0.34     1044.73    -683.283    -629.066     384.957   500608   524968   537292          500608          524968          537292 0.983537   3058.2    -0.00824559
  0.342     1033.21    -683.364    -628.287     394.442   499480   518690   537292          499480          518690          537292 0.983835  3058.15    -0.00816123
  0.344     1021.84    -683.448    -627.489     403.344   498738   518690   537292          498738          518690          537292 0.982497   3058.1    -0.00801677
  0.346     1010.61    -683.535    -626.674     411.628   497768   518690   537292          497768          518690          537292 0.982032  3058.05    -0.00781673
  0.348     999.514    -683.625    -625.843     419.283   496817   517942   537292          496817          517942          537292 0.981206  3058.01    -0.00756739
   0.35     988.557    -683.719    -624.997     426.327   495683   517942   537292          495683          517942          537292 0.980903  3057.96    -0.00727643
  0.352     977.734    -683.816    -624.138     432.801   494379   517942   537292          494379          517942          537292 0.981308  3057.92    -0.00695237
  0.354     967.043    -683.917    -623.266     438.765   492983   517942   537292          492983          517942          537292 0.981939  3057.88    -0.00660406
  0.356     956.483    -684.021    -622.383     444.298   491693   513498   535936          491693          513498          535936 0.97723  3057.84    -0.00624018
  0.358     946.051     -684.13    -621.489     449.485   490531   508254   535087          490531          508254          535087 0.975204   3057.8    -0.00586876
   0.36     935.745    -684.241    -620.585     454.416   489544   508254   533795          489544          508254          533795 0.97095  3057.77    -0.00549693
  0.362     925.563    -684.357    -619.672     459.179   488737   508254   532547          488737          508254          532547 0.966787  3057.73    -0.00513067
  0.364     915.503    -684.476    -618.749     463.849   487237   508254   531575          487237          508254          531575 0.966735   3057.7    -0.00477483
  0.366     905.564    -684.599    -617.816     468.489   486296   508254   530258          486296          508254          530258 0.963252  3057.67    -0.00443322
  0.368     895.743    -684.726    -616.875     473.144   485296   508254   529350          485296          508254          529350 0.96221  3057.65     -0.0041088
   0.37     886.038    -684.857    -615.924     477.839   484089   508254   528234          484089          508254          528234 0.961167  3057.62    -0.00380397
  0.372     876.449    -684.991    -614.963     482.577   482243   508254   527063          482243          508254          527063 0.962949   3057.6    -0.00352096
  0.374     866.972     -685.13    -613.993     487.344   481444   505374   526223          481444          505374          526223 0.961813  3057.58    -0.00326214
  0.376     857.606    -685.272    -613.014     492.106   479100   505374   525492          479100          505374          525492 0.967495  3057.56    -0.00303037
  0.378      848.35    -685.418    -612.025     496.819   478008   505374   524744          478008          505374          524744 0.968435  3057.54    -0.00282929
   0.38     839.202    -685.569    -611.027     501.429   476970   499493   523595          476970          499493          523595 0.967486  3057.53    -0.00266353
  0.382     830.161    -685.723    -610.019     505.884   475708   499493   522295          475708          499493          522295 0.966922  3057.51    -0.00253887
  0.384     821.224    -685.881    -609.003     510.133   474686   499493   521335          474686          499493          521335 0.966634   3057.5    -0.00246234
  0.386      812.39    -686.044    -607.979     514.143   473658   499493   520516          473658          499493          520516 0.966878  3057.48    -0.00244224
  0.388     803.658     -686.21    -606.947       517.9   472364   498099   519705          472364          498099          519705 0.967934  3057.47    -0.00248824
   0.39     795.026    -686.381    -605.907      521.42   471345   491085   518834          471345          491085          518834 0.967513  3057.45    -0.00261155
  0.392     786.492    -686.556    -604.861     524.759   470099   491085   517566          470099          491085          517566 0.966391  3057.43    -0.00282522
  0.394     778.056    -686.735    -603.809     528.026   468276   491085   515926          468276          491085          515926 0.966626  3057.42    -0.00314488
  0.396     769.715    -686.918    -602.749     531.394   467092   491078   515032          467092          491078          515032 0.967661   3057.4       -0.00359
  0.398     761.468    -687.105    -601.683     535.125   466426   491078   514014          466426          491078          514014 0.966052  3057.37    -0.00418605
    0.4     753.315    -687.296    -600.608     539.598   465419   488885   513120          465419          488885          513120 0.965542  3057.34    -0.00496799
  0.402     745.253    -687.492    -599.523     545.355   464127   488885   512168          464127          488885          512168 0.965595  3057.31    -0.00598581
  0.404     737.281    -687.692    -598.425     553.164   463458   485786   510903          463458          485786          510903 0.961791  3057.27    -0.00731307
  0.406     729.398    -687.896    -597.309     564.117   462336   485786   510119          462336          485786          510119 0.960784  3057.22    -0.00905978
  0.408     721.604    -688.104    -596.166     579.773   461491   485786   509228          461491          485786          509228 0.957151  3057.16     -0.0113916
   0.41     713.896    -688.317    -594.985     602.347   460236   478869   508439          460236          478869          508439 0.953884  3057.08     -0.0145573
  0.412     706.275    -688.535     -593.75     634.974   458420   478869   506519          458420          478869          506519 0.947417  3056.98     -0.0189269
  0.414     698.739    -688.757    -592.436     682.011   456743   478869   505603          456743          478869          505603 0.942609  3056.84     -0.0250394
  0.416     691.289    -688.986    -591.008     749.328   454577   478869   504274          454577          478869          504274 0.936018  3056.67     -0.0336565
  0.418     683.925     -689.22     -589.42     844.408   453284   478869   503032          453284          478869          503032 0.922938  3056.43     -0.0458004
   0.42     676.648    -689.461    -587.606      975.89   449601   478869   501993          449601          478869          501993 0.914743   3056.1     -0.0627324
  0.422     669.459     -689.71    -585.486     1151.91   447052   478869   501021          447052          478869          501021 0.896253  3055.65     -0.0857836
  0.424      662.36    -689.969    -582.966      1376.4   426011   478869   499917          426011          478869          499917 0.931896  3055.03      -0.115916
  0.426     655.357     -690.24    -579.952     1643.02   411012   478869   499255          411012          478869          499255 0.96444  3054.22      -0.152917
  0.428     648.452    -690.526    -576.381      1928.1   404664   475776   498216          404664          475776          498216 0.975914  3053.16      -0.194364
   0.43     641.651    -690.828    -572.257     2187.73   401885   468305   496514          401885          468305          496514 0.977683  3051.84      -0.234944
  0.432     634.957     -691.15    -567.685        2366   398637   468305   495274          398637          468305          495274 0.982895  3050.31      -0.267172
  0.434     628.373    -691.492    -562.879     2416.42   396846   468305   494114          396846          468305          494114 0.985665  3048.62      -0.284001
  0.436     621.897    -691.855    -558.114     2325.33   395907   420072   491557          395907          420072          491557 0.984509  3046.88      -0.282136
  0.438     615.526    -692.238    -553.655     2118.97   394922   412563   487754          394922          412563          487754 0.9815  3045.21      -0.263591
   0.44     609.255     -692.64    -549.681     1848.41   394449   412563   483257          394449          412563          483257 0.976316  3043.69      -0.234256
  0.442     603.076    -693.057    -546.269     1565.34   394090   409224   479447          394090          409224          479447 0.973263  3042.37      -0.200854
  0.444     596.982    -693.487    -543.404     1305.94   393695   407416   470606          393695          407416          470606 0.956741  3041.24      -0.168572
  0.446     590.967    -693.928    -541.018     1087.52   393260   407006   443721          393260          407006          443721 0.895063  3040.31      -0.140293
  0.448     585.025    -694.378    -539.024     913.305   393031   407006   439250          393031          407006          439250 0.905143  3039.53      -0.116991
   0.45     579.152    -694.835    -537.338     778.852   392774   407006   437457          392774          407006          437457 0.919317  3038.88      -0.098487
  0.452     573.343    -695.298    -535.887     676.905   392443   407006   435254          392443          407006          435254 0.927086  3038.32      -0.084084
  0.454     567.597    -695.765    -534.614     600.118   392088   406806   433845          392088          406806          433845 0.934403  3037.85     -0.0729622
  0.456      561.91    -696.237    -533.474     542.208   391407   406806   432227          391407          406806          432227 0.939407  3037.43     -0.0643664
  0.458     556.281    -696.713    -532.435     498.238   391087   406806   431045          391087          406806          431045 0.94275  3037.06     -0.0576738
   0.46     550.709    -697.192    -531.474     464.511   390525   406806   429873          390525          406806          429873 0.945706  3036.73     -0.0523998
  0.462     545.191    -697.674    -530.572     438.333   389794   406806   428829          389794          406806          428829 0.948997  3036.42     -0.0481788
  0.464     539.726    -698.159    -529.717     417.764   389256   405464   426669          389256          405464          426669 0.945697  3036.14       -0.04474
  0.466     534.314    -698.646    -528.898     401.418   388809   404876   426025          388809          404876          426025 0.948498  3035.88     -0.0418844
  0.468     528.953    -699.136    -528.109     388.305   388209   403797   424820          388209          403797          424820 0.948767  3035.63     -0.0394652
   0.47     523.643    -699.628    -527.344      377.71   387521   403137   423799          387521          403137          423799 0.950055   3035.4     -0.0373745
  0.472     518.383    -700.122    -526.597     369.115   386871   403137   422905          386871          403137          422905 0.951509  3035.18     -0.0355318
  0.474     513.171    -700.618    -525.866     362.138   386615   403137   422209          386615          403137          422209 0.951311  3034.97     -0.0338771
  0.476     508.008    -701.116    -525.148     356.493   386006   403137   421679          386006          403137          421679 0.953332  3034.77     -0.0323647
  0.478     502.892    -701.617    -524.439     351.962   385687   400747   420966          385687          400747          420966 0.952494  3034.57     -0.0309598
   0.48     497.822    -702.119    -523.739     348.373   385268   400747   420256          385268          400747          420256 0.951757  3034.39     -0.0296357
  0.482     492.799    -702.623    -523.045     345.591   384149   399082   419139          384149          399082          419139 0.952523  3034.21     -0.0283713
  0.484     487.821    -703.129    -522.356     343.504   383357   398808   418166          383357          398808          418166 0.952743  3034.05     -0.0271503
  0.486     482.887    -703.637    -521.671     342.018   382428   398808   417656          382428          398808          417656 0.956464  3033.88     -0.0259596
  0.488     477.998    -704.147    -520.988     341.052   381983   398808   416713          381983          398808          416713 0.955298  3033.73     -0.0247891
   0.49     473.153    -704.659    -520.306     340.535   381334   398808   415870          381334          398808          415870 0.955714  3033.58     -0.0236303
  0.492      468.35    -705.172    -519.626     340.403   380967   398808   415345          380967          398808          415345 0.956247  3033.44     -0.0224768
  0.494      463.59    -705.687    -518.945     340.595   380503   398808   415031          380503          398808          415031 0.958297  3033.31      -0.021323
  0.496     458.872    -706.204    -518.263     341.058   380189   398808   414726          380189          398808          414726 0.959229  3033.18     -0.0201648
  0.498     454.196    -706.723     -517.58     341.741   379947   398808   414354          379947          398808          414354 0.959053  3033.07     -0.0189984
    0.5     449.561    -707.243    -516.896     342.593   379171   397368   413876          379171          397368          413876 0.961016  3032.95     -0.0178211
  0.502     444.966    -707.765     -516.21      343.57   378444   397368   413332          378444          397368          413332 0.962561  3032.85     -0.0166302
  0.504     440.411     -708.29    -515.522     344.628   377969   397356   412931          377969          397356          412931 0.963573  3032.75     -0.0154238
  0.506     435.895    -708.815    -514.831     345.725   377440   397356   412658          377440          397356          412658 0.96535  3032.66        -0.0142
  0.508     431.419    -709.343    -514.139     346.823   377133   394566   412041          377133          394566          412041 0.964129  3032.58     -0.0129572
   0.51     426.981    -709.872    -513.444     347.887   376568   394566   411524          376568          394566          411524 0.964756  3032.51      -0.011694
  0.512     422.581    -710.404    -512.747     348.883   376328   394566   411100          376328          394566          411100 0.964142  3032.44     -0.0104091
  0.514     418.219    -710.937    -512.048     349.783   375794   394566   410684          375794          394566          410684 0.965005  3032.38    -0.00910113
  0.516     413.895    -711.471    -511.348     350.562   375386   394566   410266          375386          394566          410266 0.965087  3032.33    -0.00776899
  0.518     409.607    -712.008    -510.646     351.197   374734   394566   410033          374734          394566          410033 0.967331  3032.29     -0.0064115
   0.52     405.356    -712.546    -509.943     351.673   374279   394566   409565          374279          394566          409565 0.967376  3032.25    -0.00502754
  0.522      401.14    -713.086     -509.24     351.974   373743   394566   409320          373743          394566          409320 0.968839  3032.22    -0.00361601
  0.524      396.96    -713.628    -508.536     352.093   373454   394566   408920          373454          394566          408920 0.968301  3032.21    -0.00217587
  0.526     392.816    -714.172    -507.831     352.024   372720   394566   408629          372720          394566          408629 0.970337   3032.2    -0.00070611
  0.528     388.706    -714.717    -507.128     351.767   372238   394566   408250          372238          394566          408250 0.970793   3032.2    0.000794222
   0.53      384.63    -715.265    -506.425     351.324   371719   387329   407911          371719          387329          407911 0.971521  3032.21       0.002326
  0.532     380.588    -715.814    -505.722     350.702   371282   386986   407571          371282          386986          407571 0.971822  3032.23     0.00389003
  0.534      376.58    -716.364    -505.022     349.909   370945   382516   407071          370945          382516          407071 0.970933  3032.25     0.00548698
  0.536     372.605    -716.917    -504.323     348.958   370644   382516   406362          370644          382516          406362 0.968899  3032.29     0.00711744
  0.538     368.663    -717.471    -503.626     347.863   370340   382516   405842          370340          382516          405842 0.967737  3032.34     0.00878185
   0.54     364.753    -718.027    -502.932     346.639   369959   382516   405274          369959          382516          405274 0.966726   3032.4      0.0104805
  0.542     360.875    -718.584     -502.24     345.304   369768   382516   404711          369768          382516          404711 0.964698  3032.47      0.0122134
  0.544     357.029    -719.143     -501.55     343.875   369185   382516   404183          369185          382516          404183 0.964964  3032.55      0.0139806
  0.546     353.213    -719.704    -500.864      342.37   368794   382516   403596          368794          382516          403596 0.96394  3032.64      0.0157819
  0.548     349.429    -720.266    -500.181     340.806   368347   382516   403173          368347          382516          403173 0.964172  3032.74      0.0176166
   0.55     345.675    -720.831    -499.501     339.201   367772   382516   402453          367772          382516          402453 0.963643  3032.85       0.019484
  0.552     341.951    -721.396    -498.824     337.571   367475   382516   402027          367475          382516          402027 0.963317  3032.98      0.0213833
  0.554     338.257    -721.963    -498.151      335.93   367234   382516   401528          367234          382516          401528 0.962215  3033.11      0.0233133
  0.556     334.592    -722.532     -497.48     334.293   366871   382516   401168          366871          382516          401168 0.96249  3033.26      0.0252724
  0.558     330.957    -723.102    -496.814      332.67   366379   382516   400827          366379          382516          400827 0.963626  3033.42       0.027259
   0.56      327.35    -723.674     -496.15     331.073   365977   382516   400329          365977          382516          400329 0.963389  3033.59      0.0292711
  0.562     323.771    -724.248    -495.489      329.51   365616   382516   399887          365616          382516          399887 0.963299  3033.77      0.0313065
  0.564      320.22    -724.822    -494.832     327.987   365215   381334   399548          365215          381334          399548 0.963957  3033.97      0.0333626
  0.566     316.697    -725.399    -494.177     326.509   364848   381334   399141          364848          381334          399141 0.964021  3034.18      0.0354369
  0.568     313.202    -725.977    -493.526      325.08   364370   380716   398820          364370          380716          398820 0.965268   3034.4      0.0375262
   0.57     309.733    -726.556    -492.877     323.702   363945   380716   398330          363945          380716          398330 0.965385  3034.63      0.0396274
  0.572     306.292    -727.136    -492.231     322.374   363527   380716   397878          363527          380716          397878 0.965685  3034.88      0.0417371
  0.574     302.876    -727.718    -491.587     321.095   363075   380716   397480          363075          380716          397480 0.9666  3035.14      0.0438518
  0.576     299.487    -728.302    -490.946     319.864   362924   380716   396565          362924          380716          396565 0.962979  3035.41      0.0459676
  0.578     296.124    -728.887    -490.308     318.677   362386   380716   396232          362386          380716          396232 0.965033   3035.7      0.0480808
   0.58     292.786    -729.473    -489.672     317.529   362108   378064   395830          362108          378064          395830 0.965217     3036      0.0501874
  0.582     289.474     -730.06    -489.038     316.417   361799   378064   395593          361799          378064          395593 0.966412  3036.31      0.0522834
  0.584     286.186    -730.649    -488.406     315.335   361601   378064   395243          361601          378064          395243 0.966271  3036.63      0.0543647
  0.586     282.923     -731.24    -487.776     314.277   361262   378064   394778          361262          378064          394778 0.966228  3036.97      0.0564274
  0.588     279.685    -731.831    -487.149     313.238   361093   377456   394327          361093          377456          394327 0.965274  3037.32      0.0584675
   0.59     276.471    -732.424    -486.523     312.211   360699   377456   393778          360699          377456          393778 0.965147  3037.68      0.0604811
  0.592     273.281    -733.018      -485.9     311.192   360440   377456   393426          360440          377456          393426 0.965345  3038.05      0.0624647
  0.594     270.114    -733.614    -485.279     310.174   360097   377456   392531          360097          377456          392531 0.963193  3038.44      0.0644145
  0.596     266.971    -734.211    -484.659     309.153   359764   377456   392183          359764          377456          392183 0.963984  3038.83      0.0663274
  0.598     263.851    -734.809    -484.042     308.124   359048   377456   391850          359048          377456          391850 0.966903  3039.24      0.0682004
    0.6     260.754    -735.408    -483.427     307.082   358810   374544   391585          358810          374544          391585 0.967727  3039.66      0.0700306
  0.602      257.68    -736.009    -482.814     306.024   358677   374544   390979          358677          374544          390979 0.966168   3040.1      0.0718156
  0.604     254.628     -736.61    -482.203     304.947   358481   374544   390594          358481          374544          390594 0.966055  3040.54      0.0735533
  0.606     251.598    -737.213    -481.594     303.848   358087   374544   390224          358087          374544          390224 0.967021  3040.99      0.0752421
  0.608      248.59    -737.818    -480.987     302.726   357778   374544   390024          357778          374544          390024 0.968344  3041.45      0.0768805
   0.61     245.604    -738.423    -480.383     301.578   357353   374544   389657          357353          374544          389657 0.969433  3041.92      0.0784675
  0.612     242.639     -739.03    -479.781     300.405   357128   374544   389423          357128          374544          389423 0.970134  3042.41      0.0800026
  0.614     239.696    -739.638    -479.181     299.207   356922   370721   388981          356922          370721          388981 0.969663   3042.9      0.0814855
  0.616     236.773    -740.247    -478.584     297.983   356636   370076   388534          356636          370076          388534 0.969571   3043.4      0.0829163
  0.618     233.871    -740.857     -477.99     296.735   356510   367910   388125          356510          367910          388125 0.968808  3043.91      0.0842956
   0.62      230.99    -741.468    -477.397     295.464   356284   367910   387773          356284          367910          387773 0.968797  3044.42      0.0856242
  0.622     228.129     -742.08    -476.808     294.173   356115   367910   387437          356115          367910          387437 0.968507  3044.95      0.0869032
  0.624     225.289    -742.694    -476.221     292.864   355858   367673   387032          355858          367673          387032 0.968267  3045.48      0.0881342
  0.626     222.468    -743.308    -475.636     291.538   355622   367673   386481          355622          367673          386481 0.967149  3046.02      0.0893188
  0.628     219.667    -743.924    -475.055       290.2   355516   367673   386058          355516          367673          386058 0.966048  3046.57       0.090459
   0.63     216.885    -744.541    -474.475     288.851   355416   367673   385523          355416          367673          385523 0.964182  3047.13       0.091557
  0.632     214.123    -745.159    -473.899     287.496   355309   367673   385163          355309          367673          385163 0.963322  3047.69      0.0926151
  0.634      211.38    -745.778    -473.325     286.138   355152   367673   384904          355152          367673          384904 0.963218  3048.25      0.0936359
  0.636     208.656    -746.398    -472.755      284.78   354825   367673   384580          354825          367673          384580 0.963654  3048.83      0.0946218
  0.638      205.95    -747.019    -472.186     283.425   354450   367673   384360          354450          367673          384360 0.965067  3049.41      0.0955757
   0.64     203.263    -747.641    -471.621     282.078   354268   367673   384188          354268          367673          384188 0.965511  3049.99      0.0965002
  0.642     200.594    -748.264    -471.058      280.74   354044   367673   383875          354044          367673          383875 0.965296  3050.59      0.0973981
  0.644     197.944    -748.888    -470.498     279.415   353527   367673   383623          353527          367673          383623 0.967242  3051.18      0.0982721
  0.646     195.311    -749.513     -469.94     278.107   353322   367673   383406          353322          367673          383406 0.967574  3051.79       0.099125
  0.648     192.696    -750.139    -469.385     276.818   353100   367673   383142          353100          367673          383142 0.967696  3052.39      0.0999593
   0.65     190.099    -750.766    -468.833     275.551   352944   366083   382942          352944          366083          382942 0.967757  3053.01       0.100778
  0.652     187.519    -751.394    -468.283     274.309   352796   364110   382648          352796          364110          382648 0.967113  3053.62       0.101583
  0.654     184.956    -752.023    -467.736     273.093   352653   364110   382375          352653          364110          382375 0.966512  3054.25       0.102377
  0.656     182.411    -752.653    -467.191     271.905   352339   364110   382120          352339          364110          382120 0.967091  3054.87       0.103162
  0.658     179.882    -753.284    -466.648     270.749   351932   364110   381674          351932          364110          381674 0.967168  3055.51        0.10394
   0.66      177.37    -753.915    -466.108     269.624   351819   364110   381411          351819          364110          381411 0.966573  3056.14       0.104714
  0.662     174.875    -754.548     -465.57     268.534   351698   363161   380975          351698          363161          380975 0.964912  3056.79       0.105485
  0.664     172.396    -755.181    -465.034     267.478   351507   363161   380725          351507          363161          380725 0.964877  3057.43       0.106255
  0.666     169.933    -755.816      -464.5     266.458   351200   363161   380100          351200          363161          380100 0.963284  3058.09       0.107025
  0.668     167.486    -756.451    -463.968     265.475   351092   363161   379563          351092          363161          379563 0.961116  3058.74       0.107797
   0.67     165.055    -757.087    -463.438     264.529   350965   363161   379361          350965          363161          379361 0.96115  3059.41       0.108571
  0.672      162.64    -757.724     -462.91      263.62   350726   363161   379116          350726          363161          379116 0.961604  3060.07        0.10935
  0.674      160.24    -758.362    -462.383      262.75   350452   363161   378849          350452          363161          378849 0.962141  3060.74       0.110134
  0.676     157.856    -759.001    -461.859     261.918   350270   363161   378631          350270          363161          378631 0.962358  3061.42       0.110923
  0.678     155.488     -759.64    -461.336     261.124   349993   363161   378330          349993          363161          378330 0.96262   3062.1       0.111719
   0.68     153.134    -760.281    -460.814     260.367   349846   363161   378128          349846          363161          378128 0.962682  3062.79       0.112523
  0.682     150.795    -760.922    -460.294     259.648   349740   363161   377767          349740          363161          377767 0.961369  3063.48       0.113333
  0.684     148.472    -761.564    -459.775     258.967   349524   362449   377523          349524          362449          377523 0.961599  3064.18       0.114152
  0.686     146.163    -762.207    -459.258     258.322   349100   362449   377086          349100          362449          377086 0.961962  3064.88       0.114978
  0.688     143.868     -762.85    -458.742     257.713   349007   362449   376813          349007          362449          376813 0.961252  3065.59       0.115813
   0.69     141.588    -763.495    -458.227     257.139   348774   362449   376602          348774          362449          376602 0.961874   3066.3       0.116657
  0.692     139.323     -764.14    -457.714       256.6   348612   362449   376218          348612          362449          376218 0.96085  3067.02       0.117509
  0.694     137.071    -764.786    -457.201     256.096   348336   362449   376003          348336          362449          376003 0.961726  3067.74       0.118369
  0.696     134.834    -765.433    -456.689     255.625   348081   362449   375612          348081          362449          375612 0.961321  3068.47       0.119238
  0.698     132.611     -766.08    -456.178     255.186   347928   362449   375445          347928          362449          375445 0.961727  3069.21       0.120116
    0.7     130.401    -766.729    -455.668     254.779   347628   362449   375170          347628          362449          375170 0.962371  3069.95       0.121002
  0.702     128.205    -767.378    -455.159     254.403   347341   359058   374985          347341          359058          374985 0.963505  3070.69       0.121897
  0.704     126.023    -768.028    -454.651     254.057   347238   359058   374736          347238          359058          374736 0.962994  3071.44         0.1228
  0.706     123.854    -768.678    -454.143      253.74   346992   359058   374548          346992          359058          374548 0.963833   3072.2       0.123711
  0.708     121.698     -769.33    -453.636     253.452   346835   359058   374113          346835          359058          374113 0.962433  3072.96       0.124631
   0.71     119.556    -769.982    -453.129     253.192   346739   359058   373914          346739          359058          373914 0.962172  3073.73       0.125559
  0.712     117.427    -770.635    -452.623     252.959   346616   359058   373638          346616          359058          373638 0.961511  3074.51       0.126495
  0.714      115.31    -771.289    -452.117     252.752   346487   359058   373262          346487          359058          373262 0.960232  3075.29       0.127439
  0.716     113.207    -771.943    -451.612     252.572   346382   359058   373058          346382          359058          373058 0.959866  3076.07       0.128392
  0.718     111.116    -772.598    -451.107     252.416   346189   359058   372869          346189          359058          372869 0.960121  3076.87       0.129354
   0.72     109.038    -773.254    -450.602     252.285   346088   359058   372667          346088          359058          372667 0.959599  3077.67       0.130325
  0.722     106.973    -773.911    -450.098     252.178   345928   359058   372387          345928          359058          372387 0.958904  3078.47       0.131304
  0.724     104.919    -774.568    -449.594     252.094   345744   359058   372171          345744          359058          372171 0.958764  3079.28       0.132293
  0.726     102.879    -775.226    -449.089     252.034   345548   359058   371964          345548          359058          371964 0.958732   3080.1       0.133292
  0.728      100.85    -775.885    -448.585     251.996   345308   359058   371747          345308          359058          371747 0.95891  3080.93         0.1343
   0.73     98.8337    -776.544    -448.081      251.98   345115   359058   371561          345115          359058          371561 0.95892  3081.76        0.13532
  0.732     96.8292    -777.205    -447.578     251.986   344851   357546   371350          344851          357546          371350 0.959236  3082.59        0.13635
  0.734     94.8367    -777.866    -447.074     252.013   344665   357546   371181          344665          357546          371181 0.959229  3083.44       0.137392
  0.736     92.8559    -778.527    -446.569     252.062   344554   357546   370969          344554          357546          370969 0.958403  3084.29       0.138446
  0.738     90.8869     -779.19    -446.065     252.132   344222   357546   370813          344222          357546          370813 0.959362  3085.15       0.139512
   0.74     88.9295    -779.853    -445.561     252.222   343749   357315   370592          343749          357315          370592 0.96086  3086.01       0.140592
  0.742     86.9836    -780.517    -445.056     252.333   343538   357315   370357          343538          357315          370357 0.960597  3086.88       0.141686
  0.744     85.0491    -781.181    -444.552     252.463   343215   357315   370204          343215          357315          370204 0.961556  3087.76       0.142795
  0.746     83.1259    -781.847    -444.046     252.614   342987   357315   370084          342987          357315          370084 0.962113  3088.65       0.143919
  0.748      81.214    -782.513    -443.541     252.785   342564   357315   369715          342564          357315          369715 0.962348  3089.54       0.145059
   0.75     79.3132    -783.179    -443.035     252.975   342329   355643   369583          342329          355643          369583 0.962945  3090.44       0.146215
  0.752     77.4235    -783.847    -442.529     253.184   342074   355643   369408          342074          355643          369408 0.963392  3091.35       0.147389
  0.754     75.5447    -784.515    -442.023     253.412   341879   355643   369288          341879          355643          369288 0.963773  3092.26       0.148581
  0.756     73.6768    -785.184    -441.516     253.659   341686   355643   369105          341686          355643          369105 0.963708  3093.18       0.149792
  0.758     71.8198    -785.853    -441.008     253.925   341501   355643   368890          341501          355643          368890 0.963378  3094.11       0.151022
   0.76     69.9734    -786.523      -440.5     254.209   341088   355643   368766          341088          355643          368766 0.965004  3095.05       0.152271
  0.762     68.1376    -787.194    -439.991      254.51   341007   353422   368569          341007          353422          368569 0.964098     3096        0.15354
  0.764     66.3124    -787.866    -439.482     254.829   340861   353422   368383          340861          353422          368383 0.963625  3096.95        0.15483
  0.766     64.4976    -788.538    -438.972     255.165   340778   353422   368208          340778          353422          368208 0.962754  3097.92       0.156141
  0.768     62.6932    -789.211    -438.461     255.518   340632   353422   368071          340632          353422          368071 0.962455  3098.89       0.157473
   0.77      60.899    -789.885     -437.95     255.887   340265   353422   367921          340265          353422          367921 0.9635  3099.87       0.158826
  0.772     59.1151     -790.56    -437.438     256.271   340068   353422   367733          340068          353422          367733 0.963217  3100.86         0.1602
  0.774     57.3414    -791.235    -436.925      256.67   339772   353422   367483          339772          353422          367483 0.963164  3101.86       0.161595
  0.776     55.5776    -791.911    -436.411     257.083   339538   353422   367168          339538          353422          367168 0.962348  3102.86       0.163011
  0.778     53.8239    -792.587    -435.896     257.509   339333   351927   367039          339333          351927          367039 0.962556  3103.88       0.164448
   0.78       52.08    -793.265    -435.381     257.948   339117   351927   366786          339117          351927          366786 0.962015   3104.9       0.165905
  0.782      50.346    -793.943    -434.864     258.398   338959   351927   366605          338959          351927          366605 0.961526  3105.94       0.167381
  0.784     48.6217    -794.621    -434.347      258.86   338459   351927   366483          338459          351927          366483 0.963653  3106.98       0.168877
  0.786     46.9071    -795.301    -433.829     259.331   338019   351927   366320          338019          351927          366320 0.965257  3108.04        0.17039
  0.788     45.2021    -795.981     -433.31      259.81   337750   351927   366132          337750          351927          366132 0.96564   3109.1       0.171921
   0.79     43.5067    -796.662     -432.79     260.297   337575   351927   365909          337575          351927          365909 0.965186  3110.18       0.173467
  0.792     41.8207    -797.343    -432.269      260.79   337414   351927   365747          337414          351927          365747 0.965053  3111.26       0.175028
  0.794     40.1441    -798.026    -431.747     261.288   337234   351927   365483          337234          351927          365483 0.96436  3112.35       0.176602
  0.796     38.4768    -798.708    -431.224     261.789   336912   351927   365305          336912          351927          365305 0.96522  3113.46       0.178188
  0.798     36.8187    -799.392    -430.699     262.292   336620   351927   365166          336620          351927          365166 0.966152  3114.57       0.179784
    0.8     35.1699    -800.077    -430.174     262.797   336297   351927   364972          336297          351927          364972 0.966957   3115.7       0.181389
  0.802     33.5301    -800.762    -429.648       263.3   336125   350467   364851          336125          350467          364851 0.967294  3116.83       0.182999
  0.804     31.8994    -801.448    -429.121     263.801   335902   350467   364633          335902          350467          364633 0.967326  3117.98       0.184614
  0.806     30.2777    -802.134    -428.593     264.297   335736   350467   364521          335736          350467          364521 0.967679  3119.14       0.186231
  0.808     28.6649    -802.821    -428.064     264.789   335504   350467   364424          335504          350467          364424 0.968538   3120.3       0.187847
   0.81     27.0609    -803.509    -427.534     265.273   335300   350467   364244          335300          350467          364244 0.968705  3121.48       0.189461
  0.812     25.4657    -804.198    -427.003     265.748   335164   350467   364121          335164          350467          364121 0.968764  3122.67        0.19107
  0.814     23.8793    -804.887    -426.471     266.213   334913   349138   363901          334913          349138          363901 0.968945  3123.87       0.192671
  0.816     22.3015    -805.578    -425.938     266.665   334720   349138   363650          334720          349138          363650 0.96861  3125.08       0.194263
  0.818     20.7323    -806.268    -425.404     267.104   334559   349138   363551          334559          349138          363551 0.969038   3126.3       0.195842
   0.82     19.1716     -806.96     -424.87     267.527   334402   349138   363379          334402          349138          363379 0.968961  3127.53       0.197405
  0.822     17.6194    -807.652    -424.334     267.933   334295   349138   363223          334295          349138          363223 0.968635  3128.77       0.198951
  0.824     16.0756    -808.345    -423.798     268.321   333996   349138   363114          333996          349138          363114 0.969858  3130.02       0.200476
  0.826     14.5402    -809.039    -423.261     268.689   333904   349138   362813          333904          349138          362813 0.968559  3131.28       0.201978
  0.828      13.013    -809.733    -422.723     269.036   333649   349138   362696          333649          349138          362696 0.969495  3132.55       0.203455
   0.83     11.4941    -810.429    -422.185     269.359   333553   349138   362557          333553          349138          362557 0.969249  3133.83       0.204903
  0.832     9.98335    -811.124    -421.646     269.659   333432   349138   362451          333432          349138          362451 0.969328  3135.11       0.206321
  0.834      8.4807    -811.821    -421.106     269.933   333220   349138   362166          333220          349138          362166 0.968853  3136.41       0.207705
  0.836     6.98609    -812.518    -420.566     270.181   333100   347053   361989          333100          347053          361989 0.96851  3137.72       0.209055
  0.838     5.49948    -813.216    -420.025     270.402   332836   347053   361815          332836          347053          361815 0.969094  3139.04       0.210367
   0.84     4.02081    -813.915    -419.484     270.594   332739   347053   361505          332739          347053          361505 0.967816  3140.36       0.211639
  0.842     2.55001    -814.615    -418.943     270.757   332555   347053   361393          332555          347053          361393 0.968322  3141.69       0.212871
  0.844     1.08702    -815.315    -418.401     270.891   332341   347053   361045          332341          347053          361045 0.96757  3143.04       0.214059
  0.846   -0.368194    -816.016     -417.86     270.993   332139   347053   360923          332139          347053          360923 0.968176  3144.39       0.215203
  0.848    -1.81571    -816.717    -417.317     271.066   331941   347053   360773          331941          347053          360773 0.968561  3145.74         0.2163
   0.85    -3.25557     -817.42    -416.775     271.106   331755   347053   360579          331755          347053          360579 0.968629  3147.11       0.217351
  0.852    -4.68784    -818.123    -416.233     271.116   331552   347053   360388          331552          347053          360388 0.968817  3148.48       0.218353
  0.854    -6.11257    -818.827    -415.691     271.094   331335   347053   360306          331335          347053          360306 0.969777  3149.86       0.219306
  0.856    -7.52981    -819.531    -415.149     271.041   331204   347053   360118          331204          347053          360118 0.969559  3151.24       0.220209
  0.858    -8.93963    -820.236    -414.607     270.957   330975   347053   359934          330975          347053          359934 0.969983  3152.63       0.221062
   0.86    -10.3421    -820.942    -414.065     270.842   330808   347053   359801          330808          347053          359801 0.970326  3154.03       0.221865
  0.862    -11.7372    -821.649    -413.523     270.696   330527   347053   359663          330527          347053          359663 0.971287  3155.43       0.222617
  0.864     -13.125    -822.356    -412.982     270.521   330423   347053   359552          330423          347053          359552 0.971374  3156.84        0.22332
  0.866    -14.5057    -823.064    -412.441     270.317   330282   347053   359417          330282          347053          359417 0.971506  3158.25       0.223972
  0.868    -15.8791    -823.773    -411.901     270.085   330095   347053   359279          330095          347053          359279 0.97187  3159.67       0.224576
   0.87    -17.2455    -824.482    -411.361     269.825   329874   342195   359195          329874          342195          359195 0.972718  3161.09       0.225131
  0.872    -18.6048    -825.192    -410.822     269.539   329720   342195   359083          329720          342195          359083 0.97301  3162.52       0.225639
  0.874    -19.9571    -825.903    -410.283     269.228   329630   342195   358835          329630          342195          358835 0.972158  3163.94       0.226101
  0.876    -21.3024    -826.614    -409.745     268.893   329500   342195   358450          329500          342195          358450 0.970768  3165.38       0.226518
  0.878    -22.6409    -827.326    -409.207     268.536   329438   342195   358320          329438          342195          358320 0.970453  3166.81       0.226892
   0.88    -23.9725    -828.039    -408.671     268.157   329264   342195   358139          329264          342195          358139 0.970464  3168.25       0.227225
  0.882    -25.2973    -828.752    -408.135     267.759   329129   342195   357915          329129          342195          357915 0.970002  3169.69       0.227518
  0.884    -26.6153    -829.467      -407.6     267.343   329059   342195   357796          329059          342195          357796 0.969748  3171.14       0.227774
  0.886    -27.9266    -830.181    -407.065      266.91   328926   341090   357659          328926          341090          357659 0.969716  3172.58       0.227995
  0.888    -29.2313    -830.897    -406.532     266.462   328821   341090   357455          328821          341090          357455 0.969102  3174.03       0.228183
   0.89    -30.5294    -831.613    -405.999     266.002   328691   341090   357268          328691          341090          357268 0.968715  3175.48        0.22834
  0.892    -31.8209     -832.33    -405.468     265.529   328501   341090   357026          328501          341090          357026 0.968368  3176.93       0.228469
  0.894    -33.1059    -833.047    -404.937     265.048   328391   341090   356795          328391          341090          356795 0.967621  3178.38       0.228573
  0.896    -34.3844    -833.765    -404.408     264.558   328118   341090   356654          328118          341090          356654 0.96838  3179.83       0.228655
  0.898    -35.6566    -834.484    -403.879     264.062   328070   338133   356379          328070          338133          356379 0.967008  3181.29       0.228716
    0.9    -36.9223    -835.203    -403.352     263.562   327980   338133   356126          327980          338133          356126 0.965988  3182.75        0.22876
  0.902    -38.1818    -835.923    -402.825     263.059   327804   338133   355951          327804          338133          355951 0.965961   3184.2        0.22879
  0.904    -39.4349    -836.644    -402.299     262.556   327742   338133   355734          327742          338133          355734 0.964941  3185.66       0.228809
  0.906    -40.6819    -837.365    -401.775     262.053   327490   338133   355327          327490          338133          355327 0.963925  3187.12       0.228819
  0.908    -41.9226    -838.087    -401.251     261.554   327300   338133   355008          327300          338133          355008 0.963154  3188.58       0.228824
   0.91    -43.1573    -838.809    -400.728     261.058   327154   338133   354853          327154          338133          354853 0.963151  3190.04       0.228826
  0.912    -44.3858    -839.533    -400.207      260.57   326985   337751   354741          326985          337751          354741 0.963535   3191.5       0.228829
  0.914    -45.6083    -840.256    -399.686     260.088   326880   337751   354615          326880          337751          354615 0.963375  3192.96       0.228834
  0.916    -46.8247    -840.981    -399.166     259.617   326734   337751   354319          326734          337751          354319 0.962359  3194.42       0.228846
  0.918    -48.0352    -841.706    -398.648     259.156   326668   337751   354079          326668          337751          354079 0.961189  3195.88       0.228866
   0.92    -49.2398    -842.431     -398.13     258.708   326538   337751   353962          326538          337751          353962 0.961204  3197.34       0.228898
  0.922    -50.4385    -843.157    -397.613     258.275   326392   337751   353871          326392          337751          353871 0.961468  3198.81       0.228945
  0.924    -51.6313    -843.884    -397.097     257.856   326280   337751   353690          326280          337751          353690 0.960865  3200.27       0.229008
  0.926    -52.8184    -844.612    -396.581     257.455   326142   337751   353566          326142          337751          353566 0.960772  3201.74       0.229092
  0.928    -53.9997    -845.339    -396.067     257.071   325902   336333   353423          325902          336333          353423 0.961216  3203.21       0.229197
   0.93    -55.1753    -846.068    -395.553     256.707   325822   336333   353199          325822          336333          353199 0.960036  3204.68       0.229327
  0.932    -56.3452    -846.797     -395.04     256.364   325696   336333   352891          325696          336333          352891 0.958585  3206.15       0.229484
  0.934    -57.5095    -847.527    -394.528     256.042   325592   336333   352607          325592          336333          352607 0.957144  3207.62       0.229671
  0.936    -58.6682    -848.257    -394.016     255.744   325185   336333   352439          325185          336333          352439 0.958608  3209.09       0.229889
  0.938    -59.8213    -848.988    -393.505     255.468   325052   336333   352278          325052          336333          352278 0.958252  3210.57        0.23014
   0.94    -60.9689     -849.72    -392.994     255.218   324613   336333   352158          324613          336333          352158 0.960329  3212.05       0.230428
  0.942     -62.111    -850.452    -392.484     254.993   324427   336333   352054          324427          336333          352054 0.960801  3213.53       0.230753
  0.944    -63.2477    -851.184    -391.974     254.795   324198   336333   351839          324198          336333          351839 0.960798  3215.02       0.231118
  0.946    -64.3789    -851.917    -391.465     254.624   324050   336302   351573          324050          336302          351573 0.959893   3216.5       0.231524
  0.948    -65.5048    -852.651    -390.955      254.48   323867   336302   351416          323867          336302          351416 0.960013     3218       0.231973
   0.95    -66.6253    -853.386    -390.447     254.365   323674   336302   351284          323674          336302          351284 0.960363  3219.49       0.232466
  0.952    -67.7406     -854.12    -389.938     254.279   323464   336302   350971          323464          336302          350971 0.959564  3220.99       0.233006
  0.954    -68.8506    -854.856    -389.429     254.223   323140   336302   350859          323140          336302          350859 0.961103  3222.49       0.233592
  0.956    -69.9553    -855.592    -388.921     254.196   323075   336302   350663          323075          336302          350663 0.960169     3224       0.234227
  0.958    -71.0548    -856.328    -388.413       254.2   322996   335436   350547          322996          335436          350547 0.959868  3225.51       0.234912
   0.96    -72.1492    -857.066    -387.904     254.234   322928   335436   350382          322928          335436          350382 0.959079  3227.03       0.235647
  0.962    -73.2385    -857.803    -387.396     254.299   322770   335436   350142          322770          335436          350142 0.95839  3228.55       0.236434
  0.964    -74.3226    -858.542    -386.887     254.394   322636   335436   350005          322636          335436          350005 0.958252  3230.08       0.237274
  0.966    -75.4017     -859.28    -386.378     254.521   322571   335436   349699          322571          335436          349699 0.956372  3231.62       0.238166
  0.968    -76.4757     -860.02    -385.869     254.679   322339   335436   349574          322339          335436          349574 0.957008  3233.16       0.239113
   0.97    -77.5448     -860.76    -385.359     254.869   322275   335436   349413          322275          335436          349413 0.956153  3234.71       0.240113
  0.972    -78.6089      -861.5    -384.849     255.089   322133   335376   349305          322133          335376          349305 0.956188  3236.27       0.241168
  0.974     -79.668    -862.241    -384.339      255.34   321957   335376   349212          321957          335376          349212 0.956516  3237.84       0.242278
  0.976    -80.7222    -862.983    -383.828     255.623   321721   335376   348942          321721          335376          348942  0.956  3239.41       0.243444
  0.978    -81.7715    -863.725    -383.317     255.936   321552   335376   348846          321552          335376          348846 0.956265  3240.99       0.244664
   0.98     -82.816    -864.468    -382.804     256.279   321275   335376   348566          321275          335376          348566 0.956017  3242.58        0.24594
  0.982    -83.8557    -865.211    -382.291     256.653   320999   334937   348474          320999          334937          348474 0.957103  3244.18       0.247271
  0.984    -84.8906    -865.955    -381.778     257.057   320854   334937   348316          320854          334937          348316 0.956809  3245.79       0.248658
  0.986    -85.9207    -866.699    -381.263      257.49   320700   334937   348180          320700          334937          348180 0.956691  3247.41       0.250098
  0.988    -86.9461    -867.444    -380.748     257.952   320516   334937   347988          320516          334937          347988 0.956366  3249.04       0.251594
   0.99    -87.9667     -868.19    -380.231     258.442   320004   334937   347804          320004          334937          347804 0.958415  3250.68       0.253143
  0.992    -88.9827    -868.936    -379.714     258.961   319836   334937   347719          319836          334937          347719 0.958829  3252.33       0.254746
  0.994    -89.9941    -869.682    -379.195     259.507   319752   334937   347525          319752          334937          347525 0.957863  3253.99       0.256401
  0.996    -91.0008    -870.429    -378.676      260.08   319571   334937   347450          319571          334937          347450 0.958357  3255.67       0.258108
  0.998    -92.0029    -871.177    -378.155     260.679   319298   334937   347362          319298          334937          347362 0.95937  3257.35       0.259867
      1    -93.0005    -871.925    -377.633     261.303   319076   334117   347180          319076          334117          347180 0.959403  3259.05       0.261675
  1.002    -93.9935    -872.674     -377.11     261.953   318932   334117   347065          318932          334117          347065 0.959348  3260.77       0.263533
  1.004    -94.9819    -873.424    -376.585     262.627   318752   333668   346867          318752          333668          346867 0.958925  3262.49       0.265439
  1.006    -95.9659    -874.174    -376.059     263.323   318538   333668   346538          318538          333668          346538 0.957898  3264.23       0.267393
  1.008    -96.9454    -874.924    -375.532     264.043   318282   333668   346223          318282          333668          346223 0.957326  3265.98       0.269391
   1.01    -97.9205    -875.675    -375.003     264.784   318079   333668   345949          318079          333668          345949 0.956702  3267.75       0.271435
  1.012    -98.8911    -876.427    -374.473     265.546   317771   333668   345819          317771          333668          345819 0.957748  3269.53       0.273521
  1.014    -99.8574    -877.179    -373.941     266.328   317671   333668   345614          317671          333668          345614 0.956918  3271.33       0.275649
  1.016    -100.819    -877.932    -373.408     267.129   317492   333668   345486          317492          333668          345486 0.957073  3273.14       0.277817
  1.018    -101.777    -878.686    -372.872     267.947   317455   333668   345378          317455          333668          345378 0.956384  3274.96       0.280024
   1.02     -102.73     -879.44    -372.336     268.783   317240   333668   345192          317240          333668          345192 0.956294  3276.81       0.282267
  1.022    -103.679    -880.194    -371.797     269.635   317032   333668   345070          317032          333668          345070 0.956558  3278.66       0.284546
  1.024    -104.624     -880.95    -371.257     270.502   316499   331037   344970          316499          331037          344970 0.958977  3280.54       0.286858
  1.026    -105.564    -881.705    -370.715     271.383   316415   331037   344753          316415          331037          344753 0.957908  3282.43       0.289201
  1.028      -106.5    -882.462    -370.172     272.277   316163   331037   344612          316163          331037          344612 0.958386  3284.33       0.291574
   1.03    -107.432    -883.219    -369.626     273.183   315871   331037   344462          315871          331037          344462 0.959069  3286.26       0.293975
  1.032     -108.36    -883.976    -369.079       274.1   315372   331037   344299          315372          331037          344299 0.961024   3288.2       0.296402
  1.034    -109.283    -884.734     -368.53     275.026   315173   331037   344205          315173          331037          344205 0.961554  3290.16       0.298852
  1.036    -110.203    -885.493    -367.979     275.962   314998   331037   344098          314998          331037          344098 0.961841  3292.13       0.301324
  1.038    -111.118    -886.253    -367.426     276.905   314795   331037   344003          314795          331037          344003 0.962351  3294.12       0.303816
   1.04    -112.029    -887.013    -366.871     277.854   314490   331037   343910          314490          331037          343910 0.963454  3296.14       0.306326
  1.042    -112.936    -887.773    -366.314     278.809   314362   331037   343786          314362          331037          343786 0.963294  3298.16       0.308851
  1.044    -113.839    -888.534    -365.756     279.768   314060   331037   343687          314060          331037          343687 0.96437  3300.21        0.31139
  1.046    -114.738    -889.296    -365.195      280.73   313910   331037   343557          313910          331037          343557 0.964311  3302.27        0.31394
  1.048    -115.633    -890.059    -364.633     281.695   313742   331037   343432          313742          331037          343432 0.964377  3304.36       0.316499
   1.05    -116.524    -890.822    -364.069     282.661   313425   331037   343327          313425          331037          343327 0.965478  3306.46       0.319065
  1.052    -117.411    -891.585    -363.502     283.627   313380   331037   343228          313380          331037          343228 0.964938  3308.58       0.321637
  1.054    -118.294    -892.349    -362.934     284.592   313166   330538   343091          313166          330538          343091 0.965156  3310.71       0.324211
  1.056    -119.174    -893.114    -362.364     285.555   312981   330538   343000          312981          330538          343000 0.96545  3312.87       0.326786
  1.058    -120.049     -893.88    -361.792     286.515   312886   330538   342886          312886          330538          342886 0.965054  3315.04        0.32936
   1.06     -120.92    -894.646    -361.218     287.471   312723   330538   342766          312723          330538          342766 0.964968  3317.24       0.331931
  1.062    -121.788    -895.413    -360.642     288.422   312432   330538   342716          312432          330538          342716 0.966027  3319.45       0.334496
  1.064    -122.651     -896.18    -360.064     289.368   312195   330538   342620          312195          330538          342620 0.966498  3321.68       0.337055
  1.066    -123.511    -896.948    -359.485     290.306   311941   330538   342473          311941          330538          342473 0.966772  3323.93       0.339604
  1.068    -124.367    -897.717    -358.903     291.238   311847   330538   342380          311847          330538          342380 0.966426  3326.19       0.342143
   1.07    -125.219    -898.486     -358.32     292.161   311202   330538   342304          311202          330538          342304 0.969267  3328.48       0.344669
  1.072    -126.067    -899.256    -357.734     293.074   311061   330538   342231          311061          330538          342231 0.969368  3330.78       0.347181
  1.074    -126.912    -900.027    -357.147     293.978   310948   329730   342088          310948          329730          342088 0.968906   3333.1       0.349677
  1.076    -127.753    -900.798    -356.558     294.872   310500   329730   341955          310500          329730          341955 0.970314  3335.44       0.352155
  1.078     -128.59     -901.57    -355.968     295.754   310349   329730   341854          310349          329730          341854 0.970321   3337.8       0.354614
   1.08    -129.423    -902.343    -355.375     296.624   310179   323226   341674          310179          323226          341674 0.969988  3340.18       0.357053
  1.082    -130.253    -903.116    -354.781     297.482   310023   323226   341410          310023          323226          341410 0.969146  3342.57        0.35947
  1.084    -131.079     -903.89    -354.186     298.327   309805   323226   341266          309805          323226          341266 0.969289  3344.99       0.361863
  1.086    -131.902    -904.664    -353.588     299.158   309748   323226   341159          309748          323226          341159 0.968741  3347.42       0.364233
  1.088     -132.72     -905.44    -352.989     299.976   309602   323226   340972          309602          323226          340972 0.968204  3349.86       0.366577
   1.09    -133.536    -906.215    -352.388     300.779   309543   323226   340620          309543          323226          340620 0.966296  3352.33       0.368895
  1.092    -134.347    -906.992    -351.786     301.567   309330   323226   340509          309330          323226          340509 0.966543  3354.81       0.371186
  1.094    -135.155    -907.769    -351.182     302.341   308966   323226   340358          308966          323226          340358 0.967422  3357.31       0.373449
  1.096     -135.96    -908.547    -350.576     303.099   308710   323226   340238          308710          323226          340238 0.967911  3359.82       0.375683
  1.098    -136.761    -909.326     -349.97     303.843   308520   323226   340095          308520          323226          340095 0.967927  3362.36       0.377888
    1.1    -137.558    -910.105    -349.361     304.571   308427   323226   339942          308427          323226          339942 0.967327  3364.91       0.380064
  1.102    -138.352    -910.885    -348.751     305.283   308308   323226   339807          308308          323226          339807 0.966945  3367.47        0.38221
  1.104    -139.142    -911.665     -348.14      305.98   308214   323179   339634          308214          323179          339634 0.966171  3370.05       0.384325
  1.106    -139.929    -912.446    -347.527     306.661   308113   323179   339483          308113          323179          339483 0.965524  3372.65       0.386411
  1.108    -140.713    -913.228    -346.913     307.327   307708   323179   339349          307708          323179          339349 0.966735  3375.27       0.388466
