# n_walkers  560  n_cull  1  simple log(alpha)  -0.001784121793501292
#   T     log_Z(T)      F(T)        U(T)       Cvp(T)    low_pct_i(T) mode_i(T) high_pct_i(T) low_pct_iter(T)  mode_iter(T)   high_pct_iter(T) Z_fract(T)   V(T)   thermal_exp(T)
   0.01       69705    -706.712    -705.468     121.098   537952   538019   538019          537952          538019          538019 0.89287  3043.26     -0.0129339
  0.012     57927.2    -706.721    -705.225     121.115   537937   538019   538019          537937          538019          538019 0.895151   3043.2    -0.00789191
  0.014     49514.6    -706.731    -704.983     121.133   537916   538019   538019          537916          538019          538019 0.910297  3043.16    -0.00424918
  0.016     43205.1    -706.741    -704.741     121.152   537910   538019   538019          537910          538019          538019 0.891184  3043.14    -0.00191834
  0.018     38297.7    -706.751    -704.499     121.172   537891   538019   538019          537891          538019          538019 0.898363  3043.13   -0.000597402
   0.02     34371.8    -706.761    -704.256     121.194   537873   538019   538019          537873          538019          538019 0.903339  3043.13    2.01802e-05
  0.022     31159.8    -706.772    -704.014     121.217   537858   538019   538019          537858          538019          538019 0.901441  3043.13    0.000180094
  0.024     28483.1    -706.783    -703.771     121.241   537840   538019   538019          537840          538019          538019 0.904645  3043.13    6.09692e-05
  0.026     26218.2    -706.794    -703.529     121.266   537824   538019   538019          537824          538019          538019 0.904793  3043.13   -0.000213904
  0.028     24276.8    -706.805    -703.286     121.292   537807   538018   538019          537807          538018          538019 0.905463  3043.13   -0.000562422
   0.03     22594.3    -706.817    -703.044      121.32   537793   538018   538019          537793          538018          538019 0.902141  3043.13   -0.000931691
  0.032     21122.2    -706.828    -702.801      121.35   537772   538018   538019          537772          538018          538019 0.90587  3043.12    -0.00128898
  0.034     19823.2     -706.84    -702.558     121.381   537756   538018   538019          537756          538018          538019 0.90398  3043.11    -0.00161519
  0.036     18668.6    -706.852    -702.315     121.413   537735   538018   538019          537735          538018          538019 0.906398   3043.1    -0.00190032
  0.038     17635.5    -706.864    -702.073     121.446   537718   538018   538019          537718          538018          538019 0.905228  3043.09    -0.00214024
   0.04     16705.7    -706.876     -701.83     121.482   537695   538018   538019          537695          538018          538019 0.908287  3043.07    -0.00233458
  0.042     15864.5    -706.889    -701.587     121.518   537676   538018   538019          537676          538018          538019 0.908317  3043.06    -0.00248525
  0.044     15099.7    -706.901    -701.344     121.557   537658   538018   538019          537658          538018          538019 0.907222  3043.04    -0.00259548
  0.046     14401.5    -706.914      -701.1     121.596   537640   538018   538019          537640          538018          538019 0.906094  3043.03    -0.00266916
  0.048     13761.4    -706.927    -700.857     121.638   537619   538018   538019          537619          538018          538019 0.906177  3043.01    -0.00271045
   0.05     13172.6     -706.94    -700.614     121.681   537599   538018   538019          537599          538018          538019 0.905502     3043    -0.00272348
  0.052       12629    -706.953     -700.37     121.726   537576   538018   538019          537576          538018          538019 0.906252  3042.98    -0.00271224
  0.054     12125.7    -706.966    -700.127     121.772   537549   538018   538019          537549          538018          538019 0.908661  3042.96    -0.00268045
  0.056     11658.4    -706.979    -699.883     121.821   537526   538018   538019          537526          538018          538019 0.90877  3042.95    -0.00263153
  0.058     11223.3    -706.993     -699.64     121.872   537515   538018   538019          537515          538018          538019 0.903156  3042.93    -0.00256859
   0.06     10817.2    -707.007    -699.396     121.925   537493   538018   538019          537493          538018          538019 0.902128  3042.91    -0.00249439
  0.062     10437.3     -707.02    -699.152      121.98   537466   538018   538019          537466          538018          538019 0.902738   3042.9    -0.00241139
  0.064     10081.2    -707.034    -698.908     122.038   537436   538018   538019          537436          538018          538019 0.90435  3042.89    -0.00232176
  0.066     9746.63    -707.048    -698.664     122.098   537409   538018   538019          537409          538018          538019 0.904571  3042.87    -0.00222737
  0.068     9431.75    -707.062     -698.42     122.161   537391   538018   538019          537391          538018          538019 0.901215  3042.86    -0.00212987
   0.07     9134.87    -707.077    -698.175     122.227   537358   538018   538019          537358          538018          538019 0.903039  3042.85    -0.00203065
  0.072     8854.49    -707.091    -697.931     122.296   537321   538018   538019          537321          538018          538019 0.906013  3042.83    -0.00193092
  0.074     8589.26    -707.105    -697.686     122.368   537292   538018   538019          537292          538018          538019 0.905927  3042.82    -0.00183171
  0.076     8337.99     -707.12    -697.441     122.443   537267   538018   538019          537267          538018          538019 0.904308  3042.81    -0.00173387
  0.078     8099.61    -707.135    -697.196     122.521   537247   538018   538019          537247          538018          538019 0.900913   3042.8    -0.00163813
   0.08     7873.15     -707.15    -696.951     122.603   537215   538018   538019          537215          538018          538019 0.900726  3042.79     -0.0015451
  0.082     7657.74    -707.165    -696.706     122.688   537170   538018   538019          537170          538018          538019 0.903892  3042.78    -0.00145529
  0.084     7452.59     -707.18     -696.46     122.777   537126   538018   538019          537126          538018          538019 0.906426  3042.77    -0.00136912
  0.086     7256.98    -707.195    -696.215      122.87   537095   538018   538019          537095          538018          538019 0.905398  3042.77    -0.00128694
  0.088     7070.26    -707.211    -695.969     122.967   537070   538018   538019          537070          538018          538019 0.902566  3042.76    -0.00120906
   0.09     6891.85    -707.226    -695.723     123.068   537031   538018   538019          537031          538018          538019 0.902626  3042.75    -0.00113573
  0.092     6721.19    -707.242    -695.477     123.173   536976   538018   538019          536976          538018          538019 0.906262  3042.74    -0.00106716
  0.094      6557.8    -707.258     -695.23     123.284   536927   538018   538019          536927          538018          538019 0.908238  3042.74    -0.00100356
  0.096     6401.21    -707.274    -694.983     123.399   536892   538018   538019          536892          538018          538019 0.906992  3042.73   -0.000945105
  0.098     6251.02     -707.29    -694.737     123.519   536860   538018   538019          536860          538018          538019 0.904893  3042.73   -0.000891959
    0.1     6106.84    -707.306    -694.489     123.645   536838   538018   538019          536838          538018          538019 0.900431  3042.72    -0.00084429
  0.102     5968.31    -707.323    -694.242     123.777   536822   538018   538019          536822          538018          538019 0.894427  3042.72   -0.000802264
  0.104     5835.12    -707.339    -693.994     123.914   536778   538018   538019          536778          538018          538019 0.893073  3042.71   -0.000766053
  0.106     5706.95    -707.356    -693.746     124.059   536699   538018   538019          536699          538018          538019 0.897535  3042.71   -0.000735837
  0.108     5583.52    -707.373    -693.498      124.21   536635   538018   538019          536635          538018          538019 0.899253   3042.7   -0.000711806
   0.11     5464.59     -707.39    -693.249     124.369   536594   538018   538019          536594          538018          538019 0.896955   3042.7   -0.000694168
  0.112     5349.91    -707.407    -693.001     124.536   536507   538018   538019          536507          538018          538019 0.901561  3042.69    -0.00068314
  0.114     5239.25    -707.424    -692.751     124.712   536464   538018   538019          536464          538018          538019 0.899225  3042.69   -0.000678961
  0.116     5132.41    -707.442    -692.502     124.896   536381   538018   538019          536381          538018          538019 0.902219  3042.69   -0.000681883
  0.118      5029.2    -707.459    -692.252     125.091   536313   538018   538019          536313          538018          538019 0.902966  3042.68   -0.000692178
   0.12     4929.42    -707.477    -692.001     125.296   536217   538018   538019          536217          538018          538019 0.907226  3042.68   -0.000710132
  0.122     4832.92    -707.495     -691.75     125.513   536156   538018   538019          536156          538018          538019 0.906494  3042.67   -0.000736049
  0.124     4739.53    -707.514    -691.499     125.741   536098   538018   538019          536098          538018          538019 0.905098  3042.67   -0.000770251
  0.126     4649.11    -707.532    -691.248     125.983   536018   538018   538019          536018          538018          538019 0.90573  3042.66   -0.000813072
  0.128     4561.52     -707.55    -690.995      126.24   535929   538018   538019          535929          538018          538019 0.907194  3042.66   -0.000864861
   0.13     4476.62    -707.569    -690.743     126.511   535849   538018   538019          535849          538018          538019 0.907226  3042.65   -0.000925979
  0.132     4394.29    -707.588    -690.489     126.799   535715   538018   538019          535715          538018          538019 0.91289  3042.65   -0.000996801
  0.134     4314.43    -707.607    -690.235     127.105   535613   538018   538019          535613          538018          538019 0.914722  3042.64    -0.00107771
  0.136     4236.92    -707.627    -689.981      127.43   535519   538018   538019          535519          538018          538019 0.915308  3042.63     -0.0011691
  0.138     4161.65    -707.646    -689.726     127.776   535461   538018   538019          535461          538018          538019 0.912185  3042.63    -0.00127136
   0.14     4088.54    -707.666     -689.47     128.145   535346   538018   538019          535346          538018          538019 0.913893  3042.62    -0.00138491
  0.142     4017.48    -707.686    -689.213     128.539   535248   538018   538019          535248          538018          538019 0.913598  3042.61    -0.00151015
  0.144     3948.41    -707.707    -688.956     128.959   535139   538018   538019          535139          538018          538019 0.913762   3042.6    -0.00164752
  0.146     3881.22    -707.727    -688.697     129.408   534999   538018   538019          534999          538018          538019 0.915871  3042.59    -0.00179742
  0.148     3815.86    -707.748    -688.438      129.89   534894   538018   538019          534894          538018          538019 0.915008  3042.58     -0.0019603
   0.15     3752.24    -707.769    -688.178     130.406   534742   538018   538019          534742          538018          538019 0.917037  3042.57    -0.00213659
  0.152     3690.29     -707.79    -687.916      130.96   534633   538018   538019          534633          538018          538019 0.915484  3042.55    -0.00232675
  0.154     3629.96    -707.812    -687.654     131.555   534569   538018   538019          534569          538018          538019 0.910453  3042.54    -0.00253125
  0.156     3571.17    -707.834     -687.39     132.195   534377   538018   538019          534377          538018          538019 0.913003  3042.52    -0.00275058
  0.158     3513.88    -707.856    -687.125     132.885   534240   538018   538019          534240          538018          538019 0.911616   3042.5    -0.00298525
   0.16     3458.02    -707.879    -686.858      133.63   534059   538018   538019          534059          538018          538019 0.912182  3042.49    -0.00323582
  0.162     3403.54    -707.902     -686.59     134.434   533682   538018   538019          533682          538018          538019 0.922952  3042.46    -0.00350287
  0.164     3350.39    -707.925    -686.321     135.303   533426   538018   538019          533426          538018          538019 0.92684  3042.44    -0.00378708
  0.166     3298.53    -707.949    -686.049     136.243   533247   538018   538019          533247          538018          538019 0.926444  3042.42    -0.00408916
  0.168      3247.9    -707.973    -685.776     137.262   532999   538018   538019          532999          538018          538019 0.928862  3042.39    -0.00440993
   0.17     3198.47    -707.997      -685.5     138.366   532820   538018   538019          532820          538018          538019 0.927434  3042.36    -0.00475031
  0.172     3150.19    -708.022    -685.222     139.565   532580   538018   538019          532580          538018          538019 0.927897  3042.33    -0.00511136
  0.174     3103.02    -708.048    -684.942     140.867   532287   538018   538019          532287          538018          538019 0.929885   3042.3    -0.00549432
  0.176     3056.92    -708.073    -684.659     142.283   532072   538018   538019          532072          538018          538019 0.928165  3042.27    -0.00590062
  0.178     3011.87      -708.1    -684.372     143.823   531808   538018   538019          531808          538018          538019 0.927549  3042.23    -0.00633192
   0.18     2967.81    -708.127    -684.083       145.5   531357   537999   538019          531357          537999          538019 0.932258  3042.19    -0.00679021
  0.182     2924.73    -708.154     -683.79     147.327   531008   537999   538019          531008          537999          538019 0.933135  3042.15    -0.00727783
  0.184     2882.59    -708.182    -683.494     149.319   530753   537999   538019          530753          537999          538019 0.930267   3042.1    -0.00779753
  0.186     2841.36    -708.211    -683.193     151.493   530135   537999   538019          530135          537999          538019 0.936506  3042.05    -0.00835261
  0.188     2801.01     -708.24    -682.888     153.868   529538   537999   538019          529538          537999          538019 0.941775     3042    -0.00894697
   0.19     2761.51     -708.27    -682.577     156.465   528989   537999   538019          528989          537999          538019 0.944885  3041.94    -0.00958526
  0.192     2722.84    -708.301    -682.262     159.308   528482   537999   538019          528482          537999          538019 0.946667  3041.88      -0.010273
  0.194     2684.98    -708.333     -681.94     162.423   527896   537916   538019          527896          537916          538019 0.949225  3041.82     -0.0110167
  0.196     2647.89    -708.365    -681.612      165.84   527318   537916   538019          527318          537916          538019 0.950711  3041.75     -0.0118241
  0.198     2611.55    -708.399    -681.276     169.595   526454   537916   538019          526454          537916          538019 0.956938  3041.67     -0.0127042
    0.2     2575.94    -708.433    -680.933     173.727   525843   537775   538019          525843          537775          538019 0.958071  3041.59     -0.0136675
  0.202     2541.05    -708.469    -680.581     178.279   525187   537775   538019          525187          537775          538019 0.95887  3041.51     -0.0147263
  0.204     2506.84    -708.505     -680.22     183.301   524422   537775   538019          524422          537775          538019 0.960187  3041.42     -0.0158944
  0.206     2473.31    -708.543    -679.848     188.848   523493   537775   538019          523493          537775          538019 0.962635  3041.31     -0.0171876
  0.208     2440.42    -708.583    -679.464      194.98   522802   535619   538019          522802          535619          538019 0.961359  3041.21     -0.0186233
   0.21     2408.17    -708.623    -679.067     201.762   521892   535619   538019          521892          535619          538019 0.961825  3041.09     -0.0202203
  0.212     2376.54    -708.666    -678.656      209.26   520663   535619   538019          520663          535619          538019 0.965004  3040.96     -0.0219986
  0.214      2345.5     -708.71     -678.23     217.541   519568   535619   538019          519568          535619          538019 0.965938  3040.82     -0.0239783
  0.216     2315.05    -708.755    -677.786     226.668   518720   533409   538019          518720          533409          538019 0.963521  3040.67     -0.0261788
  0.218     2285.17    -708.803    -677.322     236.694   516761   533409   538019          516761          533409          538019 0.970587   3040.5     -0.0286172
   0.22     2255.84    -708.853    -676.838     247.653   515458   533409   538019          515458          533409          538019 0.971686  3040.32     -0.0313063
  0.222     2227.04    -708.905    -676.331     259.557   514187   533014   538019          514187          533014          538019 0.972432  3040.12     -0.0342522
  0.224     2198.78     -708.96    -675.799     272.377   512398   533014   538019          512398          533014          538019 0.975648   3039.9     -0.0374516
  0.226     2171.02    -709.018    -675.241     286.039   511076   528910   538019          511076          528910          538019 0.975775  3039.66     -0.0408888
  0.228     2143.77    -709.078    -674.655      300.41   509563   528910   538019          509563          528910          538019 0.977013   3039.4      -0.044533
   0.23        2117    -709.142    -674.039     315.292   508366   526901   538019          508366          526901          538019 0.975716  3039.12     -0.0483359
  0.232     2090.71    -709.209    -673.393      330.42   506497   526901   538019          506497          526901          538019 0.977899  3038.82     -0.0522312
  0.234     2064.88    -709.279    -672.717     345.465   504470   526901   538019          504470          526901          538019 0.981085  3038.49     -0.0561351
  0.236     2039.51    -709.354    -672.012     360.049   502819   526260   538019          502819          526260          538019 0.9825  3038.13     -0.0599496
  0.238     2014.58    -709.432    -671.278     373.767   501583   525952   538019          501583          525952          538019 0.981756  3037.76      -0.063568
   0.24     1990.09    -709.515    -670.518     386.218   499665   520932   538019          499665          520932          538019 0.984082  3037.36     -0.0668831
  0.242     1966.02    -709.602    -669.734     397.042   498098   517485   538019          498098          517485          538019 0.985121  3036.95     -0.0697958
  0.244     1942.36    -709.694    -668.931     405.957   496464   517485   538019          496464          517485          538019 0.986755  3036.52     -0.0722253
  0.246      1919.1     -709.79    -668.112     412.784   495240   515223   537084          495240          515223          537084 0.98354  3036.07     -0.0741166
  0.248     1896.24    -709.892    -667.281     417.468   493942   515223   536029          493942          515223          536029 0.981362  3035.62     -0.0754464
   0.25     1873.77    -709.998    -666.443     420.084   493138   515223   535034          493138          515223          535034 0.978043  3035.16     -0.0762253
  0.252     1851.67    -710.109    -665.602     420.821   492226   509855   533826          492226          509855          533826 0.974864  3034.69     -0.0764958
  0.254     1829.94    -710.224    -664.761     419.965   491220   509855   532500          491220          509855          532500 0.971476  3034.23     -0.0763282
  0.256     1808.56    -710.344    -663.923     417.867   490188   509855   531153          490188          509855          531153 0.968661  3033.77      -0.075813
  0.258     1787.53    -710.469     -663.09     414.912   488332   505075   529828          488332          505075          529828 0.969845  3033.31     -0.0750538
   0.26     1766.85    -710.599    -662.264     411.488   487426   505075   528382          487426          505075          528382 0.966924  3032.86      -0.074159
  0.262      1746.5    -710.733    -661.444      407.96   486397   505075   527054          486397          505075          527054 0.965124  3032.41     -0.0732351
  0.264     1726.47    -710.871    -660.632     404.653   484866   503160   525465          484866          503160          525465 0.96481  3031.97     -0.0723809
  0.266     1706.76    -711.014    -659.825     401.837   484022   503012   523790          484022          503012          523790 0.961241  3031.53      -0.071684
  0.268     1687.36    -711.161    -659.024     399.721   482551   500299   522273          482551          500299          522273 0.961514   3031.1     -0.0712173
   0.27     1668.27    -711.312    -658.226      398.45   481545   500299   520994          481545          500299          520994 0.960847  3030.67     -0.0710379
  0.272     1649.47    -711.468    -657.429     398.104   480343   498506   519697          480343          498506          519697 0.960394  3030.24     -0.0711856
  0.274     1630.96    -711.627    -656.633     398.703   479112   496947   518192          479112          496947          518192 0.959303   3029.8     -0.0716834
  0.276     1612.73     -711.79    -655.834     400.212   478082   496947   517280          478082          496947          517280 0.959447  3029.37     -0.0725369
  0.278     1594.78    -711.958    -655.031     402.546   476379   496391   515989          476379          496391          515989 0.96145  3028.92     -0.0737354
   0.28      1577.1     -712.13    -654.223      405.58   475269   495041   514951          475269          495041          514951 0.96149  3028.47      -0.075253
  0.282     1559.68    -712.305    -653.409     409.156   473881   495041   513513          473881          495041          513513 0.961071  3028.01     -0.0770497
  0.284     1542.53    -712.485    -652.586     413.096   472850   494286   512827          472850          494286          512827 0.962332  3027.54      -0.079074
  0.286     1525.63    -712.669    -651.756     417.211   471530   494014   511646          471530          494014          511646 0.962179  3027.05     -0.0812653
  0.288     1508.97    -712.857    -650.918     421.313   469916   493944   510834          469916          493944          510834 0.965116  3026.56     -0.0835575
   0.29     1492.57    -713.049    -650.071     425.227   468243   493944   510029          468243          493944          510029 0.968176  3026.04     -0.0858822
  0.292      1476.4    -713.246    -649.217     428.799   467169   487897   508600          467169          487897          508600 0.966363  3025.52     -0.0881731
  0.294     1460.47    -713.446    -648.356     431.904   465913   484964   507590          465913          484964          507590 0.967083  3024.98     -0.0903696
  0.296     1444.76    -713.651     -647.49     434.453   464581   484964   506651          464581          484964          506651 0.96869  3024.42     -0.0924203
  0.298     1429.28     -713.86    -646.619     436.394   463668   484964   505500          463668          484964          505500 0.967534  3023.86      -0.094286
    0.3     1414.02    -714.074    -645.744     437.713   462677   484964   504767          462677          484964          504767 0.96807  3023.28     -0.0959418
  0.302     1398.98    -714.291    -644.868      438.43   461043   481808   503617          461043          481808          503617 0.96988   3022.7     -0.0973781
  0.304     1384.15    -714.513    -643.991       438.6   459868   481807   502626          459868          481807          502626 0.970763  3022.11     -0.0986014
  0.306     1369.53    -714.739    -643.114     438.303   458997   476923   501071          458997          476923          501071 0.968304  3021.51     -0.0996334
  0.308     1355.11     -714.97    -642.238     437.645   458347   476923   500356          458347          476923          500356 0.968172   3020.9       -0.10051
   0.31     1340.89    -715.204    -641.364     436.748   457693   476923   499137          457693          476923          499137 0.965362  3020.29      -0.101279
  0.312     1326.86    -715.442    -640.491     435.749   456828   476923   497933          456828          476923          497933 0.963021  3019.68         -0.102
  0.314     1313.03    -715.685    -639.621     434.796   455602   476923   497168          455602          476923          497168 0.963958  3019.06      -0.102739
  0.316     1299.38    -715.931    -638.752     434.043   454664   476599   496240          454664          476599          496240 0.962602  3018.44      -0.103569
  0.318     1285.92    -716.182    -637.884     433.643   452543   476599   495274          452543          476599          495274 0.966026  3017.81      -0.104566
   0.32     1272.64    -716.436    -637.017     433.752   451170   470508   494086          451170          470508          494086 0.965821  3017.17      -0.105808
  0.322     1259.54    -716.694    -636.149     434.515   450344   470508   492369          450344          470508          492369 0.961331  3016.53       -0.10737
  0.324     1246.61    -716.957    -635.278     436.068   449182   468117   490812          449182          468117          490812 0.959173  3015.88      -0.109323
  0.326     1233.85    -717.223    -634.404     438.531   447447   464936   489566          447447          464936          489566 0.960675  3015.21      -0.111737
  0.328     1221.26    -717.493    -633.524     442.003   446147   464936   488700          446147          464936          488700 0.961762  3014.53      -0.114668
   0.33     1208.83    -717.767    -632.635     446.556   445011   464936   487554          445011          464936          487554 0.960669  3013.83      -0.118166
  0.332     1196.56    -718.045    -631.737     452.231   444132   464936   486289          444132          464936          486289 0.957741   3013.1      -0.122269
  0.334     1184.46    -718.327    -630.826     459.035   442682   464934   485511          442682          464934          485511 0.959307  3012.35      -0.127002
  0.336     1172.51    -718.613      -629.9      466.94   441253   464934   484190          441253          464934          484190 0.957813  3011.57      -0.132377
  0.338     1160.71    -718.903    -628.957     475.877   439531   460537   483336          439531          460537          483336 0.960045  3010.76      -0.138393
   0.34     1149.06    -719.197    -627.996     485.744   438367   460537   482354          438367          460537          482354 0.95904   3009.9      -0.145037
  0.342     1137.57    -719.496    -627.014     496.411   437722   460537   480860          437722          460537          480860 0.952788  3009.01      -0.152291
  0.344     1126.22    -719.799     -626.01     507.724   434881   460537   480014          434881          460537          480014 0.959409  3008.07      -0.160131
  0.346     1115.01    -720.106    -624.982     519.526   432898   460537   479237          432898          460537          479237 0.962992  3007.08      -0.168545
  0.348     1103.95    -720.419    -623.931     531.672   431967   460537   478513          431967          460537          478513 0.962105  3006.04       -0.17754
   0.35     1093.02    -720.736    -622.856     544.053   429434   460466   477708          429434          460466          477708 0.966398  3004.95      -0.187162
  0.352     1082.24    -721.057    -621.755     556.627   427839   460466   477175          427839          460466          477175 0.968618  3003.79       -0.19752
  0.354     1071.58    -721.384    -620.629      569.46   426358   452246   476044          426358          452246          476044 0.967654  3002.57      -0.208827
  0.356     1061.07    -721.716    -619.477     582.773   424963   447794   474945          424963          447794          474945 0.966372  3001.28      -0.221446
  0.358     1050.68    -722.053    -618.297     597.014   423233   447794   473765          423233          447794          473765 0.965364  2999.91      -0.235969
   0.36     1040.43    -722.395    -617.088     612.954   421405   445671   472402          421405          445671          472402 0.964429  2998.44      -0.253341
  0.362      1030.3    -722.743    -615.843     631.836   420133   445671   471074          420133          445671          471074 0.960804  2996.86      -0.275037
  0.364     1020.31    -723.096    -614.557     655.582   417770   445671   470275          417770          445671          470275 0.962148  2995.13       -0.30335
  0.366     1010.43    -723.456    -613.216     687.106   415825   445671   469110          415825          445671          469110 0.959341  2993.21      -0.341812
  0.368     1000.68    -723.821    -611.801     730.731   414204   443247   468214          414204          443247          468214 0.954695  2991.01      -0.395799
   0.37     991.057    -724.194    -610.281     792.684   410799   439544   466864          410799          439544          466864 0.951842  2988.43      -0.473306
  0.372     981.554    -724.573    -608.612     881.517   407539   439544   465589          407539          439544          465589 0.947045  2985.28      -0.585748
  0.374     972.175    -724.961     -606.73     1008.01   405042   433077   464321          405042          433077          464321 0.93553  2981.33      -0.748279
  0.376     962.921    -725.358    -604.547      1183.6   402992   433077   462494          402992          433077          462494 0.914051  2976.23      -0.978459
  0.378     953.795    -725.767    -601.957     1415.95   382329   433077   461444          382329          433077          461444 0.942675  2969.52       -1.29119
   0.38     944.801    -726.189    -598.848     1700.18   369219   433077   459992          369219          433077          459992 0.963946  2960.73       -1.68765
  0.382     935.945    -726.628     -595.14     2007.62   363341   433077   457725          363341          433077          457725 0.967775  2949.43       -2.13916
  0.384     927.233    -727.087     -590.84      2280.3   357309   429183   455790          357309          429183          455790 0.975519  2935.53        -2.5755
  0.386     918.669    -727.568    -586.092     2444.68   352926   429183   454309          352926          429183          454309 0.982407  2919.43       -2.89657
  0.388     910.255    -728.073    -581.171     2447.21   350488   373064   452400          350488          373064          452400 0.984736  2902.11       -3.01624
   0.39     901.988    -728.602    -576.412     2287.61   349843   373064   447894          349843          373064          447894 0.979763  2884.85        -2.9122
  0.392     893.862    -729.153    -572.094     2018.06   348346   372626   441934          348346          372626          441934 0.973536  2868.83       -2.63639
  0.394     885.868    -729.724    -568.365     1709.81   347446   372622   436209          347446          372622          436209 0.968283  2854.75       -2.27781
  0.396     877.996    -730.311    -565.243     1419.22   346321   372622   429734          346321          372622          429734 0.963219  2842.81       -1.91578
  0.398     870.235     -730.91    -562.657     1175.17   345725   365818   410914          345725          365818          410914 0.927999  2832.87       -1.59716
    0.4     862.579    -731.521    -560.506      984.14   345021   365817   398432          345021          365817          398432 0.915871   2824.6       -1.33843
  0.402     855.021     -732.14    -558.689     840.473   343777   365817   395202          343777          365817          395202 0.930972  2817.64        -1.1376
  0.404     847.555    -732.766    -557.119     734.401   342752   365817   393492          342752          365817          393492 0.944975  2811.68      -0.984938
  0.406     840.178    -733.399    -555.733     656.285   342276   360249   391439          342276          360249          391439 0.951809  2806.49      -0.869279
  0.408     832.886    -734.036    -554.481     598.218   341926   360139   388816          341926          360139          388816 0.953537  2801.87      -0.780828
   0.41     825.677    -734.679     -553.33     554.272   341539   360139   386867          341539          360139          386867 0.955807   2797.7      -0.711923
  0.412     818.548    -735.326    -552.257     520.211   341119   360139   385093          341119          360139          385093 0.957465  2793.88      -0.656925
  0.414     811.497    -735.976    -551.245      493.09   340876   354988   383813          340876          354988          383813 0.959119  2790.34      -0.611826
  0.416     804.523     -736.63    -550.282     470.892   340511   354988   382842          340511          354988          382842 0.961221  2787.04      -0.573827
  0.418     797.624    -737.288    -549.359      452.24   340171   354988   381026          340171          354988          381026 0.958973  2783.93      -0.540992
   0.42     790.798    -737.949    -548.471     436.196   339643   354988   379945          339643          354988          379945 0.96027     2781      -0.511986
  0.422     784.043    -738.612    -547.613     422.121   339238   354988   378435          339238          354988          378435 0.958554  2778.23      -0.485883
  0.424      777.36    -739.279    -546.781      409.57   338666   354988   377139          338666          354988          377139 0.958669   2775.6      -0.462042
  0.426     770.745    -739.948    -545.974     398.236   338051   354988   376208          338051          354988          376208 0.960517   2773.1       -0.44001
  0.428     764.198     -740.62    -545.188     387.899   337740   354007   375200          337740          354007          375200 0.960229  2770.72      -0.419464
   0.43     757.718    -741.295    -544.422     378.405   337090   354007   374517          337090          354007          374517 0.962923  2768.45      -0.400171
  0.432     751.304    -741.972    -543.674     369.636   336754   354007   373574          336754          354007          373574 0.96254  2766.28      -0.381956
  0.434     744.954    -742.651    -542.943     361.507   336309   354007   373078          336309          354007          373078 0.964611  2764.22      -0.364689
  0.436     738.668    -743.332    -542.227     353.951   335875   354007   371772          335875          354007          371772 0.96261  2762.25       -0.34827
  0.438     732.443    -744.016    -541.526     346.914   335624   353979   370918          335624          353979          370918 0.961964  2760.37      -0.332616
   0.44      726.28    -744.701    -540.839     340.356   335299   346798   369995          335299          346798          369995 0.961132  2758.57      -0.317664
  0.442     720.178    -745.389    -540.165     334.239   334901   346798   369240          334901          346798          369240 0.961303  2756.86      -0.303359
  0.444     714.134    -746.079    -539.502     328.533   334460   346798   368303          334460          346798          368303 0.960667  2755.23      -0.289654
  0.446      708.15     -746.77     -538.85     323.213   334102   346798   367698          334102          346798          367698 0.96122  2753.67      -0.276512
  0.448     702.222    -747.463    -538.209     318.253   333602   346798   366891          333602          346798          366891 0.961347  2752.18      -0.263897
   0.45     696.351    -748.158    -537.577     313.635   333153   346798   366094          333153          346798          366094 0.961224  2750.76      -0.251779
  0.452     690.536    -748.855    -536.954     309.336   332886   346798   365519          332886          346798          365519 0.961107  2749.41       -0.24013
  0.454     684.776    -749.554     -536.34      305.34   332534   343003   364509          332534          343003          364509 0.959064  2748.12      -0.228927
  0.456      679.07    -750.254    -535.733      301.63   332247   343003   363195          332247          343003          363195 0.955035  2746.89      -0.218145
  0.458     673.418    -750.955    -535.133     298.189   331752   343003   362665          331752          343003          362665 0.956865  2745.72      -0.207765
   0.46     667.818    -751.659     -534.54     295.001   331381   343003   362205          331381          343003          362205 0.95825  2744.61      -0.197767
  0.462     662.269    -752.363    -533.953     292.051   331216   343003   361579          331216          343003          361579 0.957123  2743.55      -0.188133
  0.464     656.772     -753.07    -533.371     289.326   330751   342892   361219          330751          342892          361219 0.959448  2742.55      -0.178846
  0.466     651.325    -753.777    -532.795     286.811   330537   342892   360524          330537          342892          360524 0.957894  2741.59       -0.16989
  0.468     645.928    -754.486    -532.224     284.492   330290   342701   360150          330290          342701          360150 0.958591  2740.68       -0.16125
   0.47     640.579    -755.197    -531.657     282.357   330005   342701   359043          330005          342701          359043 0.954694  2739.82      -0.152912
  0.472     635.279    -755.909    -531.094     280.392   329638   342701   358638          329638          342701          358638 0.956123  2739.01      -0.144862
  0.474     630.026    -756.622    -530.536     278.585   329467   342701   358235          329467          342701          358235 0.956101  2738.23      -0.137088
  0.476     624.821    -757.337     -529.98     276.924   329211   342701   357898          329211          342701          357898 0.95692   2737.5      -0.129576
  0.478     619.662    -758.053    -529.428     275.398   328978   342701   357349          328978          342701          357349 0.956013  2736.81      -0.122316
   0.48     614.548     -758.77    -528.878     273.995   328725   342701   357068          328725          342701          357068 0.956957  2736.16      -0.115296
  0.482     609.479    -759.489    -528.332     272.705   328503   342701   356725          328503          342701          356725 0.957077  2735.55      -0.108505
  0.484     604.455    -760.208    -527.787     271.517   328213   342701   356445          328213          342701          356445 0.957911  2734.98      -0.101934
  0.486     599.475    -760.929    -527.246     270.423   327936   342701   356103          327936          342701          356103 0.9581  2734.44     -0.0955726
  0.488     594.539    -761.652    -526.706     269.414   327357   342701   355828          327357          342701          355828 0.960811  2733.93     -0.0894116
   0.49     589.645    -762.375    -526.168     268.481   327043   342701   355574          327043          342701          355574 0.961807  2733.46     -0.0834422
  0.492     584.793      -763.1    -525.632     267.616   326739   342701   355239          326739          342701          355239 0.962099  2733.02      -0.077656
  0.494     579.983    -763.826    -525.097     266.813   326369   342701   355024          326369          342701          355024 0.963543  2732.61     -0.0720448
  0.496     575.214    -764.553    -524.564     266.065   325991   342701   354596          325991          342701          354596 0.963631  2732.23     -0.0666007
  0.498     570.486    -765.281    -524.033     265.367   325742   342701   354296          325742          342701          354296 0.963704  2731.88     -0.0613162
    0.5     565.798    -766.011    -523.503     264.714   325387   342701   354078          325387          342701          354078 0.9648  2731.56     -0.0561839
  0.502      561.15    -766.741    -522.974       264.1   325224   338067   353429          325224          338067          353429 0.962099  2731.27     -0.0511967
  0.504     556.541    -767.473    -522.447     263.522   324774   336890   353052          324774          336890          353052 0.962766     2731     -0.0463476
  0.506      551.97    -768.206     -521.92     262.978   324455   336890   352571          324455          336890          352571 0.962033  2730.76     -0.0416297
  0.508     547.438     -768.94    -521.395     262.463   324069   336890   352153          324069          336890          352153 0.962211  2730.55     -0.0370364
   0.51     542.944    -769.675     -520.87     261.976   323883   336890   351718          323883          336890          351718 0.961019  2730.36     -0.0325611
  0.512     538.487    -770.411    -520.347     261.514   323660   336890   351356          323660          336890          351356 0.960397  2730.19     -0.0281972
  0.514     534.066    -771.149    -519.824     261.076   323149   336890   351093          323149          336890          351093 0.962128  2730.05     -0.0239383
  0.516     529.682    -771.887    -519.302     260.662   322410   336890   350819          322410          336890          350819 0.96532  2729.93     -0.0197782
  0.518     525.334    -772.627    -518.781     260.269   322163   336890   350516          322163          336890          350516 0.965396  2729.83     -0.0157105
   0.52     521.022    -773.367    -518.261     259.897   321908   336040   350050          321908          336040          350050 0.964464  2729.76     -0.0117291
  0.522     516.745    -774.109    -517.742     259.545   321659   333741   349729          321659          333741          349729 0.964421   2729.7    -0.00782791
  0.524     512.502    -774.852    -517.223     259.214   321278   333741   349321          321278          333741          349321 0.96462  2729.67    -0.00400108
  0.526     508.294    -775.596    -516.705     258.902   321057   333741   349114          321057          333741          349114 0.965055  2729.66   -0.000242776
  0.528     504.119    -776.341    -516.187     258.609   320853   333741   348788          320853          333741          348788 0.964537  2729.67     0.00345264
   0.53     499.978    -777.087    -515.671     258.335   320315   331560   348506          320315          331560          348506 0.96642   2729.7     0.00709065
  0.532      495.87    -777.834    -515.154     258.079   320232   331560   348250          320232          331560          348250 0.965587  2729.75      0.0106765
  0.534     491.795    -778.582    -514.638     257.841   320014   331560   347816          320014          331560          347816 0.964395  2729.81      0.0142152
  0.536     487.752    -779.331    -514.123     257.621   319653   331446   347562          319653          331446          347562 0.965379   2729.9      0.0177116
  0.538     483.741    -780.081    -513.608     257.417   319355   331446   347257          319355          331446          347257 0.965637  2730.01      0.0211702
   0.54     479.762    -780.832    -513.093     257.228   319198   331366   347008          319198          331366          347008 0.96528  2730.13      0.0245952
  0.542     475.814    -781.584    -512.579     257.054   319028   331366   346738          319028          331366          346738 0.964768  2730.27      0.0279906
  0.544     471.897    -782.337    -512.065     256.894   318672   331366   346376          318672          331366          346376 0.964893  2730.44      0.0313599
  0.546      468.01    -783.091    -511.551     256.747   318449   330752   346094          318449          330752          346094 0.964739  2730.62      0.0347063
  0.548     464.154    -783.846    -511.038      256.61   318141   330752   345623          318141          330752          345623 0.963865  2730.82      0.0380328
   0.55     460.327    -784.603    -510.525     256.484   317976   330752   345402          317976          330752          345402 0.963818  2731.03      0.0413418
  0.552      456.53     -785.36    -510.012     256.365   317692   330752   345150          317692          330752          345150 0.964331  2731.27      0.0446356
  0.554     452.762    -786.118    -509.499     256.253   317474   330338   344851          317474          330338          344851 0.964063  2731.52      0.0479159
  0.556     449.023    -786.877    -508.987     256.146   317192   330338   344649          317192          330338          344649 0.964902  2731.79      0.0511841
  0.558     445.313    -787.637    -508.475     256.042   317072   330338   344416          317072          330338          344416 0.964303  2732.08      0.0544415
   0.56     441.631    -788.398    -507.963     255.939   316753   330338   344169          316753          330338          344169 0.965011  2732.39      0.0576886
  0.562     437.977     -789.16    -507.451     255.837   316505   330338   344016          316505          330338          344016 0.965863  2732.71       0.060926
  0.564      434.35    -789.923    -506.939     255.733   316382   330338   343813          316382          330338          343813 0.965391  2733.05      0.0641537
  0.566     430.751    -790.687    -506.428     255.625   316192   330338   343635          316192          330338          343635 0.965485  2733.41      0.0673717
  0.568     427.179    -791.452    -505.917     255.513   315954   330336   343348          315954          330336          343348 0.965104  2733.79      0.0705795
   0.57     423.633    -792.218    -505.406     255.394   315740   330336   343151          315740          330336          343151 0.965169  2734.18      0.0737764
  0.572     420.114    -792.985    -504.895     255.268   315495   329566   343014          315495          329566          343014 0.965786   2734.6      0.0769618
  0.574     416.621    -793.753    -504.385     255.134   315157   329566   342785          315157          329566          342785 0.966392  2735.03      0.0801346
  0.576     413.154    -794.521    -503.875     254.991   314807   329566   342455          314807          329566          342455 0.966425  2735.47      0.0832936
  0.578     409.713    -795.291    -503.365     254.838   314589   329566   342054          314589          329566          342054 0.965202  2735.94      0.0864376
   0.58     406.297    -796.062    -502.855     254.674   314314   329566   341743          314314          329566          341743 0.964995  2736.42      0.0895653
  0.582     402.906    -796.833    -502.346       254.5   313925   329566   341500          313925          329566          341500 0.965992  2736.92      0.0926755
  0.584      399.54    -797.605    -501.837     254.314   313704   329566   341219          313704          329566          341219 0.965717  2737.43      0.0957666
  0.586     396.198    -798.379    -501.329     254.118   313490   329566   341014          313490          329566          341014 0.965857  2737.97      0.0988373
  0.588     392.881    -799.153    -500.821     253.911   313051   329566   340678          313051          329566          340678 0.96661  2738.52       0.101886
   0.59     389.588    -799.928    -500.313     253.694   312617   327379   340417          312617          327379          340417 0.967813  2739.08       0.104912
  0.592     386.318    -800.704    -499.806     253.467   312421   322453   340076          312421          322453          340076 0.967199  2739.66       0.107914
  0.594     383.072    -801.481    -499.299     253.231   312171   322453   339801          312171          322453          339801 0.967312  2740.26       0.110891
  0.596      379.85    -802.259    -498.793     252.988   311974   322453   339490          311974          322453          339490 0.966844  2740.88       0.113841
  0.598      376.65    -803.038    -498.288     252.738   311798   322453   339121          311798          322453          339121 0.965875  2741.51       0.116765
    0.6     373.473    -803.818    -497.782     252.482   311581   322453   338820          311581          322453          338820 0.965579  2742.16        0.11966
  0.602     370.319    -804.598    -497.278     252.222   311483   322453   338666          311483          322453          338666 0.965385  2742.82       0.122527
  0.604     367.187     -805.38    -496.773      251.96   311325   322453   338437          311325          322453          338437 0.965008   2743.5       0.125364
  0.606     364.077    -806.162     -496.27     251.695   311164   322453   338150          311164          322453          338150 0.964216   2744.2       0.128173
  0.608      360.99    -806.945    -495.767     251.431   310830   322453   337932          310830          322453          337932 0.964971  2744.91       0.130951
   0.61     357.923    -807.729    -495.264     251.169   310611   322453   337544          310611          322453          337544 0.963929  2745.64         0.1337
  0.612     354.879    -808.514    -494.762     250.909   310402   322453   337372          310402          322453          337372 0.964214  2746.38       0.136419
  0.614     351.855      -809.3     -494.26     250.654   310148   322453   337142          310148          322453          337142 0.964397  2747.14       0.139109
  0.616     348.853    -810.087    -493.759     250.406   309985   322453   336931          309985          322453          336931 0.964069  2747.91       0.141769
  0.618     345.871    -810.874    -493.259     250.165   309837   322436   336482          309837          322436          336482 0.962019  2748.69         0.1444
   0.62      342.91    -811.662    -492.759     249.932   309537   322436   336313          309537          322436          336313 0.962901   2749.5       0.147002
  0.622     339.969    -812.451    -492.259     249.711   309143   322304   336135          309143          322304          336135 0.964339  2750.31       0.149575
  0.624     337.049    -813.241     -491.76       249.5   308987   320315   335610          308987          320315          335610 0.961867  2751.14       0.152121
  0.626     334.148    -814.032    -491.261     249.302   308664   320315   335325          308664          320315          335325 0.962242  2751.99       0.154639
  0.628     331.267    -814.824    -490.763     249.118   308445   320315   335113          308445          320315          335113 0.962462  2752.84       0.157129
   0.63     328.406    -815.616    -490.265     248.948   308252   320315   334886          308252          320315          334886 0.962325  2753.72       0.159593
  0.632     325.564     -816.41    -489.767     248.794   308090   320315   334656          308090          320315          334656 0.961954   2754.6       0.162031
  0.634     322.742    -817.204    -489.269     248.655   307941   320315   334470          307941          320315          334470 0.961705   2755.5       0.164443
  0.636     319.938    -817.999    -488.772     248.533   307715   320315   334227          307715          320315          334227 0.961568  2756.41        0.16683
  0.638     317.154    -818.794    -488.275     248.427   307253   320315   334024          307253          320315          334024 0.963392  2757.34       0.169191
   0.64     314.388    -819.591    -487.778     248.338   307089   319358   333881          307089          319358          333881 0.963575  2758.28       0.171527
  0.642      311.64    -820.388    -487.282     248.266   306785   319358   333760          306785          319358          333760 0.964896  2759.23       0.173839
  0.644     308.911    -821.186    -486.785     248.211   306617   319358   333491          306617          319358          333491 0.964182   2760.2       0.176125
  0.646       306.2    -821.985    -486.289     248.173   306410   319358   333258          306410          319358          333258 0.96399  2761.18       0.178387
  0.648     303.507    -822.785    -485.793      248.15   306133   319358   332936          306133          319358          332936 0.963699  2762.17       0.180624
   0.65     300.831    -823.585    -485.296     248.144   306019   319358   332818          306019          319358          332818 0.96369  2763.17       0.182835
  0.652     298.174    -824.387      -484.8     248.153   305802   319358   332662          305802          319358          332662 0.964068  2764.19       0.185021
  0.654     295.533    -825.189    -484.304     248.176   305638   319358   332439          305638          319358          332439 0.963584  2765.22        0.18718
  0.656     292.911    -825.992    -483.807     248.214   305461   318045   332205          305461          318045          332205 0.963087  2766.26       0.189313
  0.658     290.305    -826.795    -483.311     248.263   305252   318045   332025          305252          318045          332025 0.963142  2767.31       0.191418
   0.66     287.716      -827.6    -482.814     248.325   305018   318045   331897          305018          318045          331897 0.963712  2768.38       0.193496
  0.662     285.144    -828.405    -482.318     248.398   304651   318045   331708          304651          318045          331708 0.964792  2769.46       0.195544
  0.664     282.588    -829.211    -481.821      248.48   304491   318045   331536          304491          318045          331536 0.964535  2770.54       0.197562
  0.666      280.05    -830.017    -481.324      248.57   304310   318045   331247          304310          318045          331247 0.963597  2771.65       0.199548
  0.668     277.527    -830.825    -480.826     248.668   303863   317287   331053          303863          317287          331053 0.96519  2772.76       0.201503
   0.67     275.021    -831.633    -480.329     248.771   303448   317287   330891          303448          317287          330891 0.966856  2773.88       0.203424
  0.672     272.531    -832.442    -479.831      248.88   303281   317287   330754          303281          317287          330754 0.967072  2775.01       0.205311
  0.674     270.056    -833.252    -479.333     248.991   303201   317287   330492          303201          317287          330492 0.965805  2776.16       0.207161
  0.676     267.598    -834.063    -478.835     249.104   303014   317287   330346          303014          317287          330346 0.96601  2777.31       0.208974
  0.678     265.155    -834.874    -478.337     249.217   302607   317287   330013          302607          317287          330013 0.966563  2778.48       0.210748
   0.68     262.727    -835.686    -477.839      249.33   302328   317287   329817          302328          317287          329817 0.967267  2779.66       0.212482
  0.682     260.315    -836.499     -477.34      249.44   302088   317287   329688          302088          317287          329688 0.968149  2780.84       0.214175
  0.684     257.918    -837.313    -476.841     249.547   301960   317287   329394          301960          317287          329394 0.967149  2782.04       0.215825
  0.686     255.537    -838.127    -476.342     249.649   301797   317287   329142          301797          317287          329142 0.966681  2783.24        0.21743
  0.688      253.17    -838.942    -475.842     249.746   301650   317287   328881          301650          317287          328881 0.966054  2784.46       0.218991
   0.69     250.818    -839.758    -475.343     249.835   301265   316655   328632          301265          316655          328632 0.967074  2785.68       0.220504
  0.692     248.481    -840.575    -474.843     249.915   301061   316655   328357          301061          316655          328357 0.966824  2786.92        0.22197
  0.694     246.158    -841.392    -474.343     249.987   300807   316655   328159          300807          316655          328159 0.967417  2788.16       0.223387
  0.696     243.849     -842.21    -473.843     250.048   300545   312617   327955          300545          312617          327955 0.968043  2789.41       0.224754
  0.698     241.555    -843.029    -473.343     250.098   300342   312617   327745          300342          312617          327745 0.968256  2790.67        0.22607
    0.7     239.276    -843.849    -472.843     250.137   300256   312617   327593          300256          312617          327593 0.968065  2791.93       0.227335
  0.702      237.01    -844.669    -472.342     250.162   299977   312617   327421          299977          312617          327421 0.968928   2793.2       0.228548
  0.704     234.758     -845.49    -471.842     250.174   299802   312617   327159          299802          312617          327159 0.968608  2794.48       0.229708
  0.706      232.52    -846.312    -471.342     250.172   299632   312617   326868          299632          312617          326868 0.96809  2795.77       0.230815
  0.708     230.295    -847.135    -470.841     250.156   299462   312617   326667          299462          312617          326667 0.968146  2797.07       0.231869
   0.71     228.084    -847.958    -470.341     250.125   299275   312234   326502          299275          312234          326502 0.968515  2798.37        0.23287
  0.712     225.887    -848.782    -469.841     250.078   299107   312234   326285          299107          312234          326285 0.968436  2799.67       0.233817
  0.714     223.703    -849.607    -469.341     250.017   298968   311829   326070          298968          311829          326070 0.968197  2800.98       0.234711
  0.716     221.532    -850.433    -468.841      249.94   298877   311829   325889          298877          311829          325889 0.96782   2802.3       0.235552
  0.718     219.374    -851.259    -468.341     249.847   298746   311829   325497          298746          311829          325497 0.966368  2803.62       0.236341
   0.72      217.23    -852.086    -467.841     249.739   298526   311829   325237          298526          311829          325237 0.966323  2804.95       0.237078
  0.722     215.098    -852.914    -467.342     249.616   298262   311829   325045          298262          311829          325045 0.967041  2806.28       0.237764
  0.724     212.979    -853.742    -466.843     249.478   298085   311829   324899          298085          311829          324899 0.967477  2807.62       0.238401
  0.726     210.872    -854.571    -466.344     249.325   297948   311829   324756          297948          311829          324756 0.967639  2808.96       0.238989
  0.728     208.779    -855.401    -465.846     249.158   297822   311829   324554          297822          311829          324554 0.967324  2810.31       0.239529
   0.73     206.697    -856.232    -465.347     248.976   297689   311829   324439          297689          311829          324439 0.967555  2811.65       0.240023
  0.732     204.628    -857.063     -464.85     248.782   297460   310640   324268          297460          310640          324268 0.968016  2813.01       0.240472
  0.734     202.571    -857.895    -464.352     248.574   297297   308564   324087          297297          308564          324087 0.967986  2814.36       0.240879
  0.736     200.526    -858.728    -463.855     248.354   296994   308564   323784          296994          308564          323784 0.96811  2815.72       0.241244
  0.738     198.494    -859.561    -463.359     248.123   296834   308564   323528          296834          308564          323528 0.967684  2817.08        0.24157
   0.74     196.473    -860.395    -462.863     247.881   296650   308564   323425          296650          308564          323425 0.968367  2818.44       0.241858
  0.742     194.464     -861.23    -462.367     247.628   296573   308564   323233          296573          308564          323233 0.967754   2819.8       0.242111
  0.744     192.467    -862.065    -461.872     247.367   296379   308564   323094          296379          308564          323094 0.968189  2821.17       0.242331
  0.746     190.481    -862.901    -461.378     247.097   296178   308564   322955          296178          308564          322955 0.968671  2822.54       0.242519
  0.748     188.507    -863.738    -460.884     246.819   296126   308564   322804          296126          308564          322804 0.968075  2823.91       0.242679
   0.75     186.545    -864.576    -460.391     246.535   295850   306918   322683          295850          306918          322683 0.96909  2825.28       0.242812
  0.752     184.593    -865.414    -459.898     246.245   295709   306918   322537          295709          306918          322537 0.969077  2826.65       0.242921
  0.754     182.653    -866.253    -459.406      245.95   295611   306918   322361          295611          306918          322361 0.968535  2828.03       0.243007
  0.756     180.724    -867.092    -458.914     245.651   295449   306918   322112          295449          306918          322112 0.96792   2829.4       0.243074
  0.758     178.806    -867.932    -458.423     245.349   295347   306918   321879          295347          306918          321879 0.967043  2830.78       0.243124
   0.76       176.9    -868.773    -457.933     245.045   295292   306918   321673          295292          306918          321673 0.96598  2832.15       0.243159
  0.762     175.004    -869.615    -457.443      244.74   295212   306918   321486          295212          306918          321486 0.965174  2833.53       0.243182
  0.764     173.118    -870.457    -456.954     244.435   295007   306918   321317          295007          306918          321317 0.965298  2834.91       0.243195
  0.766     171.244      -871.3    -456.465      244.13   294875   306918   321097          294875          306918          321097 0.964574  2836.29         0.2432
  0.768      169.38    -872.143    -455.977     243.828   294572   306918   320904          294572          306918          320904 0.965231  2837.67         0.2432
   0.77     167.526    -872.987     -455.49     243.527   294251   306918   320748          294251          306918          320748 0.966263  2839.05       0.243196
  0.772     165.684    -873.832    -455.003      243.23   293912   306918   320573          293912          306918          320573 0.967378  2840.43       0.243192
  0.774     163.851    -874.677    -454.517     242.937   293704   306842   320455          293704          306842          320455 0.96803  2841.81       0.243189
  0.776     162.029    -875.523    -454.031     242.649   293633   306842   320349          293633          306842          320349 0.967796   2843.2        0.24319
  0.778     160.216     -876.37    -453.546     242.367   293445   306842   320078          293445          306842          320078 0.967254  2844.58       0.243196
   0.78     158.414    -877.217    -453.062     242.091   293263   306165   319908          293263          306165          319908 0.967343  2845.96        0.24321
  0.782     156.622    -878.065    -452.578     241.823   293024   303448   319780          293024          303448          319780 0.968097  2847.35       0.243233
  0.784      154.84    -878.913    -452.095     241.562   292903   303448   319610          292903          303448          319610 0.96779  2848.73       0.243267
  0.786     153.068    -879.763    -451.612     241.311   292840   303448   319414          292840          303448          319414 0.966881  2850.12       0.243315
  0.788     151.305    -880.612    -451.129     241.068   292706   303448   319136          292706          303448          319136 0.965872  2851.51       0.243377
   0.79     149.553    -881.463    -450.647     240.836   292592   303448   318851          292592          303448          318851 0.964694   2852.9       0.243456
  0.792     147.809    -882.314    -450.166     240.614   292497   303448   318707          292497          303448          318707 0.964329  2854.28       0.243552
  0.794     146.076    -883.165    -449.685     240.403   292278   303448   318536          292278          303448          318536 0.964631  2855.68       0.243668
  0.796     144.352    -884.017    -449.204     240.203   292109   303448   318327          292109          303448          318327 0.964331  2857.07       0.243804
  0.798     142.637     -884.87    -448.724     240.016   291991   303448   318204          291991          303448          318204 0.964262  2858.46       0.243962
    0.8     140.932    -885.724    -448.244      239.84   291793   302417   317921          291793          302417          317921 0.96363  2859.86       0.244143
  0.802     139.235    -886.578    -447.765     239.678   291692   302417   317734          291692          302417          317734 0.962989  2861.26       0.244348
  0.804     137.549    -887.432    -447.286     239.529   291391   302417   317517          291391          302417          317517 0.9636  2862.65       0.244578
  0.806     135.871    -888.287    -446.807     239.393   291340   302417   317336          291340          302417          317336 0.962683  2864.06       0.244834
  0.808     134.202    -889.143    -446.328     239.271   291237   302417   317026          291237          302417          317026 0.961161  2865.46       0.245117
   0.81     132.542        -890     -445.85     239.163   291040   302417   316899          291040          302417          316899 0.961657  2866.87       0.245427
  0.812     130.891    -890.857    -445.371     239.069   290860   302417   316684          290860          302417          316684 0.961397  2868.27       0.245766
  0.814     129.249    -891.714    -444.893     238.989   290744   302417   316353          290744          302417          316353 0.959821  2869.69       0.246132
  0.816     127.616    -892.572    -444.415     238.924   290404   302417   316038          290404          302417          316038 0.960048   2871.1       0.246528
  0.818     125.991    -893.431    -443.938     238.874   290206   302141   315916          290206          302141          315916 0.960753  2872.52       0.246953
   0.82     124.375     -894.29     -443.46     238.838   290051   302141   315672          290051          302141          315672 0.960245  2873.94       0.247408
  0.822     122.767     -895.15    -442.982     238.818   289859   302141   315458          289859          302141          315458 0.960237  2875.36       0.247892
  0.824     121.169    -896.011    -442.505     238.812   289734   302141   315352          289734          302141          315352 0.960526  2876.79       0.248407
  0.826     119.578    -896.872    -442.027     238.821   289515   302141   315169          289515          302141          315169 0.960919  2878.22       0.248951
  0.828     117.996    -897.733    -441.549     238.845   289339   302141   315027          289339          302141          315027 0.961315  2879.65       0.249526
   0.83     116.422    -898.595    -441.072     238.884   289184   302141   314866          289184          302141          314866 0.961406  2881.09       0.250131
  0.832     114.857    -899.458    -440.594     238.937   289066   302141   314700          289066          302141          314700 0.961146  2882.54       0.250765
  0.834     113.299    -900.321    -440.116     239.005   288973   302141   314492          288973          302141          314492 0.960379  2883.98       0.251429
  0.836      111.75    -901.185    -439.638     239.088   288822   302141   314341          288822          302141          314341 0.960418  2885.44       0.252123
  0.838     110.209     -902.05    -439.159     239.186   288620   302141   314206          288620          302141          314206 0.960932  2886.89       0.252846
   0.84     108.676    -902.915    -438.681     239.297   288519   302141   314073          288519          302141          314073 0.960712  2888.36       0.253597
  0.842     107.151     -903.78    -438.202     239.423   288373   302141   313959          288373          302141          313959 0.96091  2889.82       0.254377
  0.844     105.633    -904.647    -437.723     239.563   288236   302141   313802          288236          302141          313802 0.960701   2891.3       0.255185
  0.846     104.124    -905.513    -437.244     239.716   288065   302141   313623          288065          302141          313623 0.960557  2892.78        0.25602
  0.848     102.622    -906.381    -436.764     239.883   287943   300366   313404          287943          300366          313404 0.959786  2894.26       0.256882
   0.85     101.128    -907.249    -436.284     240.064   287785   299854   313267          287785          299854          313267 0.959814  2895.75       0.257771
  0.852     99.6421    -908.117    -435.804     240.257   287285   299854   313168          287285          299854          313168 0.96252  2897.25       0.258685
  0.854     98.1634    -908.986    -435.323     240.463   287116   299661   312967          287116          299661          312967 0.962255  2898.75       0.259624
  0.856     96.6924    -909.856    -434.842     240.682   287039   299661   312885          287039          299661          312885 0.962161  2900.26       0.260588
  0.858     95.2289    -910.726    -434.361     240.913   286897   299661   312727          286897          299661          312727 0.96194  2901.77       0.261576
   0.86     93.7728    -911.596    -433.879     241.157   286742   299661   312659          286742          299661          312659 0.962416  2903.29       0.262587
  0.862     92.3242    -912.468    -433.396     241.412   286596   299661   312487          286596          299661          312487 0.962059  2904.82        0.26362
  0.864     90.8829    -913.339    -432.913     241.678   286375   299661   312340          286375          299661          312340 0.962415  2906.36       0.264674
  0.866     89.4489    -914.212    -432.429     241.955   286077   299661   312236          286077          299661          312236 0.963611   2907.9        0.26575
  0.868     88.0222    -915.085    -431.945     242.243   286004   299661   312058          286004          299661          312058 0.962726  2909.45       0.266845
   0.87     86.6026    -915.958     -431.46     242.542   285919   299661   311905          285919          299661          311905 0.962055     2911        0.26796
  0.872     85.1903    -916.832    -430.975     242.851   285824   299661   311766          285824          299661          311766 0.961501  2912.57       0.269093
  0.874      83.785    -917.707    -430.489     243.169   285716   299661   311625          285716          299661          311625 0.960984  2914.14       0.270243
  0.876     82.3868    -918.582    -430.002     243.497   285400   299026   311389          285400          299026          311389 0.961249  2915.72        0.27141
  0.878     80.9956    -919.458    -429.515     243.834   285017   299026   311197          285017          299026          311197 0.962344   2917.3       0.272593
   0.88     79.6114    -920.334    -429.027     244.179   284815   299026   311055          284815          299026          311055 0.962613   2918.9       0.273791
  0.882     78.2341    -921.211    -428.538     244.533   284619   299026   310943          284619          299026          310943 0.963006   2920.5       0.275003
  0.884     76.8637    -922.089    -428.049     244.895   284201   299026   310863          284201          299026          310863 0.965144  2922.11       0.276228
  0.886     75.5001    -922.967    -427.559     245.264   284090   299024   310764          284090          299024          310764 0.96509  2923.73       0.277465
  0.888     74.1433    -923.845    -427.068     245.641   283991   299024   310648          283991          299024          310648 0.964806  2925.36       0.278713
   0.89     72.7932    -924.724    -426.576     246.024   283901   296861   310419          283901          296861          310419 0.963697  2926.99       0.279972
  0.892     71.4498    -925.604    -426.084     246.413   283637   296861   310326          283637          296861          310326 0.96463  2928.63       0.281241
  0.894      70.113    -926.484     -425.59     246.809   283505   296861   310167          283505          296861          310167 0.964253  2930.28       0.282517
  0.896     68.7829    -927.365    -425.096      247.21   283366   296861   309963          283366          296861          309963 0.963593  2931.94       0.283802
  0.898     67.4593    -928.247    -424.601     247.616   283133   296861   309786          283133          296861          309786 0.963755  2933.61       0.285093
    0.9     66.1422    -929.129    -424.106     248.027   283022   296861   309619          283022          296861          309619 0.963167  2935.29        0.28639
  0.902     64.8316    -930.011    -423.609     248.442   282839   296861   309500          282839          296861          309500 0.963338  2936.98       0.287691
  0.904     63.5274    -930.894    -423.112     248.861   282525   296861   309401          282525          296861          309401 0.964494  2938.67       0.288996
  0.906     62.2296    -931.778    -422.614     249.284   282172   296861   309271          282172          296861          309271 0.965747  2940.37       0.290304
  0.908     60.9381    -932.662    -422.115     249.709   282104   296736   309172          282104          296736          309172 0.965347  2942.08       0.291614
   0.91      59.653    -933.547    -421.615     250.137   282016   296736   309017          282016          296736          309017 0.964672   2943.8       0.292925
  0.912     58.3741    -934.432    -421.114     250.567   281710   293818   308929          281710          293818          308929 0.965821  2945.53       0.294235
  0.914     57.1014    -935.318    -420.613     250.999   281535   293818   308784          281535          293818          308784 0.96578  2947.27       0.295544
  0.916      55.835    -936.205     -420.11     251.432   281446   293818   308648          281446          293818          308648 0.965221  2949.02       0.296851
  0.918     54.5746    -937.092    -419.607     251.865   281288   293818   308526          281288          293818          308526 0.965168  2950.77       0.298155
   0.92     53.3204     -937.98    -419.103     252.299   281066   293818   308311          281066          293818          308311 0.964967  2952.54       0.299454
  0.922     52.0722    -938.868    -418.598     252.733   280858   293818   308135          280858          293818          308135 0.96492  2954.31       0.300748
  0.924     50.8301    -939.757    -418.092     253.166   280791   293818   307926          280791          293818          307926 0.963742  2956.09       0.302036
  0.926      49.594    -940.646    -417.585     253.597   280414   293818   307800          280414          293818          307800 0.965127  2957.88       0.303317
  0.928     48.3638    -941.536    -417.078     254.028   279990   293818   307630          279990          293818          307630 0.966627  2959.68       0.304589
   0.93     47.1395    -942.427    -416.569     254.456   279827   293818   307523          279827          293818          307523 0.966882  2961.49       0.305852
  0.932     45.9211    -943.318     -416.06     254.881   279537   293818   307424          279537          293818          307424 0.968028   2963.3       0.307104
  0.934     44.7085     -944.21     -415.55     255.303   279416   293818   307321          279416          293818          307321 0.968056  2965.13       0.308346
  0.936     43.5017    -945.102    -415.039     255.722   279209   293818   307223          279209          293818          307223 0.968671  2966.96       0.309574
  0.938     42.3007    -945.995    -414.527     256.137   279063   293818   307032          279063          293818          307032 0.968307   2968.8        0.31079
   0.94     41.1054    -946.889    -414.014     256.547   278801   293818   306955          278801          293818          306955 0.969439  2970.65        0.31199
  0.942     39.9159    -947.783    -413.501     256.953   278677   293818   306846          278677          293818          306846 0.969468  2972.51       0.313176
  0.944     38.7319    -948.677    -412.986     257.352   278603   293818   306649          278603          293818          306649 0.968606  2974.37       0.314345
  0.946     37.5536    -949.573    -412.471     257.746   278434   293818   306479          278434          293818          306479 0.968516  2976.25       0.315496
  0.948     36.3809    -950.468    -411.955     258.134   278248   292950   306372          278248          292950          306372 0.96894  2978.13       0.316629
   0.95     35.2137    -951.365    -411.439     258.515   278078   292949   306269          278078          292949          306269 0.969291  2980.02       0.317743
  0.952     34.0521    -952.262    -410.921     258.889   277858   292949   306133          277858          292949          306133 0.969774  2981.92       0.318837
  0.954     32.8959    -953.159    -410.403     259.255   277706   292949   305932          277706          292949          305932 0.969441  2983.82        0.31991
  0.956     31.7452    -954.058    -409.884     259.613   277576   292949   305767          277576          292949          305767 0.969194  2985.74       0.320961
  0.958     30.5999    -954.956    -409.365     259.963   277470   292949   305602          277470          292949          305602 0.968789  2987.66       0.321989
   0.96     29.4599    -955.856    -408.844     260.304   277382   292949   305464          277382          292949          305464 0.968427  2989.58       0.322993
  0.962     28.3254    -956.755    -408.323     260.636   277266   290269   305259          277266          290269          305259 0.967819  2991.52       0.323974
  0.964     27.1961    -957.656    -407.802     260.958   276930   290269   305136          276930          290269          305136 0.969086  2993.46       0.324929
  0.966     26.0721    -958.557     -407.28     261.271   276850   290269   304949          276850          290269          304949 0.968396  2995.41       0.325858
  0.968     24.9534    -959.459    -406.757     261.574   276766   290269   304856          276766          290269          304856 0.968293  2997.36       0.326762
   0.97     23.8399    -960.361    -406.233     261.866   276594   290269   304770          276594          290269          304770 0.968755  2999.33       0.327638
  0.972     22.7315    -961.264    -405.709     262.147   276434   290269   304543          276434          290269          304543 0.96827   3001.3       0.328487
  0.974     21.6283    -962.167    -405.185     262.418   276419   290269   304435          276419          290269          304435 0.967609  3003.27       0.329308
  0.976     20.5303    -963.071     -404.66     262.678   276318   289457   304230          276318          289457          304230 0.966849  3005.25         0.3301
  0.978     19.4373    -963.976    -404.134     262.926   276139   289457   304111          276139          289457          304111 0.967121  3007.24       0.330864
   0.98     18.3494    -964.881    -403.608     263.163   276069   289457   304034          276069          289457          304034 0.966941  3009.23         0.3316
  0.982     17.2665    -965.787    -403.081     263.388   275823   289457   303930          275823          289457          303930 0.967682  3011.23       0.332305
  0.984     16.1886    -966.693    -402.554     263.602   275689   289457   303815          275689          289457          303815 0.967643  3013.23       0.332982
  0.986     15.1157      -967.6    -402.027     263.804   275504   289457   303667          275504          289457          303667 0.96771  3015.24       0.333629
  0.988     14.0477    -968.507    -401.499     263.995   275240   289457   303556          275240          289457          303556 0.968527  3017.26       0.334247
   0.99     12.9846    -969.415    -400.971     264.174   275105   289457   303496          275105          289457          303496 0.968857  3019.28       0.334835
  0.992     11.9264    -970.324    -400.442     264.341   274880   289457   303356          274880          289457          303356 0.96924   3021.3       0.335394
  0.994      10.873    -971.233    -399.914     264.496   274711   289457   303090          274711          289457          303090 0.968517  3023.33       0.335924
  0.996     9.82443    -972.143    -399.384      264.64   274595   289457   302952          274595          289457          302952 0.968286  3025.36       0.336425
  0.998     8.78066    -973.054    -398.855     264.773   274519   289457   302879          274519          289457          302879 0.968186   3027.4       0.336898
      1     7.74164    -973.965    -398.325     264.895   274434   289457   302831          274434          289457          302831 0.968242  3029.44       0.337342
  1.002     6.70735    -974.876    -397.795     265.006   274062   289457   302696          274062          289457          302696 0.969545  3031.49        0.33776
  1.004     5.67775    -975.788    -397.265     265.106   273884   289457   302578          273884          289457          302578 0.969775  3033.54        0.33815
  1.006     4.65283    -976.701    -396.735     265.195   273734   289457   302502          273734          289457          302502 0.970103  3035.59       0.338514
  1.008     3.63254    -977.614    -396.205     265.275   273356   289457   302426          273356          289457          302426 0.971818  3037.65       0.338853
   1.01     2.61686    -978.528    -395.674     265.344   273154   289457   302260          273154          289457          302260 0.97195  3039.71       0.339167
  1.012     1.60577    -979.443    -395.143     265.405   273053   289457   302176          273053          289457          302176 0.971981  3041.77       0.339457
  1.014    0.599234    -980.358    -394.612     265.456   272944   287286   301864          272944          287286          301864 0.970708  3043.84       0.339725
  1.016   -0.402775    -981.273    -394.081     265.499   272828   287286   301641          272828          287286          301641 0.970033  3045.91       0.339971
  1.018    -1.40028    -982.189     -393.55     265.534   272712   287125   301544          272712          287125          301544 0.970102  3047.98       0.340196
   1.02    -2.39332    -983.106    -393.019     265.561   272602   287125   301407          272602          287125          301407 0.969879  3050.06       0.340402
  1.022    -3.38191    -984.024    -392.488     265.581   272493   287125   301302          272493          287125          301302 0.969809  3052.13        0.34059
  1.024    -4.36609    -984.941    -391.957     265.595   272315   287125   301178          272315          287125          301178 0.970018  3054.22       0.340761
  1.026    -5.34587     -985.86    -391.426     265.603   272244   284204   301000          272244          284204          301000 0.969285   3056.3       0.340917
  1.028    -6.32129    -986.779    -390.895     265.606   272144   284204   300905          272144          284204          300905 0.969176  3058.38       0.341059
   1.03    -7.29237    -987.698    -390.363     265.604   272051   284204   300716          272051          284204          300716 0.968451  3060.47       0.341188
  1.032    -8.25914    -988.619    -389.832     265.598   271945   284204   300579          271945          284204          300579 0.968089  3062.56       0.341307
  1.034    -9.22162    -989.539    -389.301     265.589   271861   284204   300402          271861          284204          300402 0.967343  3064.65       0.341416
  1.036    -10.1798    -990.461     -388.77     265.577   271777   284204   300203          271777          284204          300203 0.966441  3066.74       0.341518
  1.038    -11.1338    -991.382    -388.239     265.564   271685   284204   300079          271685          284204          300079 0.966018  3068.84       0.341614
   1.04    -12.0836    -992.305    -387.708     265.549   271333   284204   299957          271333          284204          299957 0.967182  3070.94       0.341706
  1.042    -13.0292    -993.228    -387.176     265.534   271184   284204   299834          271184          284204          299834 0.967137  3073.04       0.341795
  1.044    -13.9706    -994.151    -386.645      265.52   271105   284204   299669          271105          284204          299669 0.966404  3075.14       0.341884
  1.046    -14.9079    -995.075    -386.114     265.506   270939   284204   299488          270939          284204          299488 0.966076  3077.24       0.341974
  1.048    -15.8411        -996    -385.583     265.495   270862   284204   299303          270862          284204          299303 0.96519  3079.35       0.342067
   1.05    -16.7703    -996.925    -385.052     265.486   270464   284204   299157          270464          284204          299157 0.966503  3081.46       0.342165
  1.052    -17.6953    -997.851    -384.521     265.481   270286   284204   299040          270286          284204          299040 0.96668  3083.57        0.34227
  1.054    -18.6163    -998.777     -383.99      265.48   270166   284204   298699          270166          284204          298699 0.965184  3085.68       0.342383
  1.056    -19.5333    -999.704     -383.46     265.484   270004   284204   298597          270004          284204          298597 0.965381  3087.79       0.342508
  1.058    -20.4464    -1000.63    -382.929     265.494   269764   284204   298440          269764          284204          298440 0.96572  3089.91       0.342645
   1.06    -21.3554    -1001.56    -382.398     265.511   269708   284204   298344          269708          284204          298344 0.965298  3092.03       0.342796
  1.062    -22.2605    -1002.49    -381.866     265.536   269456   284204   298211          269456          284204          298211 0.965814  3094.15       0.342964
  1.064    -23.1617    -1003.42    -381.335     265.568   269374   282194   298056          269374          282194          298056 0.965169  3096.27        0.34315
  1.066     -24.059    -1004.35    -380.804      265.61   269238   282194   297773          269238          282194          297773 0.96408   3098.4       0.343357
  1.068    -24.9524    -1005.28    -380.273     265.662   269119   279537   297572          269119          279537          297572 0.963385  3100.53       0.343585
   1.07     -25.842    -1006.21    -379.742     265.724   268890   279537   297390          268890          279537          297390 0.96347  3102.66       0.343838
  1.072    -26.7278    -1007.14     -379.21     265.798   268795   279537   297234          268795          279537          297234 0.962899   3104.8       0.344116
  1.074    -27.6097    -1008.07    -378.678     265.883   268688   279537   297114          268688          279537          297114 0.962592  3106.93       0.344421
  1.076    -28.4879       -1009    -378.146     265.982   268582   279537   296977          268582          279537          296977 0.962139  3109.08       0.344756
  1.078    -29.3623    -1009.94    -377.614     266.094   268496   279537   296861          268496          279537          296861 0.961655  3111.22       0.345121
   1.08    -30.2329    -1010.87    -377.082      266.22   268223   279537   296663          268223          279537          296663 0.961822  3113.37        0.34552
  1.082    -31.0999     -1011.8     -376.55     266.361   268061   279537   296395          268061          279537          296395 0.960889  3115.52       0.345952
  1.084    -31.9631    -1012.74    -376.017     266.518   268007   279537   296254          268007          279537          296254 0.960046  3117.68        0.34642
  1.086    -32.8227    -1013.67    -375.483      266.69   267851   279537   296004          267851          279537          296004 0.959138  3119.84       0.346926
  1.088    -33.6786    -1014.61     -374.95      266.88   267703   279537   295909          267703          279537          295909 0.959191  3122.01       0.347471
   1.09    -34.5309    -1015.54    -374.416     267.086   267574   279537   295758          267574          279537          295758 0.958717  3124.18       0.348055
  1.092    -35.3795    -1016.48    -373.882     267.311   267416   279537   295504          267416          279537          295504 0.957744  3126.36       0.348682
  1.094    -36.2246    -1017.42    -373.347     267.554   267317   279537   295090          267317          279537          295090 0.955316  3128.54       0.349351
  1.096    -37.0661    -1018.36    -372.811     267.815   267007   279537   294978          267007          279537          294978 0.95637  3130.73       0.350064
  1.098     -37.904    -1019.29    -372.275     268.096   266881   278850   294813          266881          278850          294813 0.955842  3132.93       0.350822
    1.1    -38.7384    -1020.23    -371.739     268.397   266617   278850   294723          266617          278850          294723 0.956706  3135.13       0.351627
  1.102    -39.5693    -1021.17    -371.202     268.717   266453   278850   294590          266453          278850          294590 0.956622  3137.34       0.352479
  1.104    -40.3966    -1022.11    -370.664     269.058   266267   278850   294417          266267          278850          294417 0.956411  3139.55       0.353379
  1.106    -41.2205    -1023.05    -370.126      269.42   265870   278850   294356          265870          278850          294356 0.958427  3141.78       0.354328
  1.108    -42.0409    -1023.99    -369.586     269.802   265688   278850   294240          265688          278850          294240 0.958616  3144.01       0.355326
