# n_walkers  560  n_cull  1  simple log(alpha)  -0.001784121793501292
#   T     log_Z(T)      F(T)        U(T)       Cvp(T)    low_pct_i(T) mode_i(T) high_pct_i(T) low_pct_iter(T)  mode_iter(T)   high_pct_iter(T) Z_fract(T)   V(T)   thermal_exp(T)
   0.01     57098.2    -584.815    -583.564     121.134   771625   771759   771759          771625          771759          771759 0.921143  1594.17     0.00203956
  0.012     47352.2    -584.825    -583.321     121.186   771602   771759   771759          771602          771759          771759 0.914917  1594.17     0.00137122
  0.014     40390.7    -584.836    -583.079     121.245   771575   771759   771759          771575          771759          771759 0.912512  1594.18     0.00097391
  0.016     35169.7    -584.847    -582.836     121.311   771551   771759   771759          771551          771759          771759 0.906247  1594.18    0.000796853
  0.018     31108.9    -584.858    -582.594     121.382   771510   771759   771759          771510          771759          771759 0.916632  1594.18    0.000772151
   0.02     27860.3     -584.87    -582.351     121.458   771489   771759   771759          771489          771759          771759 0.907794  1594.18    0.000846958
  0.022     25202.3    -584.882    -582.108     121.539   771461   771759   771759          771461          771759          771759 0.902558  1594.19    0.000983991
  0.024     22987.4    -584.894    -581.865     121.627   771435   771759   771759          771435          771759          771759 0.894145  1594.19     0.00115748
  0.026     21113.2    -584.907    -581.621     121.721   771385   771759   771759          771385          771759          771759 0.900599  1594.19     0.00134968
  0.028     19506.8     -584.92    -581.378     121.822   771341   771759   771759          771341          771759          771759 0.903385   1594.2     0.00154847
   0.03     18114.5    -584.933    -581.134     121.931   771304   771759   771759          771304          771759          771759 0.900827   1594.2     0.00174577
  0.032     16896.3    -584.946     -580.89     122.049   771270   771759   771759          771270          771759          771759 0.895787  1594.21     0.00193649
  0.034     15821.5     -584.96    -580.646     122.176   771221   771759   771759          771221          771759          771759 0.896021  1594.22      0.0021178
  0.036       14866    -584.974    -580.401     122.314   771177   771759   771759          771177          771759          771759 0.893385  1594.22     0.00228862
  0.038     14011.2    -584.988    -580.157     122.462   771127   771759   771759          771127          771759          771759 0.892054  1594.23     0.00244919
   0.04     13241.8    -585.003    -579.911     122.622   771065   771759   771759          771065          771759          771759 0.892981  1594.24     0.00260082
  0.042     12545.7    -585.017    -579.666     122.794   771016   771759   771759          771016          771759          771759 0.888782  1594.25     0.00274566
  0.044     11912.9    -585.032     -579.42     122.978   770944   771759   771759          770944          771759          771759 0.890209  1594.26     0.00288646
  0.046     11335.2    -585.047    -579.174     123.177   770889   771759   771759          770889          771759          771759 0.885947  1594.27     0.00302652
  0.048     10805.6    -585.063    -578.928      123.39   770809   771759   771759          770809          771759          771759 0.886982  1594.28     0.00316953
   0.05     10318.3    -585.079    -578.681      123.62   770722   771759   771759          770722          771759          771759 0.88838  1594.29     0.00331952
  0.052     9868.58    -585.095    -578.433     123.869   770648   771759   771759          770648          771759          771759 0.885512   1594.3     0.00348082
  0.054     9452.15    -585.111    -578.185     124.139   770554   771759   771759          770554          771759          771759 0.885727  1594.31     0.00365806
  0.056     9065.47    -585.128    -577.937     124.434   770460   771758   771759          770460          771758          771759 0.88434  1594.32     0.00385622
  0.058     8705.46    -585.145    -577.687     124.759   770341   771758   771759          770341          771758          771759 0.88575  1594.33     0.00408066
   0.06     8369.46    -585.162    -577.437     125.118   770192   771758   771759          770192          771758          771759 0.891025  1594.35     0.00433735
  0.062     8055.14     -585.18    -577.187     125.519   770062   771758   771759          770062          771758          771759 0.891961  1594.36     0.00463302
  0.064     7760.47    -585.198    -576.935     125.969   769925   771758   771759          769925          771758          771759 0.892712  1594.38     0.00497548
  0.066     7483.67    -585.216    -576.683      126.48   769737   771758   771759          769737          771758          771759 0.899024  1594.39     0.00537408
  0.068     7223.15    -585.235    -576.429     127.064   769520   771758   771759          769520          771758          771759 0.907239  1594.41     0.00584027
   0.07     6977.53    -585.254    -576.175     127.738   769380   771749   771759          769380          771749          771759 0.905255  1594.43     0.00638837
  0.072     6745.56    -585.274    -575.918     128.524   769197   771749   771759          769197          771749          771759 0.905681  1594.45      0.0070366
  0.074     6526.14    -585.294     -575.66     129.448   769021   771749   771759          769021          771749          771759 0.903812  1594.47     0.00780851
  0.076     6318.27    -585.315      -575.4     130.543   768861   771749   771759          768861          771749          771759 0.898406   1594.5     0.00873479
  0.078     6121.06    -585.336    -575.138     131.853   768548   771749   771759          768548          771749          771759 0.902347  1594.53     0.00985587
   0.08     5933.73    -585.358    -574.873     133.435   768289   771749   771759          768289          771749          771759 0.900649  1594.56      0.0112255
  0.082     5755.54     -585.38    -574.604      135.36   767949   771749   771759          767949          771749          771759 0.900755   1594.6       0.012916
  0.084     5585.84    -585.403    -574.331     137.727   767527   771749   771759          767527          771749          771759 0.903042  1594.65      0.0150257
  0.086     5424.05    -585.427    -574.053     140.668   767083   771749   771759          767083          771749          771759 0.902319   1594.7      0.0176916
  0.088     5269.63    -585.452    -573.768     144.367   766719   771749   771759          766719          771749          771759 0.894048  1594.76      0.0211086
   0.09     5122.07    -585.479    -573.475     149.092   766001   771749   771759          766001          771749          771759 0.897432  1594.83      0.0255637
  0.092     4980.95    -585.506    -573.171     155.251   765117   771723   771759          765117          771723          771759 0.901232  1594.92      0.0315002
  0.094     4845.85    -585.535    -572.852     163.504   764206   771723   771759          764206          771723          771759 0.900444  1595.04      0.0396472
  0.096      4716.4    -585.566    -572.514     175.024   762692   771723   771759          762692          771723          771759 0.912031  1595.18      0.0513214
  0.098     4592.26    -585.599    -572.149     192.173   761114   771723   771759          761114          771723          771759 0.916484  1595.37      0.0692358
    0.1     4473.11    -585.635    -571.738     220.559   759555   771723   771759          759555          771723          771759 0.90966  1595.64       0.100022
  0.102     4358.67    -585.675    -571.249     276.051   756659   771723   771759          756659          771723          771759 0.910439  1596.04       0.163034
  0.104      4248.7    -585.722    -570.585     409.075   752625   771723   771759          752625          771723          771759 0.900442  1596.77       0.321425
  0.106     4142.99     -585.78    -569.467     764.971   744975   771723   771759          744975          771723          771759 0.869225  1598.39       0.761921
  0.108     4041.43    -585.864    -567.254     1495.54   703225   769532   771759          703225          769532          771759 0.973779  1602.22        1.69466
   0.11     3944.01    -585.998    -563.697     1888.88   687734   711790   771759          687734          711790          771759 0.99152  1608.87        2.23576
  0.112     3850.62    -586.193    -560.393     1337.59   683272   703974   771759          683272          703974          771759 0.988992  1615.18        1.57085
  0.114      3760.9    -586.432    -558.276     837.286   680037   703891   733544          680037          703891          733544 0.933619  1619.13       0.943151
  0.116     3674.49    -586.697    -556.847     625.125   677172   703891   726803          677172          703891          726803 0.955023  1621.68       0.673224
  0.118     3591.16     -586.98    -555.698     533.638   673635   692658   721113          673635          692658          721113 0.966219  1623.65       0.555333
   0.12     3510.73    -587.276    -554.689     479.026   671560   688379   716375          671560          688379          716375 0.968366  1625.33       0.483172
  0.122     3433.03    -587.585    -553.774      436.82   670190   683932   711979          670190          683932          711979 0.966115  1626.81       0.425593
  0.124     3357.92    -587.904    -552.937     401.571   668551   683932   707479          668551          683932          707479 0.962169  1628.11       0.376127
  0.126     3285.27    -588.233    -552.164     372.415   666879   683932   704687          666879          683932          704687 0.965147  1629.26       0.334219
  0.128     3214.95    -588.569    -551.443     348.936   665500   681121   701415          665500          681121          701415 0.962979   1630.3       0.299731
   0.13     3146.85    -588.913    -550.765     330.408   664248   681121   698414          664248          681121          698414 0.961337  1631.23       0.271933
  0.132     3080.87    -589.263    -550.119     315.932   662876   675532   695812          662876          675532          695812 0.961599  1632.08        0.24974
  0.134      3016.9    -589.619    -549.499     304.678   661793   674249   693430          661793          674249          693430 0.959573  1632.86       0.232079
  0.136     2954.85     -589.98    -548.899     295.993   660284   673832   691343          660284          673832          691343 0.960598   1633.6       0.218064
  0.138     2894.63    -590.347    -548.313     289.416   659405   673832   689612          659405          673832          689612 0.959188  1634.29       0.207041
   0.14     2836.17    -590.719     -547.74     284.628   658158   671823   688000          658158          671823          688000 0.959274  1634.95       0.198538
  0.142      2779.4    -591.095    -547.174     281.396   656806   671823   686502          656806          671823          686502 0.960107  1635.59       0.192203
  0.144     2724.23    -591.476    -546.613     279.527   655613   669289   685349          655613          669289          685349 0.961107  1636.21       0.187747
  0.146      2670.6    -591.861    -546.055     278.827   654038   669289   684116          654038          669289          684116 0.963117  1636.82       0.184902
  0.148     2618.45    -592.251    -545.497     279.092   652575   667098   682816          652575          667098          682816 0.964393  1637.42         0.1834
   0.15     2567.72    -592.645    -544.938     280.092   651369   666194   681409          651369          666194          681409 0.963618  1638.02       0.182957
  0.152     2518.35    -593.043    -544.377     281.584   650494   665023   680279          650494          665023          680279 0.962023  1638.62       0.183276
  0.154      2470.3    -593.445    -543.812     283.313   648851   665023   679076          648851          665023          679076 0.964304  1639.23       0.184052
  0.156      2423.5    -593.852    -543.243     285.035   647332   665023   678001          647332          665023          678001 0.966795  1639.83       0.184984
  0.158     2377.91    -594.263    -542.672     286.526   645954   660329   676742          645954          660329          676742 0.968236  1640.44       0.185796
   0.16     2333.49    -594.678    -542.098     287.605   645099   659856   675869          645099          659856          675869 0.96864  1641.05       0.186251
  0.162      2290.2    -595.097    -541.522     288.144   643879   659856   674888          643879          659856          674888 0.970284  1641.66       0.186172
  0.164     2247.98    -595.521    -540.945     288.079   643050   657276   673939          643050          657276          673939 0.970024  1642.27       0.185454
  0.166     2206.81    -595.949     -540.37     287.412   641990   657276   672748          641990          657276          672748 0.969413  1642.88       0.184072
  0.168     2166.64     -596.38    -539.796     286.204   640969   657276   671891          640969          657276          671891 0.970595  1643.48       0.182074
   0.17     2127.44    -596.816    -539.225     284.569   640293   652626   670443          640293          652626          670443 0.966434  1644.07       0.179575
  0.172     2089.17    -597.255    -538.658     282.659   639134   652626   669454          639134          652626          669454 0.96738  1644.66       0.176741
  0.174     2051.81    -597.698    -538.095     280.646   638257   651525   668260          638257          651525          668260 0.965721  1645.24       0.173764
  0.176     2015.31    -598.145    -537.535     278.705   637317   651512   667217          637317          651512          667217 0.965199   1645.8       0.170847
  0.178     1979.65    -598.596     -536.98     277.002   636692   651512   666254          636692          651512          666254 0.962781  1646.36       0.168185
   0.18     1944.81     -599.05    -536.427     275.683   635554   647950   665243          635554          647950          665243 0.96263  1646.91       0.165946
  0.182     1910.75    -599.508    -535.877     274.858   634364   646051   663744          634364          646051          663744 0.960414  1647.46       0.164263
  0.184     1877.45    -599.968    -535.327     274.602   633082   646029   662517          633082          646029          662517 0.960692     1648       0.163221
  0.186     1844.89    -600.433    -534.778     274.946   632320   646029   661512          632320          646029          661512 0.959294  1648.53        0.16286
  0.188     1813.04      -600.9    -534.227     275.877   631465   646029   660671          631465          646029          660671 0.958939  1649.07       0.163166
   0.19     1781.87    -601.371    -533.674     277.337   630399   646029   659900          630399          646029          659900 0.960092  1649.61       0.164078
  0.192     1751.37    -601.846    -533.117     279.231   629122   643972   658742          629122          643972          658742 0.960571  1650.15       0.165488
  0.194     1721.52    -602.323    -532.557     281.428   628036   643972   657764          628036          643972          657764 0.961222   1650.7       0.167251
  0.196     1692.29    -602.804    -531.992      283.77   626979   643605   657076          626979          643605          657076 0.963455  1651.26       0.169194
  0.198     1663.67    -603.288    -531.422     286.089   625947   643605   656222          625947          643605          656222 0.964175  1651.82        0.17113
    0.2     1635.64    -603.776    -530.847     288.215   624531   643605   655477          624531          643605          655477 0.968209  1652.39       0.172871
  0.202     1608.18    -604.267    -530.269     289.992   623523   639152   654810          623523          639152          654810 0.970626  1652.96       0.174247
  0.204     1581.27    -604.761    -529.688     291.292   622710   638315   654052          622710          638315          654052 0.971088  1653.54       0.175117
  0.206     1554.91    -605.259    -529.104     292.026   621747   638315   653224          621747          638315          653224 0.972168  1654.12        0.17538
  0.208     1529.06     -605.76     -528.52      292.15   621010   637354   652578          621010          637354          652578 0.973045   1654.7       0.174988
   0.21     1503.73    -606.264    -527.936     291.667   620588   633082   651606          620588          633082          651606 0.970391  1655.28        0.17394
  0.212     1478.89    -606.772    -527.354     290.625   619720   633082   650151          619720          633082          650151 0.967687  1655.85       0.172286
  0.214     1454.53    -607.283    -526.774      289.11   619050   633082   649546          619050          633082          649546 0.96858  1656.42       0.170115
  0.216     1430.63    -607.797    -526.198     287.236   618520   633082   648663          618520          633082          648663 0.966692  1656.98       0.167544
  0.218     1407.19    -608.314    -525.625     285.134   617975   633082   648033          617975          633082          648033 0.965837  1657.53        0.16471
   0.22     1384.18    -608.834    -525.057     282.942   616962   628531   647278          616962          628531          647278 0.966615  1658.07       0.161757
  0.222     1361.61    -609.357    -524.493     280.797   616010   628531   646400          616010          628531          646400 0.966575   1658.6       0.158826
  0.224     1339.45    -609.883    -523.934     278.824   615287   628531   645371          615287          628531          645371 0.964307  1659.12       0.156047
  0.226     1317.69    -610.412    -523.378     277.135   614287   628531   644573          614287          628531          644573 0.965402  1659.64       0.153536
  0.228     1296.33    -610.943    -522.825     275.823   613595   627332   643731          613595          627332          643731 0.964442  1660.14       0.151388
   0.23     1275.36    -611.478    -522.274     274.962   612929   624746   642525          612929          624746          642525 0.961146  1660.64       0.149682
  0.232     1254.75    -612.015    -521.725     274.609   612249   624746   641729          612249          624746          641729 0.960446  1661.14       0.148476
  0.234     1234.51    -612.554    -521.175     274.801   611524   624746   640725          611524          624746          640725 0.958499  1661.63        0.14781
  0.236     1214.62    -613.097    -520.625     275.559   610969   624700   639675          610969          624700          639675 0.954998  1662.12       0.147709
  0.238     1195.08    -613.642    -520.073     276.889   609988   624700   639152          609988          624700          639152 0.957313  1662.61       0.148181
   0.24     1175.88    -614.189    -519.517     278.785   608927   623667   638384          608927          623667          638384 0.958235  1663.11       0.149222
  0.242        1157     -614.74    -518.957     281.226   607942   623667   637621          607942          623667          637621 0.958893  1663.61       0.150816
  0.244     1138.45    -615.293    -518.392     284.181   607220   621754   636565          607220          621754          636565 0.955797  1664.11       0.152935
  0.246      1120.2    -615.848     -517.82     287.611   606112   621655   635896          606112          621655          635896 0.957402  1664.62        0.15554
  0.248     1102.27    -616.407    -517.241     291.465   605100   621655   635325          605100          621655          635325 0.958943  1665.15       0.158584
   0.25     1084.63    -616.968    -516.654     295.685   604028   621652   634806          604028          621652          634806 0.960815  1665.68       0.162009
  0.252     1067.28    -617.532    -516.058     300.205   603027   621652   634171          603027          621652          634171 0.961495  1666.23       0.165751
  0.254     1050.21    -618.098    -515.453     304.951   601972   620011   633746          601972          620011          633746 0.963315  1666.79       0.169735
  0.256     1033.43    -618.668    -514.838     309.845   600766   620011   633280          600766          620011          633280 0.965218  1667.36       0.173882
  0.258     1016.91    -619.241    -514.214     314.804   598855   620011   632682          598855          620011          632682 0.970849  1667.95       0.178109
   0.26     1000.67    -619.816    -513.579     319.744   598289   614378   631796          598289          614378          631796 0.968191  1668.55       0.182328
  0.262     984.677    -620.395    -512.935     324.581   597553   614142   631035          597553          614142          631035 0.96696  1669.16       0.186454
  0.264     968.942    -620.977    -512.281     329.235   596788   614134   630324          596788          614134          630324 0.965813  1669.79       0.190403
  0.266     953.456    -621.562    -511.618     333.631   595378   614134   629754          595378          614134          629754 0.968753  1670.43       0.194102
  0.268     938.213     -622.15    -510.947     337.708   594645   614087   629257          594645          614087          629257 0.968726  1671.09       0.197486
   0.27     923.208    -622.742    -510.268     341.414   593776   614087   628675          593776          614087          628675 0.968568  1671.75       0.200504
  0.272     908.435    -623.337    -509.581     344.716   592423   612327   628005          592423          612327          628005 0.970377  1672.43       0.203122
  0.274      893.89    -623.935    -508.889     347.596   591325   608207   627435          591325          608207          627435 0.971574  1673.11       0.205324
  0.276     879.568    -624.536    -508.191     350.053   590445   608207   626441          590445          608207          626441 0.969912   1673.8       0.207112
  0.278     865.464    -625.141    -507.489     352.103   589775   608207   625807          589775          608207          625807 0.968793   1674.5       0.208503
   0.28     851.574    -625.749    -506.783     353.776   588671   608207   625177          588671          608207          625177 0.9696   1675.2       0.209528
  0.282     837.892     -626.36    -506.074     355.111   587874   604110   624466          587874          604110          624466 0.968419   1675.9       0.210232
  0.284     824.415    -626.975    -505.363     356.156   586631   604110   623672          586631          604110          623672 0.969236  1676.61       0.210664
  0.286     811.138    -627.593     -504.65     356.962   585210   599367   622727          585210          599367          622727 0.970729  1677.31       0.210877
  0.288     798.057    -628.215    -503.935     357.576   584571   599367   621787          584571          599367          621787 0.968803  1678.02       0.210923
   0.29     785.168    -628.839    -503.219     358.045   583678   599367   620405          583678          599367          620405 0.966081  1678.73       0.210847
  0.292     772.466    -629.467    -502.503     358.406   582950   599367   619471          582950          599367          619471 0.965021  1679.44       0.210692
  0.294     759.949    -630.099    -501.786     358.689   582392   599251   617985          582392          599251          617985 0.960374  1680.15       0.210487
  0.296     747.611    -630.733    -501.068     358.918   581725   598872   617253          581725          598872          617253 0.960319  1680.85       0.210257
  0.298      735.45    -631.371     -500.35     359.107   580796   598872   616531          580796          598872          616531 0.961282  1681.56       0.210017
    0.3     723.462    -632.012    -499.632     359.265   579783   598872   615833          579783          598872          615833 0.962756  1682.26       0.209776
  0.302     711.643    -632.656    -498.913     359.402   578912   598872   614944          578912          598872          614944 0.962321  1682.97        0.20954
  0.304      699.99    -633.303    -498.194     359.527   577668   598872   614507          577668          598872          614507 0.966199  1683.68       0.209318
  0.306       688.5    -633.954    -497.475     359.667   576710   595470   613656          576710          595470          613656 0.966673  1684.38       0.209127
  0.308     677.169    -634.607    -496.756     359.904   575867   595470   612690          575867          595470          612690 0.966057  1685.08       0.209029
   0.31     665.995    -635.264    -496.035     360.495   574917   595470   611792          574917          595470          611792 0.966356  1685.79       0.209224
  0.312     654.973    -635.924    -495.313     362.341   574187   592553   610853          574187          592553          610853 0.965468   1686.5       0.210433
  0.314     644.102    -636.587    -494.583     368.708   573342   591730   610109          573342          591730          610109 0.965761  1687.21       0.215328
  0.316     633.379    -637.253    -493.827     391.698   572410   590710   609253          572410          590710          609253 0.965339  1687.96       0.234044
  0.318     622.801    -637.922    -492.977     476.413   571420   585373   608496          571420          585373          608496 0.964284  1688.85       0.305204
   0.32     612.371    -638.597    -491.778      788.38   571179   585373   607330          571179          585373          607330 0.952457  1690.24       0.573742
  0.322     602.098     -639.28    -489.318     1890.75   570641   585373   606279          570641          585373          606279 0.924696  1693.49        1.54376
  0.324     592.027    -639.988    -482.755      5187.8   569007   585373   605534          569007          585373          605534 0.846883  1702.95        4.50166
  0.326      582.28    -640.761    -466.764     10816.9   445964   584925   604510          445964          584925          604510 0.960053  1727.16         9.6442
  0.328     573.035    -641.659    -443.111     11285.4   431683   464668   603576          431683          464668          603576 0.984031  1764.35        10.2931
   0.33     564.295    -642.688    -425.766     5929.83   429494   464668   595701          429494          464668          595701 0.975415  1793.15        5.76704
  0.332      555.88    -643.789    -417.856     2487.41   427994   455808   490574          427994          455808          490574 0.930831  1807.83        2.81823
  0.334     547.658    -644.921    -414.316     1285.29   426794   455808   487652          426794          455808          487652 0.952842  1815.81        1.79061
  0.336     539.578    -646.068     -412.17     933.259   424330   455808   484559          424330          455808          484559 0.959903  1821.69        1.50524
  0.338     531.623    -647.225    -410.424     832.504   422662   448793   482434          422662          448793          482434 0.961939  1827.04        1.44358
   0.34     523.786     -648.39    -408.796     800.907   420934   448793   480900          420934          448793          480900 0.963293  1832.31         1.4446
  0.342     516.065    -649.564    -407.209     787.577   418156   448793   478570          418156          448793          478570 0.964686  1837.64        1.46223
  0.344     508.456    -650.745    -405.643     778.638   415569   448793   477102          415569          448793          477102 0.968729  1843.07        1.48351
  0.346     500.957    -651.934    -404.094     770.451   413801   448793   474903          413801          448793          474903 0.968219  1848.58        1.50501
  0.348     493.566     -653.13    -402.561     762.275   412495   432204   471611          412495          432204          471611 0.963475  1854.19         1.5262
   0.35     486.281    -654.334    -401.045     754.238   410967   432094   469444          410967          432094          469444 0.962197   1859.9        1.54766
  0.352     479.099    -655.545    -399.544     746.752   409116   432094   467344          409116          432094          467344 0.961806  1865.71        1.57053
  0.354     472.018    -656.763    -398.057     740.318   408219   432094   464977          408219          432094          464977 0.956855  1871.63        1.59626
  0.356     465.037    -657.988    -396.581     735.435   406661   432094   461817          406661          432094          461817 0.950851  1877.67        1.62658
  0.358     458.152     -659.22    -395.114     732.551   402959   432094   459728          402959          432094          459728 0.956057  1883.85        1.66334
   0.36     451.364    -660.459     -393.65     732.037   401112   432094   458372          401112          432094          458372 0.958414  1890.21        1.70847
  0.362     444.669    -661.704    -392.184     734.173   399174   432094   456826          399174          432094          456826 0.959643  1896.78        1.76398
  0.364     438.066    -662.957    -390.711     739.147   397405   429417   455443          397405          429417          455443 0.959701  1903.61         1.8319
  0.366     431.554    -664.216    -389.225     747.065   394650   429417   453021          394650          429417          453021 0.959274  1910.75        1.91435
  0.368     425.132    -665.482    -387.721     757.956   392205   424786   451916          392205          424786          451916 0.962244  1918.27        2.01343
   0.37     418.797    -666.755    -386.192     771.775   389909   415719   450025          389909          415719          450025 0.961659  1926.23        2.13123
  0.372      412.55    -668.035    -384.632     788.401   387548   415719   446978          387548          415719          446978 0.957287  1934.72        2.26966
  0.374     406.389    -669.323    -383.036     807.613   386155   415719   445298          386155          415719          445298 0.954337  1943.82        2.43018
  0.376     400.313    -670.617      -381.4     829.056   382658   415719   443480          382658          415719          443480 0.956924  1953.64        2.61345
  0.378     394.321    -671.919    -379.719     852.189   379850   415719   441781          379850          415719          441781 0.9576  1964.28        2.81876
   0.38     388.413    -673.229    -377.991     876.234   376358   415719   440233          376358          415719          440233 0.961136  1975.82        3.04347
  0.382     382.587    -674.547    -376.214     900.132   371384   403008   438531          371384          403008          438531 0.968298  1988.36        3.28242
  0.384     376.843    -675.873    -374.391     922.531   369147   403008   436551          369147          403008          436551 0.968688  2001.94        3.52758
  0.386     371.181    -677.208    -372.526     941.834   366608   401542   435060          366608          401542          435060 0.971988   2016.6        3.76807
  0.388     365.598    -678.551    -370.627     956.312   364151   401504   433830          364151          401504          433830 0.9762  2032.32        3.99078
   0.39     360.096    -679.902    -368.705      964.29   362737   401504   432458          362737          401504          432458 0.9776  2049.01        4.18159
  0.392     354.671    -681.262    -366.775     964.374   361313   401504   430437          361313          401504          430437 0.977639  2066.54        4.32711
  0.394     349.323    -682.631    -364.853     955.674   360194   401504   428540          360194          401504          428540 0.977853  2084.71        4.41659
  0.396     344.051    -684.009    -362.958     937.965   358611   394110   426262          358611          394110          426262 0.978964  2103.28        4.44349
  0.398     338.852    -685.394    -361.107     911.739   357753   387298   424182          357753          387298          424182 0.97899     2122        4.40642
    0.4     333.726    -686.788    -359.316     878.134   357228   371784   421093          357228          371784          421093 0.97609   2140.6        4.30911
  0.402     328.669    -688.189    -357.599     838.763   356316   371784   418621          356316          371784          418621 0.97568  2158.82        4.15957
  0.404      323.68    -689.597    -355.964     795.482   355875   371784   416046          355875          371784          416046 0.973395  2176.45        3.96864
  0.406     318.756    -691.012    -354.418     750.165   355481   371784   412133          355481          371784          412133 0.966731  2193.32        3.74838
  0.408     313.896    -692.433    -352.963     704.507   354824   371784   409768          354824          371784          409768 0.966333   2209.3         3.5106
   0.41     309.097     -693.86    -351.599     659.913   354263   371784   405490          354263          371784          405490 0.95933  2224.33        3.26585
  0.412     304.358    -695.292    -350.322     617.439   353767   371784   404239          353767          371784          404239 0.962999  2238.36        3.02274
  0.414     299.677    -696.729    -349.128       577.8   353394   367913   403030          353394          367913          403030 0.965265   2251.4         2.7878
  0.416      295.05     -698.17    -348.009     541.408   352782   366815   399981          352782          366815          399981 0.960874  2263.47        2.56552
  0.418     290.478    -699.616     -346.96     508.428   352420   364974   396590          352420          364974          396590 0.954615  2274.64        2.35868
   0.42     285.959    -701.065    -345.973     478.845   352011   364234   394578          352011          364234          394578 0.954277  2284.96        2.16863
  0.422      281.49    -702.517    -345.042     452.515   351739   364234   392634          351739          364234          392634 0.95301  2294.49        1.99571
  0.424     277.071    -703.973    -344.161     429.218   351406   364234   390387          351406          364234          390387 0.95017   2303.3        1.83949
  0.426       272.7    -705.432    -343.323     408.691   351272   364234   389051          351272          364234          389051 0.95032  2311.45         1.6991
  0.428     268.376    -706.893    -342.524     390.654   351117   364234   387576          351117          364234          387576 0.949263  2319.03        1.57335
   0.43     264.099    -708.357    -341.759     374.831   350833   364234   385236          350833          364234          385236 0.943754  2326.07        1.46095
  0.432     259.866    -709.823    -341.024     360.958   350533   364234   384416          350533          364234          384416 0.94623  2332.64        1.36056
  0.434     255.678    -711.292    -340.314     348.793   350096   364234   383521          350096          364234          383521 0.948548  2338.78        1.27088
  0.436     251.533    -712.762    -339.628     338.115   349812   364234   382665          349812          364234          382665 0.949593  2344.54        1.19069
  0.438      247.43    -714.235    -338.961     328.727   349323   363123   381658          349323          363123          381658 0.950692  2349.96        1.11885
   0.44     243.369     -715.71    -338.312     320.456   348936   363123   380928          348936          363123          380928 0.952495  2355.07        1.05435
  0.442     239.349    -717.186    -337.679     313.151   348523   363123   379894          348523          363123          379894 0.952553   2359.9       0.996281
  0.444     235.369    -718.664    -337.059     306.678   348142   363123   379046          348142          363123          379046 0.953286  2364.48       0.943833
  0.446     231.429    -720.144    -336.451     300.925   347912   363123   378690          347912          363123          378690 0.955623  2368.83         0.8963
  0.448     227.527    -721.625    -335.855     295.791   347645   363123   378291          347645          363123          378291 0.957418  2372.98       0.853067
   0.45     223.664    -723.108    -335.268     291.192   347147   360800   377663          347147          360800          377663 0.958955  2376.94       0.813598
  0.452     219.838    -724.593     -334.69     287.056   346749   360800   377175          346749          360800          377175 0.960585  2380.72       0.777429
  0.454     216.049    -726.079    -334.119     283.318   346423   359204   375957          346423          359204          375957 0.957714  2384.34       0.744161
  0.456     212.296    -727.566    -333.556     279.927   345993   359204   375547          345993          359204          375547 0.960154  2387.82        0.71345
  0.458     208.579    -729.055    -332.999     276.834   345791   359204   374642          345791          359204          374642 0.958261  2391.16       0.685002
   0.46     204.898    -730.545    -332.449     274.002   345520   359204   374259          345520          359204          374259 0.959676  2394.38       0.658564
  0.462     201.251    -732.037    -331.903     271.396   345339   359204   373916          345339          359204          373916 0.960564  2397.47       0.633917
  0.464     197.639    -733.529    -331.363     268.987   344822   358019   373601          344822          358019          373601 0.96348  2400.46       0.610878
  0.466      194.06    -735.023    -330.827     266.752   344713   358019   373101          344713          358019          373101 0.96269  2403.34       0.589287
  0.468     190.515    -736.519    -330.296     264.668   344491   358019   372750          344491          358019          372750 0.963309  2406.12       0.569009
   0.47     187.002    -738.015    -329.768     262.718   344299   355977   372461          344299          355977          372461 0.963859  2408.82       0.549926
  0.472     183.522    -739.513    -329.245     260.886   344015   355977   372186          344015          355977          372186 0.964857  2411.42        0.53194
  0.474     180.074    -741.012    -328.725      259.16   343696   353896   371897          343696          353896          371897 0.965904  2413.95       0.514963
  0.476     176.657    -742.513    -328.208     257.528   343494   353896   371228          343494          353896          371228 0.963799   2416.4       0.498922
  0.478     173.271    -744.014    -327.695      255.98   343135   353896   370882          343135          353896          370882 0.964824  2418.77       0.483752
   0.48     169.915    -745.516    -327.184     254.508   342948   353896   370207          342948          353896          370207 0.962665  2421.08       0.469396
  0.482      166.59     -747.02    -326.677     253.104   342747   353896   369782          342747          353896          369782 0.962136  2423.32       0.455806
  0.484     163.295    -748.525    -326.172     251.763   342513   353896   369408          342513          353896          369408 0.962085   2425.5       0.442937
  0.486     160.029     -750.03     -325.67     250.478   342173   353896   369026          342173          353896          369026 0.9627  2427.62        0.43075
  0.488     156.792    -751.537     -325.17     249.246   341758   353896   368658          341758          353896          368658 0.963989  2429.68        0.41921
   0.49     153.584    -753.045    -324.673     248.061   341585   352676   368443          341585          352676          368443 0.96465  2431.69       0.408284
  0.492     150.403    -754.554    -324.178     246.921   341405   352676   368082          341405          352676          368082 0.964271  2433.65       0.397943
  0.494     147.251    -756.064    -323.685     245.821   341137   352676   367662          341137          352676          367662 0.964096  2435.57       0.388159
  0.496     144.126    -757.575    -323.194      244.76   340940   352676   367301          340940          352676          367301 0.963836  2437.44       0.378906
  0.498     141.028    -759.087    -322.706     243.733   340692   352676   367023          340692          352676          367023 0.96449  2439.26        0.37016
    0.5     137.957      -760.6    -322.219     242.739   340526   352676   366653          340526          352676          366653 0.963837  2441.05       0.361898
  0.502     134.913    -762.114    -321.735     241.775   340282   352035   366315          340282          352035          366315 0.963994   2442.8       0.354096
  0.504     131.894    -763.629    -321.252     240.839   340137   351801   365918          340137          351801          365918 0.963017  2444.51       0.346734
  0.506     128.901    -765.145    -320.771     239.929   339949   351801   365660          339949          351801          365660 0.963283  2446.19        0.33979
  0.508     125.934    -766.662    -320.292     239.045   339740   351801   365398          339740          351801          365398 0.963614  2447.84       0.333244
   0.51     122.992     -768.18    -319.815     238.183   339571   351801   365205          339571          351801          365205 0.964053  2449.45       0.327075
  0.512     120.074    -769.699     -319.34     237.342   339254   351801   365016          339254          351801          365016 0.965573  2451.04       0.321266
  0.514     117.181    -771.218    -318.866     236.522   339075   351801   364766          339075          351801          364766 0.965606   2452.6       0.315797
  0.516     114.313    -772.739    -318.394     235.721   338805   351801   364508          338805          351801          364508 0.966257  2454.14       0.310649
  0.518     111.468    -774.261    -317.923     234.937   338570   351801   364293          338570          351801          364293 0.966955  2455.65       0.305805
   0.52     108.647    -775.783    -317.454      234.17   338431   351801   363871          338431          351801          363871 0.965481  2457.14       0.301248
  0.522     105.849    -777.306    -316.986     233.419   338108   351410   363644          338108          351410          363644 0.966735  2458.61        0.29696
  0.524     103.074     -778.83     -316.52     232.683   337899   351410   363412          337899          351410          363412 0.967117  2460.06       0.292926
  0.526     100.321    -780.355    -316.056     231.961   337746   351410   363233          337746          351410          363233 0.967445   2461.5        0.28913
  0.528     97.5917    -781.881    -315.592     231.253   337432   348663   362923          337432          348663          362923 0.968003  2462.91       0.285557
   0.53     94.8842    -783.408     -315.13     230.558   337294   348663   362585          337294          348663          362585 0.967175  2464.31       0.282193
  0.532     92.1985    -784.935     -314.67     229.877   337160   348663   362320          337160          348663          362320 0.966778  2465.69       0.279023
  0.534     89.5346    -786.464    -314.211     229.208   336928   346177   361906          336928          346177          361906 0.966039  2467.06       0.276035
  0.536      86.892    -787.993    -313.753     228.551   336745   346104   361645          336745          346104          361645 0.966065  2468.42       0.273216
  0.538     84.2706    -789.523    -313.297     227.906   336608   346104   361319          336608          346104          361319 0.965299  2469.76       0.270554
   0.54     81.6701    -791.053    -312.842     227.274   336430   346104   361026          336430          346104          361026 0.965022  2471.09       0.268037
  0.542     79.0902    -792.585    -312.388     226.655   336319   346104   360803          336319          346104          360803 0.964686  2472.41       0.265655
  0.544     76.5308    -794.117    -311.935     226.047   336166   346104   360225          336166          346104          360225 0.962085  2473.72       0.263399
  0.546     73.9916     -795.65    -311.483     225.452   336078   346104   359960          336078          346104          359960 0.961313  2475.02       0.261258
  0.548     71.4723    -797.184    -311.033      224.87   335952   346104   359733          335952          346104          359733 0.961017  2476.31       0.259224
   0.55     68.9727    -798.719    -310.584     224.301   335733   346104   359609          335733          346104          359609 0.962111  2477.58       0.257289
  0.552     66.4926    -800.254    -310.136     223.745   335540   346104   359366          335540          346104          359366 0.962033  2478.86       0.255444
  0.554     64.0317     -801.79    -309.689     223.203   335350   346104   359211          335350          346104          359211 0.962539  2480.12       0.253684
  0.556     61.5899    -803.327    -309.243     222.674   335137   346104   358816          335137          346104          358816 0.961455  2481.37       0.252002
  0.558     59.1669    -804.865    -308.798      222.16   334884   346104   358680          334884          346104          358680 0.962649  2482.62       0.250392
   0.56     56.7626    -806.403    -308.354     221.661   334686   346104   358408          334686          346104          358408 0.962382  2483.86       0.248847
  0.562     54.3766    -807.943    -307.912     221.177   334470   346066   358257          334470          346066          358257 0.963153  2485.09       0.247364
  0.564     52.0089    -809.482     -307.47     220.708   334123   344949   358037          334123          344949          358037 0.96438  2486.32       0.245938
  0.566     49.6591    -811.023    -307.029     220.255   334024   344949   357652          334024          344949          357652 0.962561  2487.54       0.244565
  0.568     47.3272    -812.564    -306.589     219.818   333764   344949   357292          333764          344949          357292 0.962191  2488.75        0.24324
   0.57     45.0128    -814.106    -306.149     219.397   333609   344949   357056          333609          344949          357056 0.962002  2489.96       0.241962
  0.572     42.7159    -815.649    -305.711     218.994   333348   344949   356889          333348          344949          356889 0.96312  2491.16       0.240725
  0.574     40.4361    -817.192    -305.274     218.607   333036   344949   356770          333036          344949          356770 0.964954  2492.36       0.239529
  0.576     38.1734    -818.736    -304.837     218.238   332872   344949   356664          332872          344949          356664 0.965774  2493.55       0.238371
  0.578     35.9275    -820.281    -304.401     217.886   332723   341822   356486          332723          341822          356486 0.965878  2494.74       0.237248
   0.58     33.6983    -821.826    -303.965     217.553   332643   341822   356236          332643          341822          356236 0.964874  2495.92       0.236158
  0.582     31.4855    -823.372     -303.53     217.237   332554   341822   356007          332554          341822          356007 0.964035  2497.09       0.235101
  0.584     29.2891    -824.919    -303.096     216.939   332330   341822   355743          332330          341822          355743 0.963971  2498.26       0.234074
  0.586     27.1088    -826.466    -302.663     216.659   332188   341822   355460          332188          341822          355460 0.963134  2499.43       0.233076
  0.588     24.9444    -828.015     -302.23     216.398   332061   341822   355254          332061          341822          355254 0.962773   2500.6       0.232106
   0.59     22.7958    -829.563    -301.797     216.154   331958   341822   355044          331958          341822          355044 0.962123  2501.75       0.231164
  0.592     20.6628    -831.113    -301.365     215.929   331824   341822   354905          331824          341822          354905 0.962253  2502.91       0.230248
  0.594     18.5453    -832.663    -300.933     215.722   331712   341822   354703          331712          341822          354703 0.961619  2504.06       0.229357
  0.596     16.4431    -834.213    -300.502     215.532   331593   341822   354500          331593          341822          354500 0.961005  2505.21       0.228492
  0.598      14.356    -835.765    -300.071     215.361   331314   341822   354340          331314          341822          354340 0.962045  2506.35       0.227651
    0.6     12.2839    -837.316    -299.641     215.207   331224   341822   354172          331224          341822          354172 0.961432  2507.49       0.226834
  0.602     10.2266    -838.869     -299.21      215.07   330988   341822   353969          330988          341822          353969 0.961718  2508.62       0.226041
  0.604     8.18402    -840.422     -298.78     214.951   330728   341822   353806          330728          341822          353806 0.962543  2509.76        0.22527
  0.606     6.15593    -841.976     -298.35     214.848   330552   341822   353504          330552          341822          353504 0.961608  2510.89       0.224523
  0.608     4.14221    -843.531    -297.921     214.761   330393   341822   353308          330393          341822          353308 0.961384  2512.01       0.223798
   0.61     2.14271    -845.086    -297.491     214.691   330102   341822   353178          330102          341822          353178 0.962799  2513.13       0.223096
  0.612    0.157301    -846.641    -297.062     214.636   330012   341226   353078          330012          341226          353078 0.962781  2514.25       0.222416
  0.614    -1.81417    -848.198    -296.633     214.596   329934   341226   352882          329934          341226          352882 0.961811  2515.37       0.221758
  0.616    -3.77184    -849.755    -296.204     214.571   329625   341226   352758          329625          341226          352758 0.963226  2516.49       0.221122
  0.618    -5.71584    -851.312    -295.775      214.56   329400   341226   352569          329400          341226          352569 0.963525   2517.6       0.220507
   0.62    -7.64631     -852.87    -295.345     214.563   329208   341226   352398          329208          341226          352398 0.963711  2518.71       0.219914
  0.622    -9.56339    -854.429    -294.916      214.58   329115   340730   352216          329115          340730          352216 0.962995  2519.81       0.219342
  0.624    -11.4672    -855.988    -294.487     214.609   328911   340730   352075          328911          340730          352075 0.96346  2520.92       0.218791
  0.626    -13.3579    -857.548    -294.058      214.65   328805   340730   351958          328805          340730          351958 0.9633  2522.02       0.218261
  0.628    -15.2356    -859.109    -293.628     214.703   328594   340730   351806          328594          340730          351806 0.963672  2523.12       0.217752
   0.63    -17.1004     -860.67    -293.199     214.767   328343   340730   351572          328343          340730          351572 0.963748  2524.22       0.217263
  0.632    -18.9524    -862.232    -292.769     214.842   328242   340581   351435          328242          340581          351435 0.963389  2525.31       0.216795
  0.634    -20.7918    -863.794     -292.34     214.926   328030   338886   351012          328030          338886          351012 0.961751  2526.41       0.216347
  0.636    -22.6187    -865.357     -291.91      215.02   327819   338654   350775          327819          338654          350775 0.961541   2527.5       0.215918
  0.638    -24.4332    -866.921     -291.48     215.123   327604   338654   350575          327604          338654          350575 0.961712  2528.59        0.21551
   0.64    -26.2354    -868.485    -291.049     215.234   327478   338654   350430          327478          338654          350430 0.9616  2529.68        0.21512
  0.642    -28.0255     -870.05    -290.619     215.353   327320   338654   350313          327320          338654          350313 0.961889  2530.77        0.21475
  0.644    -29.8036    -871.615    -290.188     215.479   326886   338654   350162          326886          338654          350162 0.964049  2531.85         0.2144
  0.646    -31.5697    -873.181    -289.757     215.612   326714   338654   349905          326714          338654          349905 0.963493  2532.94       0.214068
  0.648     -33.324    -874.748    -289.325     215.751   326455   338654   349765          326455          338654          349765 0.964512  2534.02       0.213754
   0.65    -35.0666    -876.315    -288.894     215.895   326295   338654   349680          326295          338654          349680 0.965195   2535.1       0.213459
  0.652    -36.7976    -877.883    -288.462     216.045   326210   337501   349524          326210          337501          349524 0.964717  2536.19       0.213183
  0.654    -38.5171    -879.451    -288.029     216.199   325996   337501   349382          325996          337501          349382 0.965282  2537.27       0.212924
  0.656    -40.2252     -881.02    -287.597     216.358   325701   337501   349218          325701          337501          349218 0.966371  2538.35       0.212683
  0.658     -41.922     -882.59    -287.164      216.52   325563   337501   349063          325563          337501          349063 0.966337  2539.43       0.212459
   0.66    -43.6077     -884.16    -286.731     216.685   325498   337501   348891          325498          337501          348891 0.965579  2540.51       0.212253
  0.662    -45.2823     -885.73    -286.297     216.853   325236   337501   348766          325236          337501          348766 0.96668  2541.58       0.212064
  0.664     -46.946    -887.302    -285.863     217.024   325095   337501   348669          325095          337501          348669 0.96706  2542.66       0.211892
  0.666    -48.5987    -888.873    -285.429     217.197   324969   337501   348481          324969          337501          348481 0.966619  2543.74       0.211736
  0.668    -50.2407    -890.446    -284.995     217.372   324867   337501   348340          324867          337501          348340 0.966325  2544.82       0.211597
   0.67     -51.872    -892.019     -284.56     217.548   324724   337501   348213          324724          337501          348213 0.966424  2545.89       0.211475
  0.672    -53.4928    -893.593    -284.124     217.725   324585   337501   348058          324585          337501          348058 0.966254  2546.97       0.211369
  0.674     -55.103    -895.167    -283.689     217.904   324380   337501   347839          324380          337501          347839 0.966094  2548.05       0.211279
  0.676    -56.7029    -896.741    -283.253     218.083   324156   337501   347693          324156          337501          347693 0.966648  2549.12       0.211205
  0.678    -58.2925    -898.317    -282.816     218.262   323936   336502   347537          323936          336502          347537 0.96712   2550.2       0.211147
   0.68    -59.8719    -899.893     -282.38     218.442   323844   334134   347423          323844          334134          347423 0.966948  2551.28       0.211105
  0.682    -61.4411    -901.469    -281.943     218.621   323776   334134   347295          323776          334134          347295 0.966439  2552.35       0.211079
  0.684    -63.0004    -903.046    -281.505     218.801   323650   334134   347130          323650          334134          347130 0.966028  2553.43       0.211069
  0.686    -64.5497    -904.624    -281.068      218.98   323507   333036   346957          323507          333036          346957 0.965663  2554.51       0.211075
  0.688    -66.0892    -906.202    -280.629      219.16   323254   333036   346837          323254          333036          346837 0.966482  2555.59       0.211096
   0.69    -67.6189    -907.781    -280.191     219.338   323192   333036   346645          323192          333036          346645 0.965372  2556.67       0.211133
  0.692    -69.1389     -909.36    -279.752     219.517   323009   333036   346508          323009          333036          346508 0.965531  2557.75       0.211186
  0.694    -70.6493     -910.94    -279.313     219.695   322878   333036   346338          322878          333036          346338 0.965046  2558.83       0.211255
  0.696    -72.1503    -912.521    -278.873     219.873   322618   333036   346251          322618          333036          346251 0.966177  2559.91        0.21134
  0.698    -73.6418    -914.102    -278.433     220.051   322388   333036   346125          322388          333036          346125 0.96682  2560.99       0.211441
    0.7    -75.1239    -915.684    -277.993     220.228   322309   333036   345885          322309          333036          345885 0.965423  2562.08       0.211559
  0.702    -76.5968    -917.266    -277.552     220.405   322169   333036   345664          322169          333036          345664 0.964656  2563.16       0.211692
  0.704    -78.0606    -918.849    -277.111     220.582   321907   333036   345534          321907          333036          345534 0.96554  2564.25       0.211842
  0.706    -79.5152    -920.432     -276.67     220.759   321873   333036   345304          321873          333036          345304 0.963898  2565.33       0.212009
  0.708    -80.9608    -922.016    -276.228     220.936   321778   333036   345183          321778          333036          345183 0.963536  2566.42       0.212193
   0.71    -82.3974    -923.601    -275.786     221.114   321625   333036   345102          321625          333036          345102 0.96388  2567.51       0.212394
  0.712    -83.8252    -925.186    -275.344     221.292   321433   333036   344994          321433          333036          344994 0.964296   2568.6       0.212612
  0.714    -85.2442    -926.772    -274.901      221.47   321244   333036   344887          321244          333036          344887 0.964676   2569.7       0.212847
  0.716    -86.6545    -928.358    -274.458      221.65   321089   333036   344581          321089          333036          344581 0.963294  2570.79         0.2131
  0.718    -88.0561    -929.945    -274.015     221.831   320752   333036   344384          320752          333036          344384 0.964228  2571.89       0.213371
   0.72    -89.4491    -931.532    -273.571     222.013   320601   333036   344216          320601          333036          344216 0.964004  2572.99        0.21366
  0.722    -90.8337     -933.12    -273.127     222.196   320416   333036   344086          320416          333036          344086 0.964314  2574.09       0.213967
  0.724    -92.2098    -934.708    -272.682     222.382   320302   333036   343973          320302          333036          343973 0.964188  2575.19       0.214293
  0.726    -93.5775    -936.298    -272.237     222.569   320199   333036   343877          320199          333036          343877 0.964059  2576.29       0.214637
  0.728     -94.937    -937.887    -271.792     222.759   320043   332741   343803          320043          332741          343803 0.964438   2577.4          0.215
   0.73    -96.2882    -939.477    -271.346     222.951   319886   332741   343641          319886          332741          343641 0.964144  2578.51       0.215383
  0.732    -97.6313    -941.068      -270.9     223.146   319710   332741   343548          319710          332741          343548 0.9645  2579.62       0.215784
  0.734    -98.9662     -942.66    -270.453     223.344   319568   332741   343428          319568          332741          343428 0.964358  2580.74       0.216205
  0.736    -100.293    -944.251    -270.006     223.545   319078   332741   343330          319078          332741          343330 0.966942  2581.85       0.216646
  0.738    -101.612    -945.844    -269.559      223.75   318958   330113   343243          318958          330113          343243 0.966966  2582.97       0.217106
   0.74    -102.923    -947.437    -269.111     223.958   318893   330113   343104          318893          330113          343104 0.966166   2584.1       0.217586
  0.742    -104.227    -949.031    -268.663      224.17   318695   330113   342906          318695          330113          342906 0.965877  2585.22       0.218086
  0.744    -105.522    -950.625    -268.215     224.387   318521   330113   342735          318521          330113          342735 0.965659  2586.35       0.218606
  0.746     -106.81    -952.219    -267.766     224.608   318322   330113   342600          318322          330113          342600 0.96585  2587.49       0.219145
  0.748     -108.09    -953.815    -267.316     224.833   318255   330113   342444          318255          330113          342444 0.964924  2588.62       0.219704
   0.75    -109.363    -955.411    -266.866     225.064   318123   330113   342347          318123          330113          342347 0.964835  2589.76       0.220283
  0.752    -110.628    -957.007    -266.416     225.299   317927   330113   342247          317927          330113          342247 0.965156   2590.9       0.220881
  0.754    -111.886    -958.604    -265.965     225.539   317623   329469   342114          317623          329469          342114 0.966035  2592.05       0.221498
  0.756    -113.136    -960.201    -265.514     225.784   317469   329469   341993          317469          329469          341993 0.965959   2593.2       0.222135
  0.758    -114.379    -961.799    -265.062     226.034   317344   329469   341914          317344          329469          341914 0.965933  2594.35        0.22279
   0.76    -115.614    -963.398     -264.61      226.29   317166   329469   341829          317166          329469          341829 0.966196  2595.51       0.223464
  0.762    -116.843    -964.997    -264.157     226.551   316966   329469   341648          316966          329469          341648 0.965933  2596.67       0.224155
  0.764    -118.064    -966.597    -263.704     226.817   316784   329469   341439          316784          329469          341439 0.965371  2597.84       0.224864
  0.766    -119.278    -968.197     -263.25     227.088   316633   329469   341323          316633          329469          341323 0.965249  2599.01        0.22559
  0.768    -120.485    -969.798    -262.795     227.365   316304   326895   341260          316304          326895          341260 0.966752  2600.18       0.226333
   0.77    -121.686      -971.4     -262.34     227.647   316135   326895   341039          316135          326895          341039 0.966059  2601.36       0.227091
  0.772    -122.879    -973.002    -261.885     227.934   316079   326895   340877          316079          326895          340877 0.964949  2602.55       0.227864
  0.774    -124.065    -974.604    -261.428     228.226   315844   326895   340742          315844          326895          340742 0.965293  2603.74       0.228652
  0.776    -125.244    -976.207    -260.972     228.523   315594   326388   340585          315594          326388          340585 0.965618  2604.93       0.229452
  0.778    -126.417    -977.811    -260.514     228.824   315342   326388   340362          315342          326388          340362 0.965552  2606.13       0.230265
   0.78    -127.583    -979.415    -260.056      229.13   315244   326388   340180          315244          326388          340180 0.964672  2607.33        0.23109
  0.782    -128.742     -981.02    -259.598     229.439   315043   326388   339974          315043          326388          339974 0.964396  2608.54       0.231925
  0.784    -129.895    -982.625    -259.139     229.753   314849   326388   339823          314849          326388          339823 0.964481  2609.75       0.232769
  0.786    -131.041    -984.231    -258.679      230.07   314670   326388   339640          314670          326388          339640 0.964248  2610.97       0.233621
  0.788     -132.18    -985.838    -258.218      230.39   314425   325724   339497          314425          325724          339497 0.964846  2612.19       0.234481
   0.79    -133.313    -987.445    -257.757     230.713   314317   325724   339392          314317          325724          339392 0.96467  2613.42       0.235345
  0.792     -134.44    -989.052    -257.296     231.038   314222   325724   339169          314222          325724          339169 0.963497  2614.65       0.236214
  0.794     -135.56    -990.661    -256.833     231.365   314053   325724   339049          314053          325724          339049 0.963626  2615.89       0.237086
  0.796    -136.674    -992.269     -256.37     231.694   313794   325724   338938          313794          325724          338938 0.96452  2617.13       0.237959
  0.798    -137.782    -993.879    -255.906     232.023   313553   325724   338774          313553          325724          338774 0.964922  2618.38       0.238832
    0.8    -138.883    -995.488    -255.442     232.353   313348   325724   338664          313348          325724          338664 0.965493  2619.63       0.239703
  0.802    -139.978    -997.099    -254.977     232.682   313134   325724   338382          313134          325724          338382 0.964898  2620.89        0.24057
  0.804    -141.067     -998.71    -254.511     233.011   313011   325724   338298          313011          325724          338298 0.965121  2622.15       0.241433
  0.806     -142.15    -1000.32    -254.045     233.339   312848   325724   338179          312848          325724          338179 0.965353  2623.42       0.242289
  0.808    -143.227    -1001.93    -253.578     233.664   312699   325724   338034          312699          325724          338034 0.96529   2624.7       0.243137
   0.81    -144.298    -1003.55     -253.11     233.987   312569   325724   337904          312569          325724          337904 0.965203  2625.98       0.243975
  0.812    -145.363    -1005.16    -252.642     234.307   312478   325724   337709          312478          325724          337709 0.964329  2627.26       0.244801
  0.814    -146.422    -1006.77    -252.173     234.623   312360   325724   337595          312360          325724          337595 0.96422  2628.55       0.245613
  0.816    -147.475    -1008.39    -251.703     234.934   311992   325724   337527          311992          325724          337527 0.966304  2629.84       0.246411
  0.818    -148.522       -1010    -251.233      235.24   311921   325724   337322          311921          325724          337322 0.96523  2631.14       0.247191
   0.82    -149.564    -1011.62    -250.763      235.54   311585   325724   337142          311585          325724          337142 0.966329  2632.44       0.247953
  0.822    -150.599    -1013.23    -250.291     235.834   311414   325724   337007          311414          325724          337007 0.966601  2633.75       0.248695
  0.824    -151.629    -1014.85    -249.819     236.121   311222   325724   336916          311222          325724          336916 0.967345  2635.06       0.249415
  0.826    -152.653    -1016.47    -249.347     236.399   311053   325724   336820          311053          325724          336820 0.967875  2636.38       0.250111
  0.828    -153.672    -1018.09    -248.874     236.669   310931   325724   336688          310931          325724          336688 0.967814   2637.7       0.250782
   0.83    -154.685     -1019.7      -248.4      236.93   310774   325248   336551          310774          325248          336551 0.967961  2639.03       0.251426
  0.832    -155.693    -1021.32    -247.926     237.182   310625   325248   336433          310625          325248          336433 0.968175  2640.35       0.252042
  0.834    -156.695    -1022.94    -247.451     237.422   310419   325248   336262          310419          325248          336262 0.968444  2641.69       0.252628
  0.836    -157.691    -1024.56    -246.976     237.652   310185   325248   336081          310185          325248          336081 0.968862  2643.02       0.253183
  0.838    -158.683    -1026.18    -246.501      237.87   310082   325248   335914          310082          325248          335914 0.968522  2644.36       0.253705
   0.84    -159.668     -1027.8    -246.025     238.076   309895   322419   335826          309895          322419          335826 0.96928  2645.71       0.254194
  0.842    -160.649    -1029.42    -245.548      238.27   309827   322419   335646          309827          322419          335646 0.968597  2647.05       0.254649
  0.844    -161.624    -1031.05    -245.072      238.45   309574   322419   335520          309574          322419          335520 0.969529   2648.4       0.255067
  0.846    -162.594    -1032.67    -244.595     238.616   309419   322419   335366          309419          322419          335366 0.969664  2649.76       0.255448
  0.848    -163.558    -1034.29    -244.117     238.769   309332   322419   335261          309332          322419          335261 0.969647  2651.11       0.255791
   0.85    -164.517    -1035.92     -243.64     238.907   309194   322419   335107          309194          322419          335107 0.969625  2652.47       0.256096
  0.852    -165.472    -1037.54    -243.162      239.03   309045   322419   335019          309045          322419          335019 0.970136  2653.83       0.256362
  0.854    -166.421    -1039.17    -242.683     239.138   308955   322419   334911          308955          322419          334911 0.970082  2655.19       0.256587
  0.856    -167.365    -1040.79    -242.205     239.231   308845   322419   334745          308845          322419          334745 0.969771  2656.55       0.256772
  0.858    -168.304    -1042.42    -241.727     239.308   308667   322395   334638          308667          322395          334638 0.970305  2657.92       0.256917
   0.86    -169.238    -1044.05    -241.248     239.369   308544   322395   334556          308544          322395          334556 0.970619  2659.28        0.25702
  0.862    -170.167    -1045.67    -240.769     239.414   308367   322395   334409          308367          322395          334409 0.970876  2660.65       0.257082
  0.864    -171.091     -1047.3     -240.29     239.443   308263   321911   334287          308263          321911          334287 0.970812  2662.02       0.257102
  0.866     -172.01    -1048.93    -239.811     239.456   308203   320673   334200          308203          320673          334200 0.970658  2663.39       0.257082
  0.868    -172.924    -1050.56    -239.332     239.453   308145   320673   334126          308145          320673          334126 0.970526  2664.76        0.25702
   0.87    -173.833    -1052.19    -238.853     239.433   308007   320673   333915          308007          320673          333915 0.970023  2666.13       0.256917
  0.872    -174.738    -1053.82    -238.375     239.398   307946   320673   333810          307946          320673          333810 0.969689   2667.5       0.256774
  0.874    -175.638    -1055.45    -237.896     239.346   307866   320673   333672          307866          320673          333672 0.969234  2668.87        0.25659
  0.876    -176.533    -1057.08    -237.417     239.279   307609   320673   333559          307609          320673          333559 0.970097  2670.24       0.256368
  0.878    -177.423    -1058.71    -236.939     239.196   307512   320673   333437          307512          320673          333437 0.969871  2671.61       0.256106
   0.88    -178.309    -1060.34    -236.461     239.098   307197   320673   333319          307197          320673          333319 0.971063  2672.98       0.255807
  0.882     -179.19    -1061.98    -235.982     238.984   307066   319100   333181          307066          319100          333181 0.971012  2674.34        0.25547
  0.884    -180.067    -1063.61    -235.505     238.856   306915   319100   333089          306915          319100          333089 0.971357  2675.71       0.255097
  0.886    -180.939    -1065.24    -235.027     238.713   306608   319100   332976          306608          319100          332976 0.972585  2677.07       0.254689
  0.888    -181.806    -1066.88     -234.55     238.557   306424   319100   332802          306424          319100          332802 0.972702  2678.44       0.254247
   0.89    -182.669    -1068.51    -234.073     238.387   306397   319100   332582          306397          319100          332582 0.971517   2679.8       0.253773
  0.892    -183.527    -1070.15    -233.596     238.203   306233   319100   332452          306233          319100          332452 0.971822  2681.16       0.253266
  0.894    -184.381    -1071.78     -233.12     238.007   306169   319028   332318          306169          319028          332318 0.971429  2682.51        0.25273
  0.896    -185.231    -1073.42    -232.644     237.799   306099   319028   332159          306099          319028          332159 0.970904  2683.87       0.252165
  0.898    -186.076    -1075.06    -232.169      237.58   305986   319028   331966          305986          319028          331966 0.970441  2685.22       0.251572
    0.9    -186.917    -1076.69    -231.694     237.349   305874   319028   331799          305874          319028          331799 0.970133  2686.57       0.250954
  0.902    -187.754    -1078.33    -231.219     237.108   305627   319028   331597          305627          319028          331597 0.970499  2687.92       0.250312
  0.904    -188.586    -1079.97    -230.745     236.857   305520   319028   331489          305520          319028          331489 0.970598  2689.26       0.249646
  0.906    -189.414    -1081.61    -230.272     236.597   305391   317534   331421          305391          317534          331421 0.971063   2690.6        0.24896
  0.908    -190.238    -1083.25    -229.799     236.329   305182   315385   331182          305182          315385          331182 0.97097  2691.94       0.248254
   0.91    -191.058    -1084.89    -229.327     236.053   305094   315385   331035          305094          315385          331035 0.970717  2693.27       0.247531
  0.912    -191.873    -1086.53    -228.855     235.769   305010   315385   330907          305010          315385          330907 0.970539  2694.61       0.246792
  0.914    -192.685    -1088.17    -228.384     235.479   304835   314458   330788          304835          314458          330788 0.970993  2695.93       0.246038
  0.916    -193.492    -1089.81    -227.913     235.184   304731   314458   330603          304731          314458          330603 0.970581  2697.26       0.245271
  0.918    -194.295    -1091.45    -227.443     234.883   304629   314458   330403          304629          314458          330403 0.970061  2698.58       0.244494
   0.92    -195.095     -1093.1    -226.973     234.578   304527   314458   330270          304527          314458          330270 0.969972   2699.9       0.243707
  0.922     -195.89    -1094.74    -226.505      234.27   304351   314458   330145          304351          314458          330145 0.970438  2701.21       0.242913
  0.924    -196.681    -1096.38    -226.036     233.958   304275   314458   329847          304275          314458          329847 0.969085  2702.52       0.242113
  0.926    -197.468    -1098.03    -225.569     233.644   304160   314458   329690          304160          314458          329690 0.968976  2703.83       0.241308
  0.928    -198.252    -1099.67    -225.102     233.328   304092   314458   329613          304092          314458          329613 0.969067  2705.13       0.240502
   0.93    -199.031    -1101.32    -224.635     233.012   303964   314458   329502          303964          314458          329502 0.969312  2706.43       0.239694
  0.932    -199.807    -1102.96     -224.17     232.695   303927   314458   329330          303927          314458          329330 0.968493  2707.73       0.238887
  0.934    -200.578    -1104.61    -223.705     232.379   303880   314458   329117          303880          314458          329117 0.967439  2709.02       0.238082
  0.936    -201.346    -1106.26     -223.24     232.064   303833   314458   328937          303833          314458          328937 0.966614  2710.31        0.23728
  0.938     -202.11     -1107.9    -222.776     231.751   303765   314458   328757          303765          314458          328757 0.965913  2711.59       0.236484
   0.94    -202.871    -1109.55    -222.313      231.44   303698   314458   328634          303698          314458          328634 0.96559  2712.87       0.235695
  0.942    -203.627     -1111.2    -221.851     231.132   303573   313210   328491          303573          313210          328491 0.965527  2714.15       0.234914
  0.944     -204.38    -1112.85    -221.389     230.828   303460   313210   328287          303460          313210          328287 0.964929  2715.42       0.234142
  0.946     -205.13     -1114.5    -220.927     230.528   303410   313210   328117          303410          313210          328117 0.964133  2716.69       0.233381
  0.948    -205.875    -1116.15    -220.467     230.233   303305   313210   327931          303305          313210          327931 0.963591  2717.96       0.232632
   0.95    -206.617    -1117.79    -220.006     229.943   303254   313210   327836          303254          313210          327836 0.963305  2719.22       0.231896
  0.952    -207.356    -1119.45    -219.547     229.658   303145   313210   327716          303145          313210          327716 0.96324  2720.48       0.231175
  0.954     -208.09     -1121.1    -219.088     229.381   302983   313210   327553          302983          313210          327553 0.963239  2721.74        0.23047
  0.956    -208.822    -1122.75    -218.629      229.11   302882   313210   327367          302882          313210          327367 0.962623  2722.99       0.229781
  0.958    -209.549     -1124.4    -218.171     228.846   302775   313210   327207          302775          313210          327207 0.962247  2724.24       0.229109
   0.96    -210.274    -1126.05    -217.714     228.591   302731   313210   327140          302731          313210          327140 0.962061  2725.49       0.228457
  0.962    -210.994     -1127.7    -217.257     228.343   302628   313210   327026          302628          313210          327026 0.961929  2726.73       0.227824
  0.964    -211.712    -1129.36      -216.8     228.104   302507   313210   326951          302507          313210          326951 0.962185  2727.97       0.227211
  0.966    -212.425    -1131.01    -216.344     227.874   302304   313210   326859          302304          313210          326859 0.962923  2729.21        0.22662
  0.968    -213.136    -1132.66    -215.889     227.654   302203   313210   326719          302203          313210          326719 0.962555  2730.45        0.22605
   0.97    -213.843    -1134.32    -215.434     227.443   302109   313210   326564          302109          313210          326564 0.962006  2731.68       0.225504
  0.972    -214.547    -1135.97    -214.979     227.243   302060   313210   326478          302060          313210          326478 0.961602  2732.91       0.224981
  0.974    -215.247    -1137.63    -214.525     227.052   301921   313210   326354          301921          313210          326354 0.961568  2734.14       0.224481
  0.976    -215.944    -1139.28    -214.071     226.873   301751   313210   326096          301751          313210          326096 0.960786  2735.37       0.224007
  0.978    -216.638    -1140.94    -213.617     226.704   301567   313210   326036          301567          313210          326036 0.961624  2736.59       0.223557
   0.98    -217.328     -1142.6    -213.164     226.547   301448   313210   325921          301448          313210          325921 0.961536  2737.81       0.223133
  0.982    -218.015    -1144.25    -212.711     226.401   301290   313210   325837          301290          313210          325837 0.961964  2739.03       0.222735
  0.984    -218.699    -1145.91    -212.259     226.267   301165   311241   325755          301165          311241          325755 0.962149  2740.25       0.222363
  0.986     -219.38    -1147.57    -211.806     226.144   301127   311241   325567          301127          311241          325567 0.960862  2741.47       0.222018
  0.988    -220.058    -1149.23    -211.354     226.033   300939   311241   325368          300939          311241          325368 0.960636  2742.69       0.221699
   0.99    -220.732    -1150.89    -210.902     225.935   300664   311241   325256          300664          311241          325256 0.961744   2743.9       0.221408
  0.992    -221.403    -1152.55     -210.45     225.849   300582   311241   325032          300582          311241          325032 0.960569  2745.12       0.221144
  0.994    -222.071    -1154.21    -209.999     225.775   300369   311241   324831          300369          311241          324831 0.960602  2746.33       0.220907
  0.996    -222.736    -1155.87    -209.547     225.713   300310   311241   324633          300310          311241          324633 0.959492  2747.54       0.220698
  0.998    -223.398    -1157.53    -209.096     225.664   300182   311241   324454          300182          311241          324454 0.959061  2748.76       0.220516
      1    -224.057    -1159.19    -208.644     225.627   300114   311241   324331          300114          311241          324331 0.958591  2749.97       0.220362
  1.002    -224.713    -1160.85    -208.193     225.603   300025   311241   324226          300025          311241          324226 0.95838  2751.18       0.220235
  1.004    -225.365    -1162.51    -207.742     225.592   299826   311241   324117          299826          311241          324117 0.958996  2752.39       0.220136
  1.006    -226.015    -1164.17    -207.291     225.593   299698   311241   324005          299698          311241          324005 0.959023  2753.61       0.220064
  1.008    -226.662    -1165.83     -206.84     225.607   299471   311241   323813          299471          311241          323813 0.959227  2754.82       0.220019
   1.01    -227.306     -1167.5    -206.388     225.633   299397   311241   323587          299397          311241          323587 0.958035  2756.03       0.220001
  1.012    -227.946    -1169.16    -205.937     225.671   299154   311241   323433          299154          311241          323433 0.95869  2757.24        0.22001
  1.014    -228.584    -1170.82    -205.486     225.722   299021   311241   323347          299021          311241          323347 0.959031  2758.46       0.220046
  1.016    -229.219    -1172.49    -205.034     225.785   298879   311241   323266          298879          311241          323266 0.959462  2759.67       0.220107
  1.018    -229.851    -1174.15    -204.583      225.86   298759   311241   323065          298759          311241          323065 0.958802  2760.89       0.220195
   1.02     -230.48    -1175.82    -204.131     225.948   298564   310204   323009          298564          310204          323009 0.959854   2762.1       0.220308
  1.022    -231.107    -1177.48    -203.679     226.047   298472   310204   322845          298472          310204          322845 0.959275  2763.32       0.220446
  1.024     -231.73    -1179.15    -203.227     226.158   298357   310174   322762          298357          310174          322762 0.959468  2764.54       0.220609
  1.026    -232.351    -1180.82    -202.774     226.281   298110   310174   322673          298110          310174          322673 0.96062  2765.76       0.220797
  1.028    -232.968    -1182.48    -202.321     226.414   297767   310174   322575          297767          310174          322575 0.962503  2766.98       0.221008
   1.03    -233.583    -1184.15    -201.868      226.56   297687   310174   322498          297687          310174          322498 0.962543  2768.21       0.221242
  1.032    -234.196    -1185.82    -201.415     226.716   297588   309515   322419          297588          309515          322419 0.962683  2769.43         0.2215
  1.034    -234.805    -1187.49    -200.962     226.883   297549   309515   322199          297549          309515          322199 0.961295  2770.66        0.22178
  1.036    -235.412    -1189.15    -200.508      227.06   297501   309515   322075          297501          309515          322075 0.960679  2771.89       0.222081
  1.038    -236.016    -1190.82    -200.053     227.248   297362   309515   321967          297362          309515          321967 0.960859  2773.12       0.222404
   1.04    -236.617    -1192.49    -199.599     227.446   297249   309515   321725          297249          309515          321725 0.959822  2774.36       0.222747
  1.042    -237.215    -1194.16    -199.144     227.654   297027   309515   321584          297027          309515          321584 0.960414  2775.59       0.223111
  1.044    -237.811    -1195.83    -198.688     227.871   296862   309515   321517          296862          309515          321517 0.961149  2776.83       0.223493
  1.046    -238.404     -1197.5    -198.232     228.098   296784   309423   321370          296784          309423          321370 0.960613  2778.08       0.223894
  1.048    -238.995    -1199.17    -197.776     228.334   296647   309423   321275          296647          309423          321275 0.960906  2779.32       0.224313
   1.05    -239.582    -1200.84    -197.319     228.578   296605   309423   321136          296605          309423          321136 0.960128  2780.57       0.224749
  1.052    -240.168    -1202.52    -196.861      228.83   296530   309423   321033          296530          309423          321033 0.959847  2781.82       0.225202
  1.054     -240.75    -1204.19    -196.403      229.09   296294   309423   320962          296294          309423          320962 0.960991  2783.08       0.225671
  1.056     -241.33    -1205.86    -195.945     229.359   296144   309423   320909          296144          309423          320909 0.961632  2784.33       0.226154
  1.058    -241.908    -1207.53    -195.486     229.634   296066   309423   320841          296066          309423          320841 0.961595  2785.59       0.226651
   1.06    -242.483    -1209.21    -195.026     229.916   295909   309423   320724          295909          309423          320724 0.96177  2786.86       0.227162
  1.062    -243.055    -1210.88    -194.566     230.205   295776   309086   320580          295776          309086          320580 0.961549  2788.13       0.227686
  1.064    -243.625    -1212.55    -194.106       230.5   295465   309086   320477          295465          309086          320477 0.962975   2789.4       0.228221
  1.066    -244.192    -1214.23    -193.644     230.801   295338   309086   320385          295338          309086          320385 0.963164  2790.67       0.228768
  1.068    -244.756     -1215.9    -193.182     231.108   295174   309086   320147          295174          309086          320147 0.962596  2791.95       0.229324
   1.07    -245.319    -1217.58     -192.72     231.419   295080   309086   320059          295080          309086          320059 0.962609  2793.23        0.22989
  1.072    -245.878    -1219.26    -192.257     231.736   294939   309086   319910          294939          309086          319910 0.962505  2794.52       0.230465
  1.074    -246.436    -1220.93    -191.793     232.056   294811   306424   319820          294811          306424          319820 0.962733  2795.81       0.231046
  1.076     -246.99    -1222.61    -191.328     232.381   294692   306424   319731          294692          306424          319731 0.962899   2797.1       0.231635
  1.078    -247.543    -1224.29    -190.863     232.708   294653   306424   319504          294653          306424          319504 0.961499   2798.4        0.23223
   1.08    -248.093    -1225.96    -190.398     233.039   294543   306424   319453          294543          306424          319453 0.961852   2799.7       0.232829
  1.082     -248.64    -1227.64    -189.931     233.373   294469   306424   319359          294469          306424          319359 0.961603  2801.01       0.233433
  1.084    -249.185    -1229.32    -189.464     233.709   294265   306424   319281          294265          306424          319281 0.962394  2802.32        0.23404
  1.086    -249.728       -1231    -188.996     234.047   294125   306424   319200          294125          306424          319200 0.962717  2803.63        0.23465
  1.088    -250.268    -1232.68    -188.528     234.386   294041   306424   319135          294041          306424          319135 0.962725  2804.95       0.235261
   1.09    -250.806    -1234.36    -188.059     234.726   293950   306424   319032          293950          306424          319032 0.962492  2806.27       0.235873
  1.092    -251.342    -1236.04    -187.589     235.067   293734   306424   318782          293734          306424          318782 0.962132   2807.6       0.236485
  1.094    -251.875    -1237.72    -187.119     235.408   293684   306424   318723          293684          306424          318723 0.961945  2808.93       0.237096
  1.096    -252.406     -1239.4    -186.647     235.749   293493   306424   318622          293493          306424          318622 0.962469  2810.26       0.237705
  1.098    -252.934    -1241.08    -186.176     236.089   293300   306424   318481          293300          306424          318481 0.962719   2811.6       0.238311
    1.1    -253.461    -1242.76    -185.703     236.428   293131   306424   318387          293131          306424          318387 0.963158  2812.94       0.238914
  1.102    -253.985    -1244.44     -185.23     236.766   292913   306424   318335          292913          306424          318335 0.964275  2814.29       0.239512
  1.104    -254.506    -1246.13    -184.756     237.102   292826   306424   318075          292826          306424          318075 0.962992  2815.64       0.240105
  1.106    -255.026    -1247.81    -184.281     237.436   292485   306424   317976          292485          306424          317976 0.964691  2816.99       0.240693
  1.108    -255.543    -1249.49    -183.806     237.767   292404   306424   317886          292404          306424          317886 0.964628  2818.35       0.241274
