# n_walkers  560  n_cull  1  simple log(alpha)  -0.001784121793501292
#   T     log_Z(T)      F(T)        U(T)       Cvp(T)    low_pct_i(T) mode_i(T) high_pct_i(T) low_pct_iter(T)  mode_iter(T)   high_pct_iter(T) Z_fract(T)   V(T)   thermal_exp(T)
   0.01     57938.9    -593.242     -591.99      121.41   772804   772932   772932          772804          772932          772932 0.877569  1593.73     0.00617059
  0.012     48052.4    -593.253    -591.747     121.464   772770   772932   772932          772770          772932          772932 0.87579  1593.75     0.00508378
  0.014     40990.6    -593.264    -591.504     121.503   772732   772932   772932          772732          772932          772932 0.876039  1593.76     0.00459759
  0.016     35694.4    -593.275    -591.261     121.541   772688   772932   772932          772688          772932          772932 0.883264  1593.78     0.00442923
  0.018     31575.1    -593.287    -591.018     121.582   772641   772932   772932          772641          772932          772932 0.890983  1593.79     0.00440567
   0.02     28279.6      -593.3    -590.775      121.63   772599   772932   772932          772599          772932          772932 0.89308   1593.8      0.0044348
  0.022     25583.4    -593.312    -590.531     121.687   772552   772932   772932          772552          772932          772932 0.897139  1593.82      0.0044735
  0.024     23336.5    -593.325    -590.288     121.751   772505   772932   772932          772505          772932          772932 0.899923  1593.83     0.00450489
  0.026     21435.4    -593.338    -590.044     121.825   772468   772932   772932          772468          772932          772932 0.895496  1593.85     0.00452472
  0.028     19805.8    -593.352    -589.801     121.908   772419   772932   772932          772419          772932          772932 0.895545  1593.86     0.00453414
   0.03     18393.5    -593.366    -589.557     122.001   772355   772932   772932          772355          772932          772932 0.901372  1593.88     0.00453612
  0.032     17157.8     -593.38    -589.313     122.104   772300   772932   772932          772300          772932          772932 0.902197  1593.89     0.00453393
  0.034     16067.4    -593.394    -589.068     122.218   772237   772932   772932          772237          772932          772932 0.905003  1593.91     0.00453062
  0.036     15098.2    -593.409    -588.824     122.344   772185   772932   772932          772185          772932          772932 0.902722  1593.92     0.00452894
  0.038     14231.1    -593.424    -588.579     122.483   772118   772932   772932          772118          772932          772932 0.904647  1593.93     0.00453142
   0.04     13450.6    -593.439    -588.334     122.637   772055   772932   772932          772055          772932          772932 0.90382  1593.95     0.00454058
  0.042     12744.5    -593.454    -588.088     122.806   771978   772932   772932          771978          772932          772932 0.905537  1593.96     0.00455902
  0.044     12102.6     -593.47    -587.843     122.992   771905   772932   772932          771905          772932          772932 0.904906  1593.98     0.00458956
  0.046     11516.5    -593.486    -587.596     123.199   771811   772932   772932          771811          772932          772932 0.907458  1593.99     0.00463537
  0.048     10979.3    -593.502     -587.35     123.428   771716   772932   772932          771716          772932          772932 0.909208  1594.01     0.00470002
   0.05       10485    -593.518    -587.103     123.684   771627   772932   772932          771627          772932          772932 0.908453  1594.02     0.00478762
  0.052     10028.8    -593.535    -586.855     123.969   771536   772932   772932          771536          772932          772932 0.90687  1594.04     0.00490294
  0.054     9606.37    -593.552    -586.607     124.289   771425   772932   772932          771425          772932          772932 0.907434  1594.05     0.00505147
  0.056     9214.12     -593.57    -586.358      124.65   771297   772932   772932          771297          772932          772932 0.909142  1594.07     0.00523965
  0.058     8848.93    -593.587    -586.108     125.059   771161   772932   772932          771161          772932          772932 0.910515  1594.09     0.00547504
   0.06     8508.09    -593.605    -585.858     125.525   771029   772932   772932          771029          772932          772932 0.909886   1594.1     0.00576651
  0.062     8189.24    -593.624    -585.606     126.059   770902   772932   772932          770902          772932          772932 0.906975  1594.12     0.00612452
  0.064     7890.33    -593.643    -585.353     126.673   770696   772932   772932          770696          772932          772932 0.911539  1594.14     0.00656143
  0.066     7609.54    -593.662    -585.099     127.383   770526   772932   772932          770526          772932          772932 0.910987  1594.17     0.00709192
  0.068     7345.28    -593.682    -584.844     128.208   770284   772932   772932          770284          772932          772932 0.914428  1594.19     0.00773345
   0.07     7096.12    -593.702    -584.586     129.172   770101   772932   772932          770101          772932          772932 0.911348  1594.22     0.00850706
  0.072     6860.81    -593.722    -584.327     130.304   769905   772932   772932          769905          772932          772932 0.906648  1594.24     0.00943838
  0.074     6638.23    -593.744    -584.065     131.642   769538   772932   772932          769538          772932          772932 0.912066  1594.28      0.0105592
  0.076     6427.37    -593.766      -583.8     133.233   769217   772932   772932          769217          772932          772932 0.91127  1594.31      0.0119098
  0.078     6227.33    -593.788    -583.532     135.141   768847   772932   772932          768847          772932          772932 0.911094  1594.35      0.0135427
   0.08     6037.31    -593.812    -583.259     137.449   768437   772932   772932          768437          772932          772932 0.910426   1594.4      0.0155284
  0.082     5856.57    -593.836    -582.982     140.275   767882   772932   772932          767882          772932          772932 0.912976  1594.45      0.0179641
  0.084     5684.44    -593.861    -582.698     143.781   767179   772932   772932          767179          772932          772932 0.918337  1594.51      0.0209888
  0.086     5520.33    -593.888    -582.406     148.201   766384   772932   772932          766384          772932          772932 0.923035  1594.59      0.0248067
  0.088      5363.7    -593.915    -582.104      153.88   765511   772932   772932          765511          772932          772932 0.927851  1594.67      0.0297273
   0.09     5214.05    -593.945    -581.789     161.342   764632   772928   772932          764632          772928          772932 0.925713  1594.78      0.0362319
  0.092     5070.92    -593.976    -581.457     171.398   763488   772905   772932          763488          772905          772932 0.925462  1594.91      0.0450863
  0.094     4933.91    -594.009    -581.101     185.323   761785   772905   772932          761785          772905          772932 0.929193  1595.07      0.0575312
  0.096     4802.63    -594.045    -580.712     205.163   759375   772523   772932          759375          772523          772932 0.938112  1595.28      0.0756144
  0.098     4676.75    -594.085    -580.274     234.262   757239   772523   772932          757239          772523          772932 0.932315  1595.56       0.102816
    0.1     4555.96    -594.129    -579.765     278.417   752975   772138   772932          752975          772138          772932 0.940647  1595.95       0.145496
  0.102     4439.96     -594.18    -579.143     349.299   746588   772138   772932          746588          772138          772932 0.957835  1596.52       0.217423
  0.104     4328.51     -594.24    -578.331     477.182   740260   765958   772932          740260          765958          772932 0.954919  1597.41       0.357004
  0.106      4221.4    -594.314     -577.14     750.846   730328   765958   772932          730328          765958          772932 0.94626  1598.99       0.683427
  0.108     4118.49    -594.413    -575.121     1323.35   696237   759780   772932          696237          759780          772932 0.98563  1602.24        1.42332
   0.11     4019.72    -594.557    -571.834     1869.93   683947   749784   772932          683947          749784          772932 0.993344  1608.24        2.21075
  0.112     3925.03    -594.761    -568.295      1526.6   680474   700007   762088          680474          700007          762088 0.967153  1615.12        1.86221
  0.114     3834.09    -595.014    -565.886     920.445   677359   699884   735062          677359          699884          735062 0.928215  1619.85        1.10074
  0.116     3746.54    -595.297      -564.4     611.774   674015   697925   720073          674015          697925          720073 0.93913  1622.67       0.694374
  0.118      3662.1    -595.598    -563.317     489.541   671638   688476   713856          671638          688476          713856 0.953864  1624.61        0.52806
   0.12     3580.59    -595.911    -562.397     435.953   669930   685221   710309          669930          685221          710309 0.962005  1626.19       0.452119
  0.122     3501.83    -596.234    -561.558     405.238   668292   685221   706779          668292          685221          706779 0.961619  1627.58       0.406029
  0.124     3425.69    -596.567    -560.771     382.644   666282   684283   704416          666282          684283          704416 0.965841  1628.84       0.370144
  0.126     3352.03    -596.909    -560.025     364.035   664253   677821   701667          664253          677821          701667 0.966586     1630       0.339244
  0.128     3280.74    -597.258    -559.313      348.59   662567   675281   698702          662567          675281          698702 0.963654  1631.06       0.312614
   0.13      3211.7    -597.614    -558.629     336.255   661162   675281   695652          661162          675281          695652 0.958858  1632.04       0.290475
  0.132     3144.79    -597.977    -557.966     326.897   659902   675281   692919          659902          675281          692919 0.954911  1632.96       0.272817
  0.134     3079.94    -598.347    -557.319     320.118   658120   672816   690979          658120          672816          690979 0.958134  1633.83       0.259165
  0.136     3017.03    -598.722    -556.684     315.303   656569   672816   689132          656569          672816          689132 0.959998  1634.66       0.248689
  0.138     2955.99    -599.103    -556.057      311.74   655148   672816   687474          655148          672816          687474 0.961852  1635.46       0.240398
   0.14     2896.73    -599.489    -555.437     308.746   653530   672816   686152          653530          672816          686152 0.965757  1636.23       0.233331
  0.142     2839.18    -599.881    -554.822     305.766   651878   667100   685055          651878          667100          685055 0.970741  1636.99       0.226697
  0.144     2783.27    -600.279    -554.214     302.434   650764   665129   683287          650764          665129          683287 0.969487  1637.72       0.219955
  0.146     2728.92    -600.681    -553.613     298.582   649572   662867   681301          649572          662867          681301 0.968256  1638.43       0.212835
  0.148     2676.07    -601.088     -553.02     294.214   648878   661845   679819          648878          661845          679819 0.965977  1639.11       0.205298
   0.15     2624.66      -601.5    -552.436     289.457   647507   661845   678413          647507          661845          678413 0.968096  1639.77       0.197475
  0.152     2574.64    -601.917    -551.862     284.501   646682   661845   677177          646682          661845          677177 0.967914  1640.41       0.189592
  0.154     2525.94    -602.337    -551.298     279.555   645579   657070   676057          645579          657070          676057 0.969592  1641.02       0.181907
  0.156     2478.52    -602.762    -550.744     274.812   644952   656928   674699          644952          656928          674699 0.966624   1641.6       0.174662
  0.158     2432.33    -603.191    -550.199     270.429   644101   656928   673232          644101          656928          673232 0.964213  1642.16       0.168059
   0.16     2387.31    -603.624    -549.662     266.528   643410   655604   671815          643410          655604          671815 0.960862  1642.71       0.162247
  0.162     2343.43     -604.06    -549.132     263.193   642477   655604   670535          642477          655604          670535 0.959968  1643.23       0.157327
  0.164     2300.64      -604.5    -548.609     260.479   641271   655604   669186          641271          655604          669186 0.960476  1643.74       0.153352
  0.166      2258.9    -604.943     -548.09     258.415   640359   652620   668077          640359          652620          668077 0.960686  1644.24       0.150339
  0.168     2218.17     -605.39    -547.575     257.013   639448   652620   667121          639448          652620          667121 0.961397  1644.73       0.148271
   0.17     2178.43     -605.84    -547.061     256.265   638584   651311   666070          638584          651311          666070 0.960535  1645.22       0.147103
  0.172     2139.62    -606.293    -546.549      256.15   637380   650089   665156          637380          650089          665156 0.962623   1645.7        0.14677
  0.174     2101.73    -606.749    -546.036     256.632   636651   649626   664142          636651          649626          664142 0.960782  1646.18       0.147189
  0.176     2064.71    -607.208    -545.522     257.663   635498   649626   663326          635498          649626          663326 0.962733  1646.67       0.148259
  0.178     2028.55    -607.671    -545.005     259.182   634593   647565   662488          634593          647565          662488 0.962597  1647.16       0.149871
   0.18      1993.2    -608.137    -544.485     261.118   633568   647565   661472          633568          647565          661472 0.962146  1647.66       0.151906
  0.182     1958.65    -608.605    -543.961     263.394   632718   647565   660541          632718          647565          660541 0.960914  1648.16       0.154245
  0.184     1924.87    -609.077    -543.431     265.927   631829   646924   659736          631829          646924          659736 0.960828  1648.68       0.156768
  0.186     1891.83    -609.553    -542.897     268.634   630864   645676   659023          630864          645676          659023 0.96135   1649.2       0.159363
  0.188     1859.51    -610.031    -542.357     271.433   629558   645676   658432          629558          645676          658432 0.964568  1649.73       0.161929
   0.19     1827.89    -610.512    -541.811     274.246   628548   645676   657748          628548          645676          657748 0.965097  1650.27       0.164376
  0.192     1796.94    -610.997     -541.26         277   627173   640603   657180          627173          640603          657180 0.967861  1650.81        0.16663
  0.194     1766.65    -611.485    -540.703     279.629   625996   640603   656317          625996          640603          656317 0.968466  1651.37       0.168631
  0.196     1736.99    -611.977    -540.142     282.075   624907   640603   655609          624907          640603          655609 0.969847  1651.93       0.170333
  0.198     1707.95    -612.471    -539.575     284.283   623862   640603   654587          623862          640603          654587 0.969375  1652.49       0.171702
    0.2     1679.51    -612.969    -539.005     286.209   622867   637516   653743          622867          637516          653743 0.969816  1653.06       0.172715
  0.202     1651.65    -613.471    -538.431     287.814   622105   637516   652988          622105          637516          652988 0.969641  1653.63       0.173361
  0.204     1624.35    -613.975    -537.854     289.072   621393   637516   652293          621393          637516          652293 0.969309  1654.21       0.173637
  0.206     1597.59    -614.483    -537.274      289.97   620347   634707   651514          620347          634707          651514 0.970384  1654.78       0.173555
  0.208     1571.37    -614.994    -536.694     290.509   619496   633944   650667          619496          633944          650667 0.970235  1655.35       0.173139
   0.21     1545.66    -615.509    -536.113     290.713   618954   633944   649907          618954          633944          649907 0.968699  1655.93       0.172429
  0.212     1520.45    -616.027    -535.531     290.625   617932   633944   648855          617932          633944          648855 0.968337   1656.5       0.171482
  0.214     1495.73    -616.548     -534.95     290.311   617163   633944   648294          617163          633944          648294 0.969336  1657.06       0.170372
  0.216     1471.48    -617.072     -534.37     289.857   616353   632071   647607          616353          632071          647607 0.969441  1657.63       0.169186
  0.218     1447.69    -617.599    -533.791     289.364   615669   630023   646465          615669          630023          646465 0.966106  1658.18       0.168026
   0.22     1424.34     -618.13    -533.213     288.946   614866   626081   645757          614866          626081          645757 0.965728  1658.74       0.166999
  0.222     1401.43    -618.663    -532.635      288.72   614154   626081   644465          614154          626081          644465 0.961181  1659.29       0.166214
  0.224     1378.95      -619.2    -532.058     288.798   613378   625170   643555          613378          625170          643555 0.95885  1659.84       0.165774
  0.226     1356.87    -619.739     -531.48     289.281   612335   625170   642350          612335          625170          642350 0.956429  1660.39       0.165769
  0.228      1335.2    -620.282      -530.9     290.251   610948   625170   641618          610948          625170          641618 0.958833  1660.95        0.16627
   0.23     1313.91    -620.827    -530.318     291.763   609815   625170   640876          609815          625170          640876 0.960155   1661.5       0.167323
  0.232     1293.01    -621.376    -529.733     293.838   608820   623916   639934          608820          623916          639934 0.959285  1662.06       0.168943
  0.234     1272.47    -621.927    -529.142     296.465   607820   623916   639103          607820          623916          639103 0.959204  1662.62       0.171108
  0.236      1252.3    -622.482    -528.546      299.59   606333   622906   638200          606333          622906          638200 0.962308   1663.2       0.173763
  0.238     1232.48     -623.04    -527.944     303.124   605411   622906   637663          605411          622906          637663 0.964369  1663.78       0.176818
   0.24        1213      -623.6    -527.334     306.947   604529   622906   636860          604529          622906          636860 0.964634  1664.37       0.180149
  0.242     1193.85    -624.164    -526.716     310.908   603646   622881   636092          603646          622881          636092 0.964818  1664.98       0.183608
  0.244     1175.04    -624.731     -526.09     314.844   602903   620035   635550          602903          620035          635550 0.965269   1665.6       0.187033
  0.246     1156.54    -625.301    -525.457     318.588   601963   619527   634783          601963          619527          634783 0.965273  1666.22       0.190259
  0.248     1138.35    -625.875    -524.816     321.981   600724   619527   634104          600724          619527          634104 0.967162  1666.86       0.193129
   0.25     1120.47    -626.451    -524.169     324.889   599787   617778   633328          599787          617778          633328 0.967231  1667.51        0.19551
  0.252     1102.88    -627.031    -523.517     327.213   598564   617778   632597          598564          617778          632597 0.969046  1668.17       0.197302
  0.254     1085.59    -627.614    -522.861     328.893   597546   617778   631735          597546          617778          631735 0.969572  1668.83       0.198445
  0.256     1068.57    -628.201    -522.202     329.916   596393   610031   631193          596393          610031          631193 0.972274  1669.49       0.198923
  0.258     1051.84     -628.79    -521.541     330.314   595759   610031   630191          595759          610031          630191 0.970408  1670.16       0.198763
   0.26     1035.37    -629.383    -520.881     330.152   595048   610031   629327          595048          610031          629327 0.969419  1670.82       0.198027
  0.262     1019.17     -629.98    -520.221     329.527   594047   609937   628183          594047          609937          628183 0.968844  1671.48       0.196807
  0.264     1003.22    -630.579    -519.563     328.552   593554   606821   627443          593554          606821          627443 0.967719  1672.13       0.195211
  0.266     987.527    -631.182    -518.907     327.345   593142   606821   626751          593142          606821          626751 0.965814  1672.78       0.193355
  0.268      972.08    -631.787    -518.254     326.024   592520   606358   625904          592520          606358          625904 0.963693  1673.43       0.191352
   0.27     956.872    -632.396    -517.603     324.693   591587   606358   625241          591587          606358          625241 0.964285  1674.06       0.189306
  0.272     941.899    -633.008    -516.955      323.44   590841   606358   624176          590841          606358          624176 0.961662   1674.7       0.187305
  0.274     927.156    -633.623    -516.309     322.335   590016   605708   623328          590016          605708          623328 0.960632  1675.32       0.185419
  0.276     912.637    -634.241    -515.665     321.424   588737   605045   622650          588737          605045          622650 0.96368  1675.94       0.183698
  0.278     898.338    -634.861    -515.023     320.737   587724   605045   621806          587724          605045          621806 0.964582  1676.55       0.182176
   0.28     884.253    -635.485    -514.382     320.283   587010   605045   620779          587010          605045          620779 0.962991  1677.16       0.180866
  0.282     870.378    -636.111    -513.742     320.058   586332   604643   620149          586332          604643          620149 0.963134  1677.76        0.17977
  0.284     856.709    -636.741    -513.102     320.046   584930   604643   619351          584930          604643          619351 0.966265  1678.37       0.178877
  0.286      843.24    -637.373    -512.462     320.223   583965   604643   618478          583965          604643          618478 0.967356  1678.97        0.17817
  0.288     829.968    -638.008    -511.821     320.557   583469   598029   617765          583469          598029          617765 0.966686  1679.56       0.177623
   0.29     816.889    -638.645    -511.179     321.018   582716   598029   616447          582716          598029          616447 0.964284  1680.16       0.177213
  0.292     803.999    -639.286    -510.537     321.573   581946   598029   615331          581946          598029          615331 0.963311  1680.75       0.176912
  0.294     791.293    -639.929    -509.893     322.195   581317   598029   614368          581317          598029          614368 0.962297  1681.35       0.176698
  0.296     778.769    -640.575    -509.248     322.862   580581   597791   613524          580581          597791          613524 0.96236  1681.94       0.176553
  0.298     766.421    -641.224    -508.602     323.558   579849   596413   612947          579849          596413          612947 0.96367  1682.54       0.176466
    0.3     754.248    -641.875    -507.954     324.279   579272   594475   612250          579272          594475          612250 0.963117  1683.13       0.176432
  0.302     742.245    -642.529    -507.304     325.034   578563   594475   611584          578563          594475          611584 0.963124  1683.72        0.17646
  0.304     730.408    -643.186    -506.654     325.854   577730   594148   611006          577730          594148          611006 0.963969  1684.32       0.176578
  0.306     718.735    -643.846    -506.001     326.809   576999   594148   610529          576999          594148          610529 0.964635  1684.91       0.176844
  0.308     707.223    -644.508    -505.346     328.083   576029   594148   609950          576029          594148          609950 0.965768  1685.51        0.17741
   0.31     695.868    -645.173    -504.688     330.199   575123   594148   609202          575123          594148          609202 0.965642  1686.11       0.178726
  0.312     684.667    -645.841    -504.024     334.904   574284   589109   608572          574284          589109          608572 0.965726  1686.72       0.182318
  0.314     673.617    -646.511    -503.343     348.441   573504   589109   607756          573504          589109          607756 0.964179  1687.35       0.193785
  0.316     662.717    -647.185     -502.61     394.017   572711   589109   607184          572711          589109          607184 0.963026  1688.06       0.234471
  0.318     651.965    -647.862    -501.692     558.913   572063   588049   606614          572063          588049          606614 0.958319  1689.05       0.386638
   0.32     641.366    -648.545    -500.096     1162.77   571208   588049   605850          571208          588049          605850 0.94399  1691.12       0.959017
  0.322     630.944    -649.242    -496.101     3218.73   570591   588049   605220          570591          588049          605220 0.895936   1697.1         2.9548
  0.324     620.779    -649.981    -485.074     8348.28   453076   584934   604282          453076          584934          604282 0.940742  1714.91        8.03761
  0.326     611.051    -650.822    -462.921     12751.6   435083   584488   603339          435083          584488          603339 0.967848  1752.39        12.5793
  0.328     601.882    -651.808    -440.269     8803.55   425408   456473   599265          425408          456473          599265 0.977305   1792.7        9.10206
   0.33     593.145    -652.899    -428.134      3831.4   422987   454462   588483          422987          454462          588483 0.964078  1816.47        4.52798
  0.332     584.659    -654.038    -422.882     1799.31   420151   454462   488160          420151          454462          488160 0.948034  1828.96          2.681
  0.334     576.338    -655.199    -420.006     1202.79   416839   454462   485859          416839          454462          485859 0.962438   1837.7        2.20719
  0.336     568.157    -656.374     -417.79     1048.66   414450   454462   483933          414450          454462          483933 0.965853  1845.72        2.19032
  0.338     560.105    -657.559    -415.733     1018.82   412494   450542   481296          412494          450542          481296 0.962761  1854.07        2.34696
   0.34      552.18    -658.756     -413.69     1028.45   409922   440674   477683          409922          440674          477683 0.957091  1863.28        2.62715
  0.342     544.378    -659.962    -411.606     1059.29   404434   437357   474426          404434          437357          474426 0.958381  1873.85         3.0611
  0.344       536.7     -661.18    -409.438     1111.93   401942   428880   470965          401942          428880          470965 0.950735  1886.51        3.71381
  0.346     529.143     -662.41    -407.139     1192.22   400354   428880   467905          400354          428880          467905 0.936769  1902.27        4.66455
  0.348     521.709    -663.652    -404.647     1305.51   397249   428109   465742          397249          428109          465742 0.921869  1922.51        5.97934
   0.35     514.399    -664.907    -401.895     1451.38   373861   428109   462424          373861          428109          462424 0.964954   1948.8        7.66277
  0.352     507.216    -666.178    -398.828     1617.54   369472   428109   460173          369472          428109          460173 0.971317  1982.68        9.59409
  0.354     500.161    -667.466     -395.43     1775.79   366131   428109   457923          366131          428109          457923 0.976344     2025        11.4842
  0.356     493.238    -668.773    -391.757     1885.64   363374   421740   455988          363374          421740          455988 0.981013  2075.25        12.9177
  0.358     486.448    -670.099    -387.946     1909.19   361349   379177   452256          361349          379177          452256 0.981439  2131.18        13.5122
   0.36     479.789    -671.445    -384.189     1830.55   360619   376216   445102          360619          376216          445102 0.973561  2189.03        13.1121
  0.362     473.255     -672.81    -380.682     1664.97   360262   376216   439713          360262          376216          439713 0.968679  2244.66        11.8654
  0.364      466.84    -674.192    -377.563     1449.54   359602   376216   433219          359602          376216          433219 0.961135  2294.67        10.1196
  0.366     460.535    -675.589     -374.89      1224.3   359129   376216   429187          359129          376216          429187 0.960622  2337.18        8.24203
  0.368     454.331    -676.998    -372.652     1018.08   358610   376216   421946          358610          376216          421946 0.949478   2371.8        6.49555
   0.37     448.221    -678.416    -370.795     844.926   358233   376216   408258          358233          376216          408258 0.914678  2399.13        5.01132
  0.372     442.198    -679.843    -369.249     707.487   357789   371872   404532          357789          371872          404532 0.92382   2420.3        3.82077
  0.374     436.256    -681.276    -367.944     602.167   357464   371872   392827          357464          371872          392827 0.895855  2436.52        2.90008
  0.376     430.391    -682.714    -366.823     523.067   357093   371872   391587          357093          371872          391587 0.912716   2448.9        2.20383
  0.378       424.6    -684.156    -365.838     464.201   356857   371872   390402          356857          371872          390402 0.92438  2458.38        1.68401
   0.38     418.879    -685.602    -364.956     420.446   356320   371872   389061          356320          371872          389061 0.933251  2465.67        1.29845
  0.382     413.226    -687.051    -364.149     387.763   356102   371872   387857          356102          371872          387857 0.938519  2471.35         1.0132
  0.384      407.64    -688.503    -363.399     363.115   355846   367388   386992          355846          367388          386992 0.94353  2475.81       0.802183
  0.386     402.118    -689.957    -362.693     344.278   355475   367388   386334          355475          367388          386334 0.948552  2479.38       0.645878
  0.388     396.659    -691.414    -362.019     329.648   355208   367388   385659          355208          367388          385659 0.951537  2482.28        0.52988
   0.39     391.262    -692.873    -361.372     318.074   354848   367388   385165          354848          367388          385165 0.954885  2484.69       0.443622
  0.392     385.924    -694.334    -360.746     308.735   354446   367388   384516          354446          367388          384516 0.956805  2486.73       0.379361
  0.394     380.646    -695.797    -360.136     301.044   354182   367388   383972          354182          367388          383972 0.957986  2488.49       0.331421
  0.396     375.426    -697.262    -359.541     294.582   353812   367388   383622          353812          367388          383622 0.960316  2490.04       0.295621
  0.398     370.263    -698.728    -358.957     289.049   353431   367388   382997          353431          367388          382997 0.960724  2491.45       0.268874
    0.4     365.155    -700.197    -358.384      284.23   352932   367388   382415          352932          367388          382415 0.961945  2492.74       0.248888
  0.402     360.103    -701.667     -357.82     279.968   352545   367388   382060          352545          367388          382060 0.96359  2493.94       0.233955
  0.404     355.104    -703.138    -357.264     276.151   352143   363019   381682          352143          363019          381682 0.964963  2495.08       0.222795
  0.406     350.159    -704.611    -356.715     272.699   351800   363019   381154          351800          363019          381154 0.964893  2496.17       0.214448
  0.408     345.265    -706.086    -356.173     269.553   351451   363019   380584          351451          363019          380584 0.964565  2497.22        0.20819
   0.41     340.423    -707.562    -355.637     266.668   351068   363019   379990          351068          363019          379990 0.964265  2498.25       0.203477
  0.412     335.632    -709.039    -355.106     264.014   350802   363019   379511          350802          363019          379511 0.963929  2499.26       0.199896
  0.414      330.89    -710.518     -354.58     261.565   350446   360620   378788          350446          360620          378788 0.962511  2500.25       0.197136
  0.416     326.197    -711.998     -354.06     259.305   350199   360620   378277          350199          360620          378277 0.96187  2501.23       0.194964
  0.418     321.552    -713.479    -353.543     257.218   349889   360620   377878          349889          360620          377878 0.96218   2502.2       0.193203
   0.42     316.955    -714.962    -353.031     255.294   349347   360620   377291          349347          360620          377291 0.962891  2503.16       0.191721
  0.422     312.404    -716.446    -352.522     253.522   348956   360620   376741          348956          360620          376741 0.962992  2504.12       0.190421
  0.424     307.899    -717.932    -352.016     251.893   348714   359731   376364          348714          359731          376364 0.963282  2505.07       0.189232
  0.426     303.439    -719.418    -351.514     250.399   348541   359731   375615          348541          359731          375615 0.960433  2506.02       0.188099
  0.428     299.024    -720.906    -351.015     249.034   348322   359731   375131          348322          359731          375131 0.959811  2506.96       0.186987
   0.43     294.653    -722.395    -350.518     247.789   348163   359731   374773          348163          359731          374773 0.959513  2507.89       0.185868
  0.432     290.325    -723.886    -350.024     246.658   347979   359731   374220          347979          359731          374220 0.957837  2508.82       0.184726
  0.434     286.039    -725.377    -349.531     245.633   347783   359731   373712          347783          359731          373712 0.956584  2509.74       0.183547
  0.436     281.796     -726.87    -349.041     244.706   347491   359647   373286          347491          359647          373286 0.95656  2510.66       0.182327
  0.438     277.594    -728.363    -348.552      243.87   347170   359302   372904          347170          359302          372904 0.957073  2511.57       0.181062
   0.44     273.432    -729.858    -348.065     243.119   346821   359302   372552          346821          359302          372552 0.957917  2512.48       0.179752
  0.442     269.311    -731.354     -347.58     242.444   346582   358702   372311          346582          358702          372311 0.958679  2513.38       0.178398
  0.444      265.23    -732.851    -347.096     241.838   346239   358702   372041          346239          358702          372041 0.959978  2514.27       0.177005
  0.446     261.187    -734.349    -346.612     241.295   345968   358702   371736          345968          358702          371736 0.960324  2515.16       0.175575
  0.448     257.183    -735.849     -346.13     240.807   345634   358702   371300          345634          358702          371300 0.960175  2516.04       0.174115
   0.45     253.217    -737.349    -345.649     240.368   345399   358702   371060          345399          358702          371060 0.960773  2516.91       0.172629
  0.452     249.289    -738.851    -345.169     239.971   345062   358702   370551          345062          358702          370551 0.960118  2517.78       0.171124
  0.454     245.397    -740.353    -344.689     239.611   344949   357963   370308          344949          357963          370308 0.959737  2518.64       0.169606
  0.456     241.542    -741.857     -344.21     239.281   344710   357963   370094          344710          357963          370094 0.960317  2519.49       0.168082
  0.458     237.723    -743.361    -343.732     238.976   344300   357963   369812          344300          357963          369812 0.961546  2520.33       0.166558
   0.46     233.939    -744.867    -343.254     238.692   343803   357963   369276          343803          357963          369276 0.961822  2521.17        0.16504
  0.462     230.191    -746.373    -342.777     238.424   343535   357963   369103          343535          357963          369103 0.963054     2522       0.163536
  0.464     226.476    -747.881    -342.301     238.168   343153   357963   368839          343153          357963          368839 0.964329  2522.82       0.162051
  0.466     222.796     -749.39    -341.825     237.921   342856   356568   368615          342856          356568          368615 0.965242  2523.63       0.160592
  0.468      219.15    -750.899    -341.349      237.68   342439   356568   368466          342439          356568          368466 0.96743  2524.44       0.159166
   0.47     215.536     -752.41    -340.874     237.442   342209   356568   368221          342209          356568          368221 0.967725  2525.24       0.157779
  0.472     211.956    -753.922    -340.399     237.206   341995   356568   367976          341995          356568          367976 0.967834  2526.03       0.156436
  0.474     208.408    -755.435    -339.925     236.969   341713   356568   367799          341713          356568          367799 0.968726  2526.82       0.155143
  0.476     204.891    -756.948    -339.451      236.73   341413   353025   367554          341413          353025          367554 0.969268   2527.6       0.153905
  0.478     201.406    -758.463    -338.978      236.49   341228   353025   367370          341228          353025          367370 0.9694  2528.37       0.152728
   0.48     197.953    -759.979    -338.505     236.246   340932   351102   366846          340932          351102          366846 0.968124  2529.14       0.151614
  0.482     194.529    -761.495    -338.033         236   340655   351102   366389          340655          351102          366389 0.967174  2529.91        0.15057
  0.484     191.137    -763.013    -337.561     235.751   340473   351102   366107          340473          351102          366107 0.966809  2530.67       0.149597
  0.486     187.774    -764.531     -337.09     235.499   340233   348971   365840          340233          348971          365840 0.966859  2531.42         0.1487
  0.488      184.44    -766.051    -336.619     235.246   340044   348971   365486          340044          348971          365486 0.965963  2532.17       0.147881
   0.49     181.136    -767.571    -336.149     234.991   339854   348971   365163          339854          348971          365163 0.965236  2532.92       0.147143
  0.492      177.86    -769.093     -335.68     234.737   339567   348971   364642          339567          348971          364642 0.963831  2533.67       0.146486
  0.494     174.613    -770.615     -335.21     234.483   339337   348971   364423          339337          348971          364423 0.964254  2534.41       0.145912
  0.496     171.394    -772.138    -334.742     234.232   339186   348971   364076          339186          348971          364076 0.963059  2535.14       0.145422
  0.498     168.203    -773.662    -334.273     233.983   339071   348971   363791          339071          348971          363791 0.961987  2535.88       0.145016
    0.5     165.039    -775.187    -333.806     233.739   338891   348971   363570          338891          348971          363570 0.961787  2536.62       0.144693
  0.502     161.902    -776.713    -333.338       233.5   338732   348971   363345          338732          348971          363345 0.961305  2537.35       0.144454
  0.504     158.791     -778.24    -332.872     233.267   338370   348971   363115          338370          348971          363115 0.962307  2538.08       0.144297
  0.506     155.707    -779.768    -332.405     233.042   338152   348971   362832          338152          348971          362832 0.961833  2538.81        0.14422
  0.508      152.65    -781.297    -331.939     232.825   337909   348971   362428          337909          348971          362428 0.960662  2539.55       0.144221
   0.51     149.617    -782.826    -331.474     232.617   337621   348971   362164          337621          348971          362164 0.961007  2540.28       0.144299
  0.512     146.611    -784.357    -331.009     232.418   337406   348971   362023          337406          348971          362023 0.961722  2541.01       0.144451
  0.514     143.629    -785.888    -330.544     232.231   337280   348971   361779          337280          348971          361779 0.960823  2541.75       0.144674
  0.516     140.672     -787.42     -330.08     232.054   337146   348971   361555          337146          348971          361555 0.960044  2542.48       0.144964
  0.518      137.74    -788.953    -329.616     231.888   336934   348971   361416          336934          348971          361416 0.960441  2543.22        0.14532
   0.52     134.832    -790.487    -329.153     231.733   336516   348971   361105          336516          348971          361105 0.961133  2543.96       0.145737
  0.522     131.947    -792.022    -328.689      231.59   336109   348971   360936          336109          348971          360936 0.96298  2544.71       0.146212
  0.524     129.087    -793.558    -328.226     231.459   335934   348971   360774          335934          348971          360774 0.963084  2545.45        0.14674
  0.526      126.25    -795.094    -327.763     231.339   335738   348971   360647          335738          348971          360647 0.963543   2546.2       0.147319
  0.528     123.436    -796.632    -327.301      231.23   335558   348971   360430          335558          348971          360430 0.963097  2546.95       0.147945
   0.53     120.644     -798.17    -326.838     231.132   335347   348971   360143          335347          348971          360143 0.962329  2547.71       0.148612
  0.532     117.876    -799.709    -326.376     231.044   334840   348971   359980          334840          348971          359980 0.964778  2548.47       0.149319
  0.534     115.129    -801.249    -325.914     230.965   334584   348971   359858          334584          348971          359858 0.965677  2549.23        0.15006
  0.536     112.405    -802.789    -325.452     230.896   334309   348971   359742          334309          348971          359742 0.966715     2550       0.150831
  0.538     109.703    -804.331    -324.991     230.834   333997   348971   359483          333997          348971          359483 0.966976  2550.77        0.15163
   0.54     107.022    -805.873    -324.529     230.781   333711   346330   359348          333711          346330          359348 0.968001  2551.54       0.152451
  0.542     104.362    -807.416    -324.068     230.733   333395   345502   359078          333395          345502          359078 0.968262  2552.32       0.153292
  0.544     101.723     -808.96    -323.606     230.691   333191   345502   358839          333191          345502          358839 0.968039  2553.11       0.154148
  0.546     99.1055    -810.505    -323.145     230.654   332905   345502   358616          332905          345502          358616 0.968485   2553.9       0.155016
  0.548     96.5083    -812.051    -322.683     230.621   332723   345147   358374          332723          345147          358374 0.968142  2554.69       0.155893
   0.55     93.9314    -813.597    -322.222      230.59   332426   344013   358062          332426          344013          358062 0.968135  2555.49       0.156775
  0.552     91.3747    -815.144    -321.761     230.561   332244   344013   357873          332244          344013          357873 0.968186  2556.29       0.157659
  0.554     88.8379    -816.693      -321.3     230.532   332023   344013   357483          332023          344013          357483 0.967193   2557.1       0.158541
  0.556     86.3207    -818.241    -320.839     230.503   331768   344013   357215          331768          344013          357215 0.967345  2557.92        0.15942
  0.558     83.8231    -819.791    -320.378     230.472   331615   342535   356884          331615          342535          356884 0.966342  2558.73       0.160291
   0.56     81.3446    -821.341    -319.917     230.439   331486   342535   356688          331486          342535          356688 0.966113  2559.56       0.161153
  0.562     78.8853    -822.893    -319.456     230.402   331322   342535   356393          331322          342535          356393 0.965383  2560.38       0.162003
  0.564     76.4447    -824.445    -318.995     230.361   331007   342535   355966          331007          342535          355966 0.964837  2561.22       0.162838
  0.566     74.0228    -825.997    -318.535     230.314   330735   342535   355664          330735          342535          355664 0.965029  2562.05       0.163657
  0.568     71.6193    -827.551    -318.074     230.262   330556   342535   355509          330556          342535          355509 0.965648  2562.89       0.164456
   0.57     69.2341    -829.105    -317.614     230.203   330339   342535   355267          330339          342535          355267 0.96586  2563.74       0.165236
  0.572     66.8669     -830.66    -317.153     230.136   330182   342535   354978          330182          342535          354978 0.965323  2564.59       0.165992
  0.574     64.5175    -832.216    -316.693      230.06   330026   342535   354793          330026          342535          354793 0.965524  2565.44       0.166726
  0.576     62.1858    -833.773    -316.233     229.976   329716   342535   354639          329716          342535          354639 0.967034   2566.3       0.167434
  0.578     59.8715     -835.33    -315.773     229.883   329619   342535   354480          329619          342535          354480 0.966959  2567.16       0.168115
   0.58     57.5745    -836.888    -315.314     229.779   329461   342535   354175          329461          342535          354175 0.966244  2568.02        0.16877
  0.582     55.2946    -838.447    -314.854     229.666   329353   342535   354023          329353          342535          354023 0.966235  2568.89       0.169396
  0.584     53.0316    -840.007    -314.395     229.542   329246   342535   353798          329246          342535          353798 0.965651  2569.76       0.169993
  0.586     50.7853    -841.567    -313.936     229.407   328979   342535   353659          328979          342535          353659 0.966768  2570.64       0.170561
  0.588     48.5556    -843.128    -313.477     229.261   328804   339357   353394          328804          339357          353394 0.966352  2571.52       0.171099
   0.59     46.3422     -844.69    -313.019     229.104   328684   339357   353195          328684          339357          353195 0.965987   2572.4       0.171607
  0.592      44.145    -846.253    -312.561     228.936   328571   339357   353046          328571          339357          353046 0.965846  2573.28       0.172085
  0.594     41.9639    -847.816    -312.103     228.758   328312   339357   352819          328312          339357          352819 0.966152  2574.17       0.172534
  0.596     39.7987     -849.38    -311.646     228.568   328018   339357   352562          328018          339357          352562 0.966566  2575.06       0.172952
  0.598     37.6491    -850.945    -311.189     228.368   327822   339357   352364          327822          339357          352364 0.966766  2575.95       0.173342
    0.6     35.5151    -852.511    -310.733     228.158   327645   339357   352225          327645          339357          352225 0.967221  2576.85       0.173703
  0.602     33.3965    -854.077    -310.276     227.938   327511   339357   351985          327511          339357          351985 0.966617  2577.74       0.174035
  0.604     31.2931    -855.644    -309.821     227.709   327202   339357   351811          327202          339357          351811 0.967756  2578.64        0.17434
  0.606     29.2047    -857.212    -309.366      227.47   327106   339357   351619          327106          339357          351619 0.967238  2579.54       0.174619
  0.608     27.1313     -858.78    -308.911     227.223   326942   339357   351469          326942          339357          351469 0.967472  2580.44       0.174872
   0.61     25.0726    -860.349    -308.457     226.967   326805   337693   351290          326805          337693          351290 0.967269  2581.35       0.175101
  0.612     23.0285    -861.919    -308.003     226.705   326684   337693   351151          326684          337693          351151 0.967176  2582.25       0.175306
  0.614     20.9989     -863.49     -307.55     226.435   326551   337693   350878          326551          337693          350878 0.9662  2583.16       0.175489
  0.616     18.9835    -865.061    -307.097      226.16   326381   337693   350707          326381          337693          350707 0.966214  2584.06       0.175651
  0.618     16.9824    -866.633    -306.645     225.879   326271   337693   350561          326271          337693          350561 0.965933  2584.97       0.175794
   0.62     14.9952    -868.206    -306.194     225.593   325986   337693   350361          325986          337693          350361 0.966477  2585.88       0.175918
  0.622     13.0219    -869.779    -305.743     225.304   325817   337693   350162          325817          337693          350162 0.966237  2586.79       0.176025
  0.624     11.0624    -871.353    -305.293     225.011   325468   337693   349968          325468          337693          349968 0.967375   2587.7       0.176117
  0.626     9.11643    -872.927    -304.843     224.716   325366   337693   349834          325366          337693          349834 0.967171  2588.61       0.176195
  0.628     7.18394    -874.503    -304.394     224.419   325084   336218   349709          325084          336218          349709 0.968283  2589.53        0.17626
   0.63     5.26477    -876.079    -303.945     224.122   324858   336218   349520          324858          336218          349520 0.968597  2590.44       0.176314
  0.632      3.3588    -877.655    -303.497     223.824   324716   336218   349387          324716          336218          349387 0.968695  2591.35       0.176358
  0.634     1.46589    -879.233     -303.05     223.526   324633   336218   349226          324633          336218          349226 0.968118  2592.27       0.176394
  0.636   -0.414092    -880.811    -302.603     223.231   324288   336218   349078          324288          336218          349078 0.969514  2593.18       0.176423
  0.638    -2.28127    -882.389    -302.157     222.937   324131   336218   348973          324131          336218          348973 0.969907   2594.1       0.176447
   0.64    -4.13577    -883.968    -301.711     222.646   323811   336218   348743          323811          336218          348743 0.970652  2595.01       0.176466
  0.642    -5.97771    -885.548    -301.266     222.358   323631   336218   348434          323631          336218          348434 0.969881  2595.93       0.176482
  0.644    -7.80722    -887.129    -300.822     222.074   323552   333838   348141          323552          333838          348141 0.968538  2596.85       0.176497
  0.646    -9.62442     -888.71    -300.378     221.796   323469   333838   347787          323469          333838          347787 0.966827  2597.76       0.176512
  0.648    -11.4294    -890.292    -299.935     221.522   323277   333838   347546          323277          333838          347546 0.966712  2598.68       0.176527
   0.65    -13.2224    -891.874    -299.492     221.255   323164   333838   347413          323164          333838          347413 0.966802   2599.6       0.176545
  0.652    -15.0034    -893.457     -299.05     220.994   322953   333838   347194          322953          333838          347194 0.966986  2600.52       0.176565
  0.654    -16.7725    -895.041    -298.608      220.74   322818   333407   346998          322818          333407          346998 0.966799  2601.44        0.17659
  0.656    -18.5299    -896.625    -298.167     220.494   322647   333407   346827          322647          333407          346827 0.967041  2602.35       0.176619
  0.658    -20.2757     -898.21    -297.726     220.255   322533   333300   346588          322533          333300          346588 0.966364  2603.27       0.176654
   0.66      -22.01    -899.795    -297.286     220.025   322466   332883   346463          322466          332883          346463 0.966136  2604.19       0.176697
  0.662    -23.7329    -901.381    -296.846     219.804   322340   332111   346253          322340          332111          346253 0.96565  2605.11       0.176746
  0.664    -25.4446    -902.968    -296.406     219.592   322179   332111   346022          322179          332111          346022 0.965292  2606.04       0.176804
  0.666     -27.145    -904.555    -295.968     219.389   322007   332111   345790          322007          332111          345790 0.96503  2606.96       0.176871
  0.668    -28.8344    -906.143    -295.529     219.196   321839   332111   345640          321839          332111          345640 0.965356  2607.88       0.176948
   0.67    -30.5127    -907.732    -295.091     219.013   321737   332111   345475          321737          332111          345475 0.965028   2608.8       0.177034
  0.672    -32.1803    -909.321    -294.653      218.84   321600   332111   345238          321600          332111          345238 0.96444  2609.73       0.177132
  0.674     -33.837    -910.911    -294.215     218.677   321525   332111   344888          321525          332111          344888 0.962458  2610.65        0.17724
  0.676    -35.4831    -912.501    -293.778     218.525   321442   331834   344651          321442          331834          344651 0.96144  2611.58        0.17736
  0.678    -37.1186    -914.092    -293.341     218.384   321309   331834   344498          321309          331834          344498 0.961439  2612.51       0.177492
   0.68    -38.7436    -915.683    -292.905     218.253   321156   331834   344382          321156          331834          344382 0.961834  2613.43       0.177636
  0.682    -40.3583    -917.275    -292.468     218.134   321033   331834   344213          321033          331834          344213 0.961554  2614.36       0.177793
  0.684    -41.9627    -918.868    -292.032     218.025   320921   331834   344133          320921          331834          344133 0.96181  2615.29       0.177963
  0.686    -43.5568    -920.461    -291.596     217.927   320714   330604   344020          320714          330604          344020 0.962532  2616.22       0.178145
  0.688    -45.1409    -922.054     -291.16      217.84   320512   330604   343804          320512          330604          343804 0.962397  2617.16       0.178341
   0.69     -46.715    -923.649    -290.725     217.764   320397   330604   343641          320397          330604          343641 0.961999  2618.09        0.17855
  0.692    -48.2792    -925.244    -290.289     217.699   320225   330604   343379          320225          330604          343379 0.961305  2619.03       0.178772
  0.694    -49.8335    -926.839    -289.854     217.645   320065   330604   343261          320065          330604          343261 0.961635  2619.96       0.179008
  0.696    -51.3781    -928.435    -289.419     217.602   319907   330604   343026          319907          330604          343026 0.960999   2620.9       0.179257
  0.698     -52.913    -930.031    -288.984      217.57   319780   330604   342887          319780          330604          342887 0.960867  2621.84        0.17952
    0.7    -54.4384    -931.629    -288.548     217.548   319578   330604   342734          319578          330604          342734 0.961218  2622.79       0.179797
  0.702    -55.9543    -933.226    -288.113     217.536   319485   330604   342616          319485          330604          342616 0.960947  2623.73       0.180087
  0.704    -57.4607    -934.824    -287.678     217.535   319388   330604   342542          319388          330604          342542 0.96099  2624.68       0.180392
  0.706    -58.9579    -936.423    -287.243     217.545   319012   330604   342307          319012          330604          342307 0.961933  2625.62       0.180709
  0.708    -60.4458    -938.022    -286.808     217.564   318831   330604   342091          318831          330604          342091 0.961611  2626.57       0.181041
   0.71    -61.9246    -939.622    -286.373     217.594   318679   329723   341898          318679          329723          341898 0.961262  2627.53       0.181385
  0.712    -63.3942    -941.223    -285.938     217.633   318426   329723   341746          318426          329723          341746 0.962024  2628.48       0.181744
  0.714    -64.8549    -942.824    -285.502     217.683   318239   329723   341574          318239          329723          341574 0.962144  2629.44       0.182116
  0.716    -66.3067    -944.425    -285.067     217.741   317951   329723   341421          317951          329723          341421 0.963226   2630.4       0.182501
  0.718    -67.7496    -946.027    -284.631     217.809   317882   329723   341220          317882          329723          341220 0.962242  2631.36       0.182899
   0.72    -69.1837     -947.63    -284.196     217.887   317784   329723   341077          317784          329723          341077 0.961902  2632.32       0.183311
  0.722    -70.6091    -949.233     -283.76     217.973   317636   329723   340958          317636          329723          340958 0.962112  2633.29       0.183735
  0.724    -72.0259    -950.837    -283.324     218.068   317461   329723   340806          317461          329723          340806 0.96223  2634.26       0.184173
  0.726    -73.4342    -952.441    -282.888     218.172   317355   329723   340715          317355          329723          340715 0.962282  2635.23       0.184623
  0.728    -74.8339    -954.046    -282.451     218.284   317119   329723   340613          317119          329723          340613 0.963214   2636.2       0.185086
   0.73    -76.2253    -955.651    -282.014     218.404   316925   329723   340394          316925          329723          340394 0.962952  2637.18       0.185562
  0.732    -77.6083    -957.257    -281.578     218.533   316755   329723   340302          316755          329723          340302 0.963478  2638.16       0.186049
  0.734    -78.9831    -958.863     -281.14     218.669   316614   329723   340154          316614          329723          340154 0.963336  2639.14        0.18655
  0.736    -80.3496     -960.47    -280.703     218.813   316462   329723   340087          316462          329723          340087 0.963835  2640.13       0.187062
  0.738    -81.7081    -962.078    -280.265     218.964   316267   327882   339882          316267          327882          339882 0.963629  2641.12       0.187586
   0.74    -83.0584    -963.686    -279.827     219.123   316107   327882   339756          316107          327882          339756 0.963752  2642.11       0.188121
  0.742    -84.4007    -965.294    -279.389     219.288   316015   327882   339643          316015          327882          339643 0.96343  2643.11       0.188669
  0.744    -85.7352    -966.903     -278.95      219.46   315621   327212   339529          315621          327212          339529 0.965319  2644.11       0.189227
  0.746    -87.0617    -968.513    -278.511     219.639   315511   327212   339429          315511          327212          339429 0.965249  2645.11       0.189796
  0.748    -88.3804    -970.123    -278.071     219.824   315364   327212   339206          315364          327212          339206 0.964533  2646.11       0.190376
   0.75    -89.6914    -971.734    -277.631     220.015   314950   327212   338966          314950          327212          338966 0.965754  2647.12       0.190967
  0.752    -90.9947    -973.345    -277.191     220.212   314758   327212   338822          314758          327212          338822 0.966105  2648.14       0.191568
  0.754    -92.2904    -974.957    -276.751     220.415   314691   327212   338627          314691          327212          338627 0.965171  2649.15       0.192178
  0.756    -93.5785    -976.569     -276.31     220.623   314504   327212   338507          314504          327212          338507 0.965642  2650.17       0.192798
  0.758    -94.8591    -978.182    -275.868     220.836   314323   327212   338447          314323          327212          338447 0.966501   2651.2       0.193427
   0.76    -96.1323    -979.795    -275.426     221.053   314281   323947   338332          314281          323947          338332 0.965901  2652.22       0.194065
  0.762    -97.3981    -981.409    -274.984     221.276   314150   323947   338157          314150          323947          338157 0.965475  2653.25       0.194712
  0.764    -98.6566    -983.023    -274.541     221.503   313991   323947   337974          313991          323947          337974 0.965201  2654.29       0.195366
  0.766    -99.9078    -984.638    -274.098     221.734   313701   323947   337815          313701          323947          337815 0.966101  2655.33       0.196028
  0.768    -101.152    -986.254    -273.654     221.968   313619   323947   337729          313619          323947          337729 0.966012  2656.37       0.196697
   0.77    -102.389     -987.87     -273.21     222.207   313495   323947   337544          313495          323947          337544 0.965477  2657.42       0.197373
  0.772    -103.618    -989.486    -272.765     222.448   313455   323947   337253          313455          323947          337253 0.963482  2658.47       0.198054
  0.774    -104.841    -991.103     -272.32     222.693   313314   323947   337007          313314          323947          337007 0.962621  2659.52       0.198742
  0.776    -106.057    -992.721    -271.875      222.94   313159   323947   336838          313159          323947          336838 0.962456  2660.58       0.199434
  0.778    -107.266    -994.339    -271.428      223.19   313053   323947   336745          313053          323947          336745 0.96248  2661.65       0.200131
   0.78    -108.468    -995.958    -270.982     223.442   312957   323947   336635          312957          323947          336635 0.962255  2662.71       0.200832
  0.782    -109.663    -997.577    -270.535     223.696   312811   323947   336525          312811          323947          336525 0.962367  2663.79       0.201537
  0.784    -110.851    -999.197    -270.087     223.951   312680   323947   336379          312680          323947          336379 0.962079  2664.86       0.202244
  0.786    -112.033    -1000.82    -269.639     224.207   312509   323947   336295          312509          323947          336295 0.96257  2665.94       0.202953
  0.788    -113.207    -1002.44     -269.19     224.465   312349   323947   336221          312349          323947          336221 0.963013  2667.03       0.203663
   0.79    -114.376    -1004.06    -268.741     224.723   312004   323947   336063          312004          323947          336063 0.964276  2668.11       0.204375
  0.792    -115.538    -1005.68    -268.291     224.981   311879   323947   335883          311879          323947          335883 0.963705  2669.21       0.205086
  0.794    -116.693     -1007.3    -267.841      225.24   311748   323947   335704          311748          323947          335704 0.963201   2670.3       0.205797
  0.796    -117.841    -1008.93     -267.39     225.498   311642   323654   335447          311642          323654          335447 0.961902  2671.41       0.206507
  0.798    -118.984    -1010.55    -266.939     225.756   311310   323654   335303          311310          323654          335303 0.963269  2672.51       0.207214
    0.8     -120.12    -1012.17    -266.487     226.013   311231   323654   335203          311231          323654          335203 0.963044  2673.62       0.207919
  0.802    -121.249     -1013.8    -266.035     226.269   310980   323654   335133          310980          323654          335133 0.964357  2674.73        0.20862
  0.804    -122.373    -1015.42    -265.582     226.524   310873   323654   335052          310873          323654          335052 0.964456  2675.85       0.209318
  0.806     -123.49    -1017.05    -265.129     226.776   310772   323654   334942          310772          323654          334942 0.964258  2676.97        0.21001
  0.808    -124.601    -1018.67    -264.675     227.027   310651   323654   334848          310651          323654          334848 0.964289   2678.1       0.210696
   0.81    -125.706     -1020.3    -264.221     227.275   310463   323654   334706          310463          323654          334706 0.964458  2679.23       0.211377
  0.812    -126.804    -1021.93    -263.766     227.521   310370   323654   334609          310370          323654          334609 0.964245  2680.37        0.21205
  0.814    -127.897    -1023.56    -263.311     227.764   310064   323654   334486          310064          323654          334486 0.965441  2681.51       0.212715
  0.816    -128.983    -1025.18    -262.855     228.004   309966   323654   334367          309966          323654          334367 0.965123  2682.65       0.213371
  0.818    -130.064    -1026.81    -262.399     228.241   309912   322986   334241          309912          322986          334241 0.964389   2683.8       0.214019
   0.82    -131.139    -1028.44    -261.942     228.474   309477   322986   334099          309477          322986          334099 0.966312  2684.95       0.214656
  0.822    -132.208    -1030.07    -261.485     228.703   309289   322679   334020          309289          322679          334020 0.966998   2686.1       0.215282
  0.824    -133.271     -1031.7    -261.027     228.927   309203   322679   333927          309203          322679          333927 0.966813  2687.26       0.215898
  0.826    -134.328    -1033.33    -260.569     229.148   309064   322679   333848          309064          322679          333848 0.967082  2688.42       0.216501
  0.828     -135.38    -1034.96    -260.111     229.364   308963   322679   333646          308963          322679          333646 0.966181  2689.59       0.217091
   0.83    -136.425     -1036.6    -259.652     229.575   308570   322679   333570          308570          322679          333570 0.968256  2690.76       0.217669
  0.832    -137.466    -1038.23    -259.192     229.781   308517   322679   333490          308517          322679          333490 0.967943  2691.93       0.218232
  0.834      -138.5    -1039.86    -258.733     229.982   308347   322679   333417          308347          322679          333417 0.968448  2693.11       0.218781
  0.836    -139.529    -1041.49    -258.272     230.177   308263   321886   333306          308263          321886          333306 0.968086  2694.29       0.219315
  0.838    -140.552    -1043.13    -257.812     230.367   308132   321886   333166          308132          321886          333166 0.967823  2695.47       0.219833
   0.84     -141.57    -1044.76    -257.351     230.551   307880   321886   333050          307880          321886          333050 0.968551  2696.66       0.220335
  0.842    -142.583     -1046.4     -256.89     230.729   307516   321886   332970          307516          321886          332970 0.970305  2697.85       0.220821
  0.844     -143.59    -1048.03    -256.428     230.901   307365   321886   332845          307365          321886          332845 0.97038  2699.04       0.221289
  0.846    -144.591    -1049.67    -255.966     231.067   307249   318008   332687          307249          318008          332687 0.969995  2700.24       0.221741
  0.848    -145.588    -1051.31    -255.504     231.227   307159   318008   332549          307159          318008          332549 0.969555  2701.43       0.222174
   0.85    -146.579    -1052.94    -255.041      231.38   307035   318008   332444          307035          318008          332444 0.96956  2702.64       0.222589
  0.852    -147.564    -1054.58    -254.578     231.527   306858   317962   332272          306858          317962          332272 0.969474  2703.84       0.222986
  0.854    -148.545    -1056.22    -254.115     231.667   306616   317962   332150          306616          317962          332150 0.970212  2705.05       0.223364
  0.856     -149.52    -1057.86    -253.652       231.8   306572   317962   331972          306572          317962          331972 0.969203  2706.26       0.223723
  0.858     -150.49     -1059.5    -253.188     231.927   306427   317962   331858          306427          317962          331858 0.969324  2707.47       0.224062
   0.86    -151.455    -1061.14    -252.724     232.046   306189   317962   331706          306189          317962          331706 0.969862  2708.68       0.224383
  0.862    -152.415    -1062.78     -252.26     232.159   306109   317962   331528          306109          317962          331528 0.969145   2709.9       0.224683
  0.864     -153.37    -1064.42    -251.795     232.266   305964   317962   331372          305964          317962          331372 0.969042  2711.12       0.224964
  0.866     -154.32    -1066.06    -251.331     232.365   305879   317962   331230          305879          317962          331230 0.968609  2712.34       0.225225
  0.868    -155.265     -1067.7    -250.866     232.457   305778   317962   331122          305778          317962          331122 0.968502  2713.56       0.225466
   0.87    -156.205    -1069.34    -250.401     232.543   305541   317962   331030          305541          317962          331030 0.969473  2714.79       0.225687
  0.872     -157.14    -1070.99    -249.936     232.621   305346   317962   330908          305346          317962          330908 0.969961  2716.01       0.225889
  0.874     -158.07    -1072.63     -249.47     232.693   305277   317962   330808          305277          317962          330808 0.96972  2717.24        0.22607
  0.876    -158.996    -1074.27    -249.005     232.758   305156   317962   330697          305156          317962          330697 0.969744  2718.47       0.226232
  0.878    -159.916    -1075.92    -248.539     232.816   305074   317962   330571          305074          317962          330571 0.969367   2719.7       0.226374
   0.88    -160.832    -1077.56    -248.074     232.868   304923   317962   330401          304923          317962          330401 0.969178  2720.93       0.226497
  0.882    -161.743    -1079.21    -247.608     232.913   304775   317962   330271          304775          317962          330271 0.969253  2722.17         0.2266
  0.884    -162.649    -1080.86    -247.142     232.951   304721   317962   330161          304721          317962          330161 0.968815   2723.4       0.226685
  0.886    -163.551     -1082.5    -246.676     232.983   304434   317962   330053          304434          317962          330053 0.970014  2724.64        0.22675
  0.888    -164.448    -1084.15     -246.21     233.008   304347   317962   329878          304347          317962          329878 0.969399  2725.87       0.226797
   0.89     -165.34     -1085.8    -245.744     233.028   304241   314953   329791          304241          314953          329791 0.969495  2727.11       0.226825
  0.892    -166.228    -1087.44    -245.278     233.041   304155   314953   329540          304155          314953          329540 0.968312  2728.35       0.226836
  0.894    -167.112    -1089.09    -244.812     233.048   304101   314953   329269          304101          314953          329269 0.966786  2729.58       0.226828
  0.896    -167.991    -1090.74    -244.346     233.049   303984   314953   329111          303984          314953          329111 0.966501  2730.82       0.226804
  0.898    -168.865    -1092.39     -243.88     233.044   303888   314771   328943          303888          314771          328943 0.965984  2732.06       0.226763
    0.9    -169.735    -1094.04    -243.414     233.034   303706   314771   328836          303706          314771          328836 0.966494   2733.3       0.226705
  0.902      -170.6    -1095.69    -242.947     233.018   303575   314771   328584          303575          314771          328584 0.965645  2734.54       0.226631
  0.904    -171.461    -1097.34    -242.481     232.997   303459   314771   328432          303459          314771          328432 0.965418  2735.78       0.226541
  0.906    -172.318    -1098.99    -242.015     232.971   303387   314771   328352          303387          314771          328352 0.965364  2737.02       0.226437
  0.908    -173.171    -1100.65     -241.55      232.94   303216   314771   328225          303216          314771          328225 0.965671  2738.26       0.226318
   0.91    -174.019     -1102.3    -241.084     232.904   303107   314771   328139          303107          314771          328139 0.965818   2739.5       0.226184
  0.912    -174.863    -1103.95    -240.618     232.863   302926   314771   328038          302926          314771          328038 0.966354  2740.74       0.226038
  0.914    -175.702    -1105.61    -240.152     232.818   302787   314771   327945          302787          314771          327945 0.966651  2741.98       0.225878
  0.916    -176.538    -1107.26    -239.687     232.768   302678   314771   327792          302678          314771          327792 0.966289  2743.22       0.225706
  0.918    -177.369    -1108.91    -239.221     232.715   302489   314771   327656          302489          314771          327656 0.96665  2744.45       0.225522
   0.92    -178.196    -1110.57    -238.756     232.657   302381   314771   327458          302381          314771          327458 0.966003  2745.69       0.225326
  0.922    -179.019    -1112.22    -238.291     232.596   302226   314771   327361          302226          314771          327361 0.966421  2746.93        0.22512
  0.924    -179.838    -1113.88    -237.825     232.531   302082   313716   327277          302082          313716          327277 0.966827  2748.16       0.224904
  0.926    -180.653    -1115.54     -237.36     232.463   301840   313716   327110          301840          313716          327110 0.967349   2749.4       0.224678
  0.928    -181.463    -1117.19    -236.896     232.391   301694   313716   326972          301694          313716          326972 0.967454  2750.64       0.224444
   0.93     -182.27    -1118.85    -236.431     232.317   301586   313716   326717          301586          313716          326717 0.96647  2751.87       0.224201
  0.932    -183.073    -1120.51    -235.966      232.24   301484   313716   326566          301484          313716          326566 0.966197   2753.1       0.223951
  0.934    -183.872    -1122.17    -235.502     232.161   301410   313716   326430          301410          313716          326430 0.96582  2754.34       0.223694
  0.936    -184.667    -1123.83    -235.038     232.079   301320   313716   326204          301320          313716          326204 0.964907  2755.57        0.22343
  0.938    -185.458    -1125.49    -234.574     231.995   301195   313716   326140          301195          313716          326140 0.9654   2756.8       0.223161
   0.94    -186.245    -1127.15     -234.11     231.909   301067   313716   326074          301067          313716          326074 0.965869  2758.03       0.222887
  0.942    -187.028    -1128.81    -233.646     231.822   301005   313716   325919          301005          313716          325919 0.965222  2759.26       0.222608
  0.944    -187.808    -1130.47    -233.182     231.733   300811   313716   325821          300811          313716          325821 0.965912  2760.49       0.222325
  0.946    -188.583    -1132.13    -232.719     231.643   300619   313716   325741          300619          313716          325741 0.966716  2761.71        0.22204
  0.948    -189.355    -1133.79    -232.256     231.552   300515   313716   325667          300515          313716          325667 0.966939  2762.94       0.221752
   0.95    -190.123    -1135.45    -231.793      231.46   300347   313716   325565          300347          313716          325565 0.96742  2764.16       0.221462
  0.952    -190.888    -1137.11     -231.33     231.368   300266   313716   325487          300266          313716          325487 0.967428  2765.39       0.221171
  0.954    -191.649    -1138.78    -230.867     231.275   300089   313716   325296          300089          313716          325296 0.967306  2766.61        0.22088
  0.956    -192.406    -1140.44    -230.405     231.183   300013   311315   325203          300013          311315          325203 0.967178  2767.83       0.220589
  0.958    -193.159    -1142.11    -229.943      231.09   299709   311315   325103          299709          311315          325103 0.968608  2769.05       0.220298
   0.96    -193.909    -1143.77    -229.481     230.997   299660   311315   325002          299660          311315          325002 0.968261  2770.27       0.220009
  0.962    -194.655    -1145.44    -229.019     230.905   299614   311315   324906          299614          311315          324906 0.967884  2771.49       0.219721
  0.964    -195.398     -1147.1    -228.557     230.814   299499   311008   324758          299499          311008          324758 0.967615  2772.71       0.219437
  0.966    -196.137    -1148.77    -228.095     230.724   299395   311008   324542          299395          311008          324542 0.966816  2773.92       0.219155
  0.968    -196.872    -1150.43    -227.634     230.635   299301   311008   324426          299301          311008          324426 0.966633  2775.14       0.218877
   0.97    -197.605     -1152.1    -227.173     230.547   299092   311008   324352          299092          311008          324352 0.967536  2776.35       0.218604
  0.972    -198.333    -1153.77    -226.712     230.461   298902   311008   324259          298902          311008          324259 0.968182  2777.57       0.218335
  0.974    -199.058    -1155.43    -226.251     230.376   298762   311008   324144          298762          311008          324144 0.968327  2778.78       0.218072
  0.976     -199.78     -1157.1     -225.79     230.294   298614   311008   324037          298614          311008          324037 0.968605  2779.99       0.217815
  0.978    -200.498    -1158.77     -225.33     230.213   298425   311008   323975          298425          311008          323975 0.969494   2781.2       0.217564
   0.98    -201.213    -1160.44    -224.869     230.135   298323   311008   323834          298323          311008          323834 0.969215  2782.41       0.217321
  0.982    -201.925    -1162.11    -224.409      230.06   298251   309364   323710          298251          309364          323710 0.968837  2783.62       0.217085
  0.984    -202.633    -1163.78    -223.949     229.987   298127   309364   323589          298127          309364          323589 0.968842  2784.83       0.216857
  0.986    -203.337    -1165.45    -223.489     229.918   298018   309364   323331          298018          309364          323331 0.967826  2786.04       0.216638
  0.988    -204.039    -1167.12     -223.03     229.851   297871   309364   323229          297871          309364          323229 0.968151  2787.24       0.216428
   0.99    -204.737    -1168.79     -222.57     229.788   297728   309364   323083          297728          309364          323083 0.968159  2788.45       0.216228
  0.992    -205.432    -1170.46     -222.11     229.728   297580   309364   323012          297580          309364          323012 0.968725  2789.65       0.216038
  0.994    -206.124    -1172.14    -221.651     229.672   297506   309364   322861          297506          309364          322861 0.968209  2790.86       0.215858
  0.996    -206.812    -1173.81    -221.192      229.62   297434   309364   322710          297434          309364          322710 0.967677  2792.06        0.21569
  0.998    -207.498    -1175.48    -220.733     229.572   297393   308586   322537          297393          308586          322537 0.966754  2793.27       0.215532
      1     -208.18    -1177.16    -220.273     229.529   297281   308586   322320          297281          308586          322320 0.966031  2794.47       0.215387
  1.002    -208.859    -1178.83    -219.814     229.489   297235   308586   322201          297235          308586          322201 0.965528  2795.68       0.215254
  1.004    -209.535     -1180.5    -219.355     229.454   297167   308586   322091          297167          308586          322091 0.965213  2796.88       0.215133
  1.006    -210.207    -1182.18    -218.897     229.424   297053   308586   321950          297053          308586          321950 0.964985  2798.08       0.215026
  1.008    -210.877    -1183.85    -218.438     229.399   296957   308586   321831          296957          308586          321831 0.964776  2799.29       0.214932
   1.01    -211.544    -1185.53    -217.979     229.379   296788   308586   321692          296788          308586          321692 0.964963  2800.49       0.214851
  1.012    -212.207    -1187.21     -217.52     229.364   296723   307519   321402          296723          307519          321402 0.963337  2801.69       0.214785
  1.014    -212.867    -1188.88    -217.062     229.354   296667   307519   321231          296667          307519          321231 0.962491   2802.9       0.214733
  1.016    -213.525    -1190.56    -216.603      229.35   296604   307519   321108          296604          307519          321108 0.962025   2804.1       0.214695
  1.018    -214.179    -1192.24    -216.144     229.351   296534   307519   320901          296534          307519          320901 0.960995   2805.3       0.214673
   1.02    -214.831    -1193.92    -215.685     229.358   296482   307519   320809          296482          307519          320809 0.960628  2806.51       0.214666
  1.022    -215.479    -1195.59    -215.227     229.371   296306   307519   320684          296306          307519          320684 0.960907  2807.71       0.214674
  1.024    -216.125    -1197.27    -214.768      229.39   296147   307391   320589          296147          307391          320589 0.961267  2808.92       0.214698
  1.026    -216.767    -1198.95    -214.309     229.415   296087   306648   320458          296087          306648          320458 0.960646  2810.13       0.214738
  1.028    -217.407    -1200.63     -213.85     229.446   295951   306648   320333          295951          306648          320333 0.960614  2811.33       0.214794
   1.03    -218.043    -1202.31    -213.391     229.483   295827   306648   320241          295827          306648          320241 0.960705  2812.54       0.214867
  1.032    -218.677    -1203.99    -212.932     229.527   295549   306210   320075          295549          306210          320075 0.96137  2813.75       0.214956
  1.034    -219.308    -1205.67    -212.473     229.577   295440   306210   319933          295440          306210          319933 0.961035  2814.96       0.215062
  1.036    -219.936    -1207.35    -212.014     229.634   295401   306210   319755          295401          306210          319755 0.959905  2816.17       0.215185
  1.038    -220.562    -1209.04    -211.555     229.697   295335   306210   319655          295335          306210          319655 0.959512  2817.39       0.215325
   1.04    -221.184    -1210.72    -211.095     229.767   295043   306210   319473          295043          306210          319473 0.960198   2818.6       0.215482
  1.042    -221.804     -1212.4    -210.636     229.844   294947   306210   319314          294947          306210          319314 0.959634  2819.81       0.215656
  1.044    -222.421    -1214.08    -210.176     229.927   294761   306210   319193          294761          306210          319193 0.960017  2821.03       0.215848
  1.046    -223.035    -1215.77    -209.716     230.018   294595   306210   319131          294595          306210          319131 0.960703  2822.25       0.216057
  1.048    -223.647    -1217.45    -209.256     230.115   294533   306210   319054          294533          306210          319054 0.96047  2823.47       0.216283
   1.05    -224.255    -1219.14    -208.795     230.219   294335   306210   318966          294335          306210          318966 0.961158  2824.69       0.216527
  1.052    -224.861    -1220.82    -208.335     230.331   294024   306210   318884          294024          306210          318884 0.962742  2825.92       0.216788
  1.054    -225.464     -1222.5    -207.874     230.449   293919   306210   318756          293919          306210          318756 0.962481  2827.14       0.217067
  1.056    -226.065    -1224.19    -207.413     230.575   293880   306210   318579          293880          306210          318579 0.961353  2828.37       0.217363
  1.058    -226.663    -1225.88    -206.952     230.707   293808   306210   318523          293808          306210          318523 0.961339   2829.6       0.217677
   1.06    -227.258    -1227.56     -206.49     230.846   293635   305349   318450          293635          305349          318450 0.961929  2830.84       0.218008
  1.062    -227.851    -1229.25    -206.028     230.993   293460   305349   318310          293460          305349          318310 0.962033  2832.07       0.218356
  1.064    -228.441    -1230.94    -205.566     231.146   293334   305349   318187          293334          305349          318187 0.961918  2833.31       0.218721
  1.066    -229.028    -1232.62    -205.104     231.307   293197   305349   318112          293197          305349          318112 0.962236  2834.55       0.219104
  1.068    -229.613    -1234.31    -204.641     231.474   293098   305349   318059          293098          305349          318059 0.962396  2835.79       0.219503
   1.07    -230.196       -1236    -204.178     231.648   292917   305349   317969          292917          305349          317969 0.962877  2837.04       0.219919
  1.072    -230.775    -1237.69    -203.714     231.829   292853   305349   317727          292853          305349          317727 0.96139  2838.29       0.220352
  1.074    -231.352    -1239.38    -203.251     232.017   292773   305349   317549          292773          305349          317549 0.960491  2839.54       0.220801
  1.076    -231.927    -1241.07    -202.786     232.212   292625   305349   317467          292625          305349          317467 0.960802   2840.8       0.221266
  1.078    -232.499    -1242.76    -202.322     232.413   292381   305349   317334          292381          305349          317334 0.961453  2842.06       0.221747
   1.08    -233.069    -1244.45    -201.857     232.621   292217   305349   317231          292217          305349          317231 0.961761  2843.32       0.222244
  1.082    -233.636    -1246.14    -201.391     232.835   292140   305349   317139          292140          305349          317139 0.961493  2844.58       0.222756
  1.084      -234.2    -1247.83    -200.925     233.055   292073   305349   317044          292073          305349          317044 0.961106  2845.85       0.223283
  1.086    -234.763    -1249.52    -200.459     233.282   291809   305349   316987          291809          305349          316987 0.962419  2847.13       0.223825
  1.088    -235.322    -1251.22    -199.992     233.515   291703   305349   316846          291703          305349          316846 0.961997   2848.4       0.224382
   1.09     -235.88    -1252.91    -199.525     233.754   291591   305349   316788          291591          305349          316788 0.962196  2849.68       0.224952
  1.092    -236.434     -1254.6    -199.057     233.999   291428   305349   316657          291428          305349          316657 0.962231  2850.97       0.225536
  1.094    -236.987    -1256.29    -198.589     234.249   291302   305349   316471          291302          305349          316471 0.96162  2852.25       0.226133
  1.096    -237.537    -1257.99     -198.12     234.505   291131   304439   316383          291131          304439          316383 0.962012  2853.55       0.226744
  1.098    -238.084    -1259.68    -197.651     234.766   290838   304439   316304          290838          304439          316304 0.963332  2854.84       0.227366
    1.1     -238.63    -1261.38    -197.181     235.033   290684   304439   316204          290684          304439          316204 0.963566  2856.14       0.228001
  1.102    -239.173    -1263.07    -196.711     235.304   290629   304439   316083          290629          304439          316083 0.962942  2857.45       0.228647
  1.104    -239.713    -1264.77     -196.24      235.58   290467   304439   315918          290467          304439          315918 0.962764  2858.76       0.229305
  1.106    -240.252    -1266.46    -195.769     235.861   290266   304439   315858          290266          304439          315858 0.9636  2860.07       0.229972
  1.108    -240.787    -1268.16    -195.297     236.146   289990   304439   315795          289990          304439          315795 0.964952  2861.39        0.23065
