# n_walkers  560  n_cull  1  simple log(alpha)  -0.001784121793501292
#   T     log_Z(T)      F(T)        U(T)       Cvp(T)    low_pct_i(T) mode_i(T) high_pct_i(T) low_pct_iter(T)  mode_iter(T)   high_pct_iter(T) Z_fract(T)   V(T)   thermal_exp(T)
   0.01     60347.9    -613.734    -612.493     121.051   571170   571215   571215          571170          571215          571215 0.886313   3143.5      0.0383394
  0.012     50119.7    -613.742    -612.251     121.058   571158   571215   571215          571158          571215          571215 0.894806  3143.72      0.0314124
  0.014     42813.9    -613.751    -612.009     121.075   571147   571215   571215          571147          571215          571215 0.896569  3143.91      0.0277669
  0.016     37334.6     -613.76    -611.766     121.101   571132   571215   571215          571132          571215          571215 0.910942  3144.07      0.0253798
  0.018     33072.9    -613.769    -611.524     121.131   571120   571215   571215          571120          571215          571215 0.918353  3144.23      0.0234127
   0.02     29663.5    -613.779    -611.282     121.164   571115   571215   571215          571115          571215          571215 0.906318  3144.37      0.0215686
  0.022       26874    -613.789     -611.04     121.198   571103   571215   571215          571103          571215          571215 0.909461   3144.5      0.0197755
  0.024     24549.5    -613.799    -610.797     121.231   571094   571215   571215          571094          571215          571215 0.905022  3144.62      0.0180415
  0.026     22582.6    -613.809    -610.555     121.262   571088   571215   571215          571088          571215          571215 0.894386  3144.72      0.0163928
  0.028     20896.7     -613.82    -610.312     121.291   571079   571215   571215          571079          571215          571215 0.887549  3144.82       0.014852
   0.03     19435.6     -613.83    -610.069     121.319   571070   571215   571215          571070          571215          571215 0.881253  3144.91      0.0134323
  0.032     18157.1    -613.841    -609.827     121.345   571051   571215   571215          571051          571215          571215 0.888644  3144.99      0.0121382
  0.034       17029    -613.852    -609.584     121.369   571039   571215   571215          571039          571215          571215 0.88668  3145.06      0.0109678
  0.036     16026.3    -613.863    -609.341     121.392   571020   571215   571215          571020          571215          571215 0.89366  3145.13     0.00991486
  0.038     15129.1    -613.874    -609.099     121.415   571002   571215   571215          571002          571215          571215 0.899318  3145.19     0.00897124
   0.04     14321.7    -613.886    -608.856     121.436   570991   571215   571215          570991          571215          571215 0.896809  3145.24     0.00812774
  0.042     13591.2    -613.897    -608.613     121.457   570979   571215   571215          570979          571215          571215 0.895066  3145.29     0.00737508
  0.044       12927    -613.909     -608.37     121.477   570968   571215   571215          570968          571215          571215 0.892163  3145.34     0.00670435
  0.046     12320.7    -613.921    -608.127     121.497   570959   571215   571215          570959          571215          571215 0.887239  3145.38     0.00610725
  0.048     11764.8    -613.933    -607.884     121.517   570939   571215   571215          570939          571215          571215 0.891639  3145.41     0.00557621
   0.05     11253.5    -613.945    -607.641     121.538   570926   571215   571215          570926          571215          571215 0.890183  3145.45     0.00510441
  0.052     10781.4    -613.957    -607.398     121.558   570904   571215   571215          570904          571215          571215 0.895437  3145.48     0.00468574
  0.054     10344.4     -613.97    -607.155      121.58   570889   571215   571215          570889          571215          571215 0.895587  3145.51     0.00431479
  0.056     9938.52    -613.982    -606.911     121.602   570865   571215   571215          570865          571215          571215 0.902138  3145.53     0.00398673
  0.058     9560.67    -613.995    -606.668     121.624   570857   571215   571215          570857          571215          571215 0.897421  3145.56     0.00369731
   0.06     9208.01    -614.007    -606.425     121.648   570830   571215   571215          570830          571215          571215 0.905247  3145.58     0.00344278
  0.062      8878.1     -614.02    -606.182     121.673   570816   571215   571215          570816          571215          571215 0.904599   3145.6     0.00321982
  0.064     8568.82    -614.033    -605.938     121.698   570802   571215   571215          570802          571215          571215 0.903676  3145.62     0.00302553
  0.066     8278.28    -614.046    -605.695     121.725   570783   571215   571215          570783          571215          571215 0.905425  3145.64     0.00285732
  0.068     8004.83    -614.059    -605.451     121.754   570775   571215   571215          570775          571215          571215 0.901033  3145.66     0.00271295
   0.07     7747.01    -614.072    -605.208     121.784   570765   571215   571215          570765          571215          571215 0.897405  3145.67     0.00259042
  0.072     7503.52    -614.086    -604.964     121.815   570752   571215   571215          570752          571215          571215 0.89513  3145.69     0.00248798
  0.074     7273.19    -614.099     -604.72     121.848   570718   571215   571215          570718          571215          571215 0.903046   3145.7     0.00240408
  0.076     7054.98    -614.113    -604.477     121.882   570700   571215   571215          570700          571215          571215 0.90332  3145.72     0.00233736
  0.078     6847.97    -614.126    -604.233     121.918   570680   571215   571215          570680          571215          571215 0.904297  3145.73      0.0022866
   0.08      6651.3     -614.14    -603.989     121.956   570665   571215   571215          570665          571215          571215 0.902989  3145.75     0.00225073
  0.082     6464.23    -614.154    -603.745     121.995   570647   571215   571215          570647          571215          571215 0.902703  3145.76     0.00222879
  0.084     6286.07    -614.168    -603.501     122.036   570626   571215   571215          570626          571215          571215 0.903477  3145.77      0.0022199
  0.086      6116.2    -614.182    -603.257     122.079   570604   571215   571215          570604          571215          571215 0.904521  3145.79     0.00222329
  0.088     5954.05    -614.196    -603.013     122.124   570562   571215   571215          570562          571215          571215 0.913014   3145.8     0.00223824
   0.09     5799.11     -614.21    -602.768      122.17   570545   571215   571215          570545          571215          571215 0.912267  3145.82     0.00226409
  0.092      5650.9    -614.224    -602.524     122.219   570524   571215   571215          570524          571215          571215 0.912815  3145.83     0.00230024
  0.094     5509.01    -614.239     -602.28     122.269   570513   571215   571215          570513          571215          571215 0.909653  3145.85     0.00234611
  0.096     5373.02    -614.253    -602.035     122.322   570499   571215   571215          570499          571215          571215 0.907358  3145.86     0.00240118
  0.098     5242.59    -614.268     -601.79     122.376   570471   571215   571215          570471          571215          571215 0.909376  3145.88     0.00246494
    0.1     5117.38    -614.283    -601.546     122.433   570450   571215   571215          570450          571215          571215 0.909004  3145.89     0.00253689
  0.102     4997.07    -614.297    -601.301     122.491   570423   571215   571215          570423          571215          571215 0.910273  3145.91     0.00261659
  0.104      4881.4    -614.312    -601.056     122.552   570408   571215   571215          570408          571215          571215 0.907894  3145.92     0.00270359
  0.106     4770.09    -614.327     -600.81     122.615   570391   571215   571215          570391          571215          571215 0.905884  3145.94     0.00279743
  0.108     4662.91    -614.342    -600.565     122.681   570375   571215   571215          570375          571215          571215 0.903383  3145.96     0.00289771
   0.11     4559.62    -614.358     -600.32     122.748   570347   571215   571215          570347          571215          571215 0.903874  3145.98     0.00300401
  0.112     4460.02    -614.373    -600.074     122.819   570329   571215   571215          570329          571215          571215 0.901552     3146     0.00311593
  0.114     4363.92    -614.388    -599.828     122.891   570312   571215   571215          570312          571215          571215 0.898808  3146.02     0.00323306
  0.116     4271.13    -614.404    -599.583     122.967   570304   571215   571215          570304          571215          571215 0.893676  3146.04     0.00335502
  0.118     4181.49    -614.419    -599.337     123.045   570262   571215   571215          570262          571215          571215 0.896503  3146.06     0.00348142
   0.12     4094.84    -614.435     -599.09     123.126   570250   571215   571215          570250          571215          571215 0.89216  3146.08     0.00361191
  0.122     4011.03    -614.451    -598.844      123.21   570202   571215   571215          570202          571215          571215 0.895825  3146.11     0.00374611
  0.124     3929.93    -614.467    -598.597     123.297   570170   571215   571215          570170          571215          571215 0.895776  3146.13     0.00388366
  0.126      3851.4    -614.483    -598.351     123.387   570138   571215   571215          570138          571215          571215 0.895504  3146.15     0.00402423
  0.128     3775.32    -614.499    -598.104     123.481   570094   571215   571215          570094          571215          571215 0.897499  3146.18     0.00416748
   0.13     3701.59    -614.515    -597.857     123.578   570050   571215   571215          570050          571215          571215 0.899247  3146.21     0.00431309
  0.132     3630.09    -614.531     -597.61     123.679   570014   571215   571215          570014          571215          571215 0.89938  3146.23     0.00446075
  0.134     3560.73    -614.548    -597.362     123.784   569985   571215   571215          569985          571215          571215 0.89799  3146.26     0.00461016
  0.136     3493.41    -614.564    -597.114     123.893   569937   571215   571215          569937          571215          571215 0.899952  3146.29     0.00476105
  0.138     3428.04    -614.581    -596.867     124.006   569909   571215   571215          569909          571215          571215 0.898129  3146.32     0.00491314
   0.14     3364.54    -614.598    -596.618     124.124   569871   571215   571215          569871          571215          571215 0.897838  3146.35      0.0050662
  0.142     3302.82    -614.615     -596.37     124.247   569815   571215   571215          569815          571215          571215 0.900404  3146.39     0.00521999
  0.144     3242.83    -614.632    -596.121     124.375   569767   571215   571215          569767          571215          571215 0.90137  3146.42     0.00537431
  0.146     3184.48    -614.649    -595.873     124.508   569723   571215   571215          569723          571215          571215 0.901506  3146.45     0.00552896
  0.148      3127.7    -614.666    -595.623     124.647   569653   571215   571215          569653          571215          571215 0.905588  3146.49      0.0056838
   0.15     3072.44    -614.684    -595.374     124.793   569599   571215   571215          569599          571215          571215 0.907071  3146.53     0.00583867
  0.152     3018.64    -614.701    -595.124     124.944   569568   571215   571215          569568          571215          571215 0.905033  3146.56     0.00599348
  0.154     2966.23    -614.719    -594.874     125.103   569546   571215   571215          569546          571215          571215 0.901457   3146.6     0.00614813
  0.156     2915.17    -614.737    -594.624     125.268   569504   571215   571215          569504          571215          571215 0.900443  3146.64     0.00630257
  0.158      2865.4    -614.754    -594.373     125.442   569439   571215   571215          569439          571215          571215 0.902226  3146.68     0.00645679
   0.16     2816.88    -614.773    -594.122     125.623   569378   571214   571215          569378          571214          571215 0.903246  3146.72      0.0066108
  0.162     2769.56    -614.791    -593.871     125.814   569334   571214   571215          569334          571214          571215 0.901957  3146.76     0.00676466
  0.164     2723.39    -614.809    -593.619     126.013   569260   571214   571215          569260          571214          571215 0.90404  3146.81     0.00691845
  0.166     2678.33    -614.828    -593.367     126.222   569183   571214   571215          569183          571214          571215 0.906326  3146.85     0.00707231
  0.168     2634.35    -614.846    -593.114     126.442   569109   571214   571215          569109          571214          571215 0.908015   3146.9     0.00722641
   0.17      2591.4    -614.865    -592.861     126.673   569033   571214   571215          569033          571214          571215 0.909732  3146.94     0.00738099
  0.172     2549.46    -614.884    -592.607     126.916   568992   571214   571215          568992          571214          571215 0.90744  3146.99     0.00753632
  0.174     2508.48    -614.903    -592.353     127.172   568929   571214   571215          568929          571214          571215 0.907241  3147.04     0.00769273
  0.176     2468.43    -614.922    -592.099     127.441   568869   571214   571215          568869          571214          571215 0.90642  3147.09      0.0078506
  0.178     2429.28    -614.942    -591.843     127.724   568806   571214   571215          568806          571214          571215 0.905595  3147.14      0.0080104
   0.18        2391    -614.961    -591.588     128.024   568742   571214   571215          568742          571214          571215 0.904568  3147.19     0.00817263
  0.182     2353.57    -614.981    -591.331     128.339   568670   571214   571215          568670          571214          571215 0.903948  3147.24     0.00833789
  0.184     2316.95    -615.001    -591.074     128.673   568606   571214   571215          568606          571214          571215 0.902376  3147.29     0.00850683
  0.186     2281.12    -615.021    -590.817     129.025   568511   571214   571215          568511          571214          571215 0.903173  3147.35      0.0086802
  0.188     2246.05    -615.042    -590.558     129.398   568416   571214   571215          568416          571214          571215 0.903642   3147.4     0.00885882
   0.19     2211.72    -615.062    -590.299     129.793   568292   571214   571215          568292          571214          571215 0.90624  3147.46     0.00904363
  0.192     2178.11    -615.083    -590.039     130.212   568125   571214   571215          568125          571214          571215 0.911827  3147.51     0.00923564
  0.194     2145.19    -615.104    -589.778     130.656   568039   571214   571215          568039          571214          571215 0.910983  3147.57     0.00943597
  0.196     2112.95    -615.125    -589.516     131.128   567945   571214   571215          567945          571214          571215 0.910482  3147.63     0.00964587
  0.198     2081.35    -615.147    -589.254     131.629   567851   571214   571215          567851          571214          571215 0.909614  3147.69     0.00986671
    0.2     2050.39    -615.168     -588.99     132.163   567738   571214   571215          567738          571214          571215 0.909704  3147.76         0.0101
  0.202     2020.05     -615.19    -588.725     132.731   567618   571214   571215          567618          571214          571215 0.909892  3147.82      0.0103473
  0.204      1990.3    -615.212    -588.459     133.337   567518   571214   571215          567518          571214          571215 0.908523  3147.89      0.0106106
  0.206     1961.13    -615.235    -588.191     133.984   567367   571214   571215          567367          571214          571215 0.909821  3147.96      0.0108917
  0.208     1932.52    -615.258    -587.923     134.675   567221   571214   571215          567221          571214          571215 0.910381  3148.03      0.0111927
   0.21     1904.46    -615.281    -587.653     135.414   567117   571214   571215          567117          571214          571215 0.908155   3148.1      0.0115161
  0.212     1876.93    -615.304    -587.381     136.207   566905   571214   571215          566905          571214          571215 0.911202  3148.17      0.0118644
  0.214     1849.91    -615.327    -587.108     137.056   566729   571214   571215          566729          571214          571215 0.912137  3148.25      0.0122403
  0.216      1823.4    -615.351    -586.833     137.969   566549   571214   571215          566549          571214          571215 0.912725  3148.32       0.012647
  0.218     1797.37    -615.375    -586.556      138.95   566389   571214   571215          566389          571214          571215 0.911939  3148.41      0.0130876
   0.22     1771.82      -615.4    -586.277     140.006   566176   571214   571215          566176          571214          571215 0.91316  3148.49      0.0135659
  0.222     1746.74    -615.425    -585.996     141.144   565951   571214   571215          565951          571214          571215 0.914503  3148.58      0.0140856
  0.224      1722.1     -615.45    -585.712     142.372   565649   571214   571215          565649          571214          571215 0.918647  3148.67       0.014651
  0.226      1697.9    -615.476    -585.426     143.699   565472   571214   571215          565472          571214          571215 0.917149  3148.76      0.0152668
  0.228     1674.12    -615.502    -585.138     145.134   565168   571214   571215          565168          571214          571215 0.920092  3148.86      0.0159378
   0.23     1650.76    -615.529    -584.846     146.687   564805   571214   571215          564805          571214          571215 0.924603  3148.96      0.0166694
  0.232     1627.81    -615.556    -584.551      148.37   564489   571214   571215          564489          571214          571215 0.926907  3149.07      0.0174675
  0.234     1605.25    -615.583    -584.252     150.195   564241   571214   571215          564241          571214          571215 0.926485  3149.18      0.0183382
  0.236     1583.07    -615.611     -583.95     152.176   563947   571214   571215          563947          571214          571215 0.926779   3149.3      0.0192883
  0.238     1561.27     -615.64    -583.643     154.326   563673   571214   571215          563673          571214          571215 0.925732  3149.43      0.0203249
   0.24     1539.84    -615.669    -583.332     156.662   563415   571214   571215          563415          571214          571215 0.923716  3149.56      0.0214555
  0.242     1518.76    -615.699    -583.017     159.199   563117   571214   571215          563117          571214          571215 0.921896   3149.7      0.0226881
  0.244     1498.03    -615.729    -582.695     161.956   562560   571214   571215          562560          571214          571215 0.926309  3149.84       0.024031
  0.246     1477.64     -615.76    -582.369     164.949   562085   571214   571215          562085          571214          571215 0.927745     3150       0.025493
  0.248     1457.58    -615.792    -582.035     168.198   561724   571214   571215          561724          571214          571215 0.925879  3150.16      0.0270827
   0.25     1437.85    -615.825    -581.696      171.72   561004   571214   571215          561004          571214          571215 0.931071  3150.34      0.0288091
  0.252     1418.43    -615.858    -581.348     175.535   560080   571191   571215          560080          571191          571215 0.939658  3150.53      0.0306808
  0.254     1399.33    -615.893    -580.993      179.66   559485   571191   571215          559485          571191          571215 0.941467  3150.73      0.0327059
  0.256     1380.52    -615.928     -580.63     184.111   558911   571191   571215          558911          571191          571215 0.941993  3150.94       0.034892
  0.258     1362.01    -615.964    -580.257       188.9   557971   571124   571215          557971          571124          571215 0.94724  3151.17      0.0372453
   0.26     1343.79    -616.002    -579.874     194.039   557270   571124   571215          557270          571124          571215 0.948494  3151.41      0.0397705
  0.262     1325.85     -616.04     -579.48     199.533   556428   570831   571215          556428          570831          571215 0.9515  3151.67        0.04247
  0.264     1308.19     -616.08    -579.075     205.382   555150   570831   571215          555150          570831          571215 0.959636  3151.95      0.0453434
  0.266      1290.8    -616.121    -578.658     211.579   554565   570534   571215          554565          570534          571215 0.958489  3152.24      0.0483869
  0.268     1273.67    -616.163    -578.229     218.109   553579   570534   571215          553579          570534          571215 0.961512  3152.56      0.0515929
   0.27      1256.8    -616.207    -577.786      224.95   552548   570534   571215          552548          570534          571215 0.964439  3152.89      0.0549489
  0.272     1240.19    -616.252    -577.329     232.067   551193   570534   571215          551193          570534          571215 0.969595  3153.25      0.0584376
  0.274     1223.82      -616.3    -576.857     239.417   549745   570534   571215          549745          570534          571215 0.975666  3153.63      0.0620363
  0.276      1207.7    -616.348    -576.371     246.949   549047   568127   571215          549047          568127          571215 0.975277  3154.03       0.065717
  0.278     1191.81    -616.399    -575.869     254.599   547879   568127   571215          547879          568127          571215 0.978072  3154.46       0.069447
   0.28     1176.16    -616.451    -575.353     262.301   546954   565697   571215          546954          565697          571215 0.97897  3154.91      0.0731892
  0.282     1160.74    -616.506     -574.82     269.982   545553   564308   571215          545553          564308          571215 0.982813  3155.38      0.0769038
  0.284     1145.55    -616.563    -574.273     277.571   544641   564308   571215          544641          564308          571215 0.984029  3155.88      0.0805492
  0.286     1130.57    -616.622     -573.71     284.999   544198   564308   571215          544198          564308          571215 0.982259   3156.4      0.0840844
  0.288     1115.81    -616.683    -573.133     292.205   543364   559655   571215          543364          559655          571215 0.9821  3156.94       0.087471
   0.29     1101.26    -616.747    -572.541      299.14   542632   559655   571215          542632          559655          571215 0.981186   3157.5      0.0906748
  0.292     1086.92    -616.813    -571.937     305.772   541639   559655   571215          541639          559655          571215 0.981465  3158.09      0.0936683
  0.294     1072.79    -616.881    -571.319     312.087   540677   559655   571215          540677          559655          571215 0.981467  3158.69       0.096432
  0.296     1058.85    -616.953    -570.688      318.09   539625   555256   571215          539625          555256          571215 0.981822   3159.3      0.0989555
  0.298     1045.11    -617.027    -570.046      323.81   538993   555256   571215          538993          555256          571215 0.980029  3159.94       0.101238
    0.3     1031.56    -617.103    -569.393     329.294   537956   555256   571215          537956          555256          571215 0.979933  3160.58       0.103286
  0.302      1018.2    -617.183    -568.729     334.603   536896   555256   571215          536896          555256          571215 0.980113  3161.24       0.105117
  0.304     1005.03    -617.265    -568.055     339.812   535781   555256   571215          535781          555256          571215 0.980526  3161.91       0.106753
  0.306     992.036     -617.35     -567.37     345.004   535021   550019   571215          535021          550019          571215 0.978818  3162.59       0.108221
  0.308     979.222    -617.438    -566.675     350.262   534182   550019   571215          534182          550019          571215 0.977358  3163.28       0.109548
   0.31     966.582     -617.53    -565.969     355.664   533411   550019   570566          533411          550019          570566 0.972043  3163.98       0.110762
  0.312     954.115    -617.624    -565.252     361.278   531336   550019   569419          531336          550019          569419 0.971889  3164.68       0.111888
  0.314     941.816    -617.721    -564.524     367.157   529801   550019   568426          529801          550019          568426 0.971324  3165.39       0.112947
  0.316     929.683    -617.821    -563.783     373.336   528714   550019   567584          528714          550019          567584 0.970352  3166.11       0.113952
  0.318     917.712    -617.925     -563.03     379.829   528047   550019   566739          528047          550019          566739 0.967284  3166.84        0.11491
   0.32     905.901    -618.032    -562.264     386.632   527439   545054   565808          527439          545054          565808 0.963489  3167.57        0.11582
  0.322     894.248    -618.142    -561.483      393.72   526662   545054   564880          526662          545054          564880 0.960217   3168.3       0.116675
  0.324     882.748    -618.256    -560.689     401.056   525364   545054   563705          525364          545054          563705 0.958516  3169.05       0.117461
  0.326     871.401    -618.373    -559.879     408.594   523955   545054   562801          523955          545054          562801 0.959241  3169.79       0.118159
  0.328     860.202    -618.494    -559.054     416.291   522471   544880   561976          522471          544880          561976 0.960852  3170.54       0.118747
   0.33     849.151    -618.618    -558.214      424.11   521232   544880   561294          521232          544880          561294 0.962273   3171.3       0.119198
  0.332     838.243    -618.746    -557.358     432.039   520267   544880   560651          520267          544880          560651 0.961949  3172.05       0.119487
  0.334     827.478    -618.877    -556.486     440.097   518602   544880   560087          518602          544880          560087 0.9647  3172.81       0.119585
  0.336     816.852    -619.013    -555.597     448.348   517311   544880   559387          517311          544880          559387 0.964706  3173.57       0.119461
  0.338     806.363    -619.152    -554.692     456.912   515205   536130   558456          515205          536130          558456 0.967039  3174.33       0.119083
   0.34      796.01    -619.296    -553.769     465.978   513863   536130   557684          513863          536130          557684 0.967132  3175.08       0.118407
  0.342     785.789    -619.443    -552.828     475.819   512822   529900   556882          512822          529900          556882 0.965675  3175.83        0.11738
  0.344       775.7    -619.595    -551.865     486.801   511163   529313   555755          511163          529313          555755 0.965104  3176.57       0.115927
  0.346     765.739    -619.751    -550.879     499.402   510398   529313   554523          510398          529313          554523 0.960158   3177.3       0.113943
  0.348     755.906    -619.911    -549.866     514.228   509553   529313   553457          509553          529313          553457 0.955497  3178.02       0.111281
   0.35     746.197    -620.076     -548.82     532.028   508150   529313   552413          508150          529313          552413 0.952221  3178.72       0.107737
  0.352     736.613    -620.246    -547.735     553.715   506600   529313   551591          506600          529313          551591 0.949885  3179.39        0.10303
  0.354     727.151     -620.42    -546.602     580.364   504804   529313   550811          504804          529313          550811 0.946873  3180.02      0.0967823
  0.356      717.81      -620.6     -545.41     613.201   502738   528859   550074          502738          528859          550074 0.943805  3180.61      0.0885057
  0.358     708.588    -620.785    -544.144     653.541   498713   528859   548812          498713          528859          548812 0.945527  3181.14      0.0775871
   0.36     699.486    -620.976     -542.79     702.655   494200   528859   547976          494200          528859          547976 0.951709  3181.59         0.0633
  0.362     690.502    -621.174    -541.327     761.526   491459   528859   547214          491459          528859          547214 0.9502  3181.94      0.0448507
  0.364     681.636    -621.379    -539.737     830.469   488110   521522   546314          488110          521522          546314 0.948791  3182.16      0.0214839
  0.366     672.889    -621.592    -537.999     908.598   481349   521522   545353          481349          521522          545353 0.957826   3182.2    -0.00733396
  0.368      664.26    -621.813    -536.098     993.248   475275   521522   543540          475275          521522          543540 0.963837  3182.05     -0.0416505
   0.37      655.75    -622.043    -534.025     1079.52   471651   521522   542465          471651          521522          542465 0.966671  3181.66     -0.0807255
  0.372     647.359    -622.285    -531.784     1160.28   466062   521522   541416          466062          521522          541416 0.976509  3181.02      -0.122794
  0.374     639.088    -622.537    -529.393      1226.9   463000   511553   540141          463000          511553          540141 0.979907   3180.1      -0.165051
  0.376     630.937    -622.801    -526.891     1270.94   460451   511553   538583          460451          511553          538583 0.982494  3178.92      -0.203991
  0.378     622.904    -623.077    -524.329     1286.16   458860   494867   537513          458860          494867          537513 0.984431  3177.52      -0.236101
   0.38     614.988    -623.366    -521.767     1270.35   457620   494867   535113          457620          494867          535113 0.983324  3175.94      -0.258694
  0.382     607.186    -623.667    -519.267      1225.9   456835   476877   532793          456835          476877          532793 0.981798  3174.26      -0.270552
  0.384     599.496    -623.979    -516.879     1159.02   456138   474711   530496          456138          474711          530496 0.979817  3172.53      -0.272085
  0.386     591.914    -624.302     -514.64     1077.88   455073   474711   526108          455073          474711          526108 0.973939  3170.82       -0.26501
  0.388     584.435    -624.635    -512.571     990.662   454217   474711   522777          454217          474711          522777 0.971428  3169.18      -0.251735
   0.39     577.056    -624.977    -510.677     904.105   453578   474711   517379          453578          474711          517379 0.96283  3167.64      -0.234743
  0.392     569.773    -625.327    -508.951     822.914   453125   467285   514080          453125          467285          514080 0.96055  3166.21      -0.216164
  0.394     562.582    -625.684     -507.38     749.781   452286   467285   507229          452286          467285          507229 0.948202   3164.9      -0.197583
  0.396      555.48    -626.048    -505.946     685.807   451722   467285   501987          451722          467285          501987 0.941544  3163.71      -0.180031
  0.398     548.464    -626.417    -504.631     630.998   450897   467285   499183          450897          467285          499183 0.943171  3162.62      -0.164078
    0.4      541.53    -626.792    -503.416     584.725   449725   467285   497399          449725          467285          497399 0.948711  3161.63      -0.149958
  0.402     534.677    -627.171    -502.287     546.055   449111   467285   495435          449111          467285          495435 0.94996  3160.72      -0.137688
  0.404     527.903    -627.554    -501.228     513.966   448226   467285   492599          448226          467285          492599 0.947899  3159.88      -0.127154
  0.406     521.205    -627.941    -500.227     487.472   447864   463222   490671          447864          463222          490671 0.947197  3159.11      -0.118182
  0.408     514.581    -628.332    -499.275     465.681   447289   463222   488148          447289          463222          488148 0.944176  3158.39      -0.110571
   0.41     508.031    -628.727    -498.362     447.822   446442   463222   486732          446442          463222          486732 0.94709  3157.71      -0.104126
  0.412     501.551    -629.124    -497.481     433.235   445935   463140   485592          445935          463140          485592 0.948579  3157.07     -0.0986621
  0.414     495.142    -629.525    -496.627      421.37   445515   461238   484043          445515          461238          484043 0.946723  3156.46      -0.094016
  0.416     488.801    -629.928    -495.794     411.768   444725   461238   482677          444725          461238          482677 0.947324  3155.88     -0.0900449
  0.418     482.528    -630.334    -494.979     404.043   444135   461238   482050          444135          461238          482050 0.950097  3155.32      -0.086626
   0.42     476.321    -630.743    -494.177     397.874   443333   461238   481062          443333          461238          481062 0.951438  3154.79      -0.083655
  0.422     470.179    -631.155    -493.386     392.989   442083   461238   480247          442083          461238          480247 0.956022  3154.27     -0.0810436
  0.424     464.101    -631.569    -492.604     389.159   441486   461238   479179          441486          461238          479179 0.955985  3153.76     -0.0787174
  0.426     458.086    -631.986    -491.829     386.186   440986   460366   478520          440986          460366          478520 0.957187  3153.27     -0.0766142
  0.428     452.133    -632.405    -491.059     383.901   440650   460366   477983          440650          460366          477983 0.957625   3152.8     -0.0746819
   0.43     446.242    -632.827    -490.293     382.157   439966   460366   477298          439966          460366          477298 0.958689  3152.33     -0.0728774
  0.432      440.41    -633.251     -489.53     380.828   439249   460366   476878          439249          460366          476878 0.960981  3151.88     -0.0711652
  0.434     434.638    -633.678     -488.77     379.801   438353   460366   476150          438353          460366          476150 0.962609  3151.43     -0.0695164
  0.436     428.924    -634.107    -488.011     378.984   437674   458095   475566          437674          458095          475566 0.963847     3151      -0.067908
  0.438     423.268    -634.538    -487.254     378.292   436783   458095   474916          436783          458095          474916 0.96572  3150.58      -0.066322
   0.44     417.669    -634.972    -486.498     377.658   436277   458095   474087          436277          458095          474087 0.964934  3150.17     -0.0647451
  0.442     412.125    -635.408    -485.743     377.023   435573   454530   473553          435573          454530          473553 0.966279  3149.76     -0.0631676
  0.444     406.637    -635.846     -484.99     376.339   434802   454530   472558          434802          454530          472558 0.966186  3149.37     -0.0615831
  0.446     401.203    -636.287    -484.238      375.57   434315   449788   471742          434315          449788          471742 0.965598  3148.99     -0.0599883
  0.448     395.823     -636.73    -483.487     374.686   433847   449788   471014          433847          449788          471014 0.96519  3148.61     -0.0583819
   0.45     390.496    -637.175    -482.739     373.667   433112   449788   470494          433112          449788          470494 0.966961  3148.25     -0.0567644
  0.452     385.221    -637.622    -481.993       372.5   432571   449788   469974          432571          449788          469974 0.967863   3147.9     -0.0551379
  0.454     379.997    -638.072    -481.249      371.18   432196   449788   469471          432196          449788          469471 0.967868  3147.56     -0.0535053
  0.456     374.824    -638.524    -480.508     369.704   431638   449788   468935          431638          449788          468935 0.968516  3147.23       -0.05187
  0.458     369.701    -638.978     -479.77     368.078   431071   448353   468320          431071          448353          468320 0.968812   3146.9     -0.0502356
   0.46     364.627    -639.435    -479.036     366.309   430661   448353   467781          430661          448353          467781 0.968759  3146.59     -0.0486058
  0.462     359.601    -639.893    -478.305     364.408   430326   448353   467347          430326          448353          467347 0.968666  3146.29     -0.0469837
  0.464     354.624    -640.354    -477.578     362.387   429835   446827   466654          429835          446827          466654 0.967964     3146     -0.0453722
  0.466     349.694    -640.816    -476.856     360.261   429214   446827   466098          429214          446827          466098 0.968685  3145.72     -0.0437734
  0.468      344.81    -641.281    -476.137     358.046   428704   446827   465173          428704          446827          465173 0.967177  3145.45     -0.0421887
   0.47     339.972    -641.748    -475.424     355.757   428317   442369   464687          428317          442369          464687 0.967378  3145.19     -0.0406187
  0.472      335.18    -642.217    -474.714      353.41   427757   442116   464126          427757          442116          464126 0.968074  3144.94     -0.0390634
  0.474     330.432    -642.687     -474.01      351.02   427383   442116   463656          427383          442116          463656 0.968249   3144.7     -0.0375222
  0.476     325.728     -643.16     -473.31     348.601   426949   442116   463181          426949          442116          463181 0.968639  3144.47     -0.0359937
  0.478     321.067    -643.635    -472.616     346.167   426684   441719   462445          426684          441719          462445 0.966782  3144.25     -0.0344762
   0.48     316.449    -644.111    -471.926      343.73   426275   441719   461818          426275          441719          461818 0.966205  3144.03     -0.0329675
  0.482     311.874    -644.589    -471.241     341.302   425818   441719   461326          425818          441719          461326 0.966668  3143.83     -0.0314653
  0.484      307.34     -645.07    -470.561     338.893   425428   441719   460722          425428          441719          460722 0.966133  3143.64     -0.0299668
  0.486     302.847    -645.552    -469.885     336.513   425143   441719   459945          425143          441719          459945 0.964086  3143.46     -0.0284695
  0.488     298.394    -646.035    -469.214      334.17   424820   441719   459370          424820          441719          459370 0.963506  3143.28     -0.0269709
   0.49     293.982    -646.521    -468.548     331.873   424102   441719   458863          424102          441719          458863 0.96534  3143.12     -0.0254684
  0.492     289.609    -647.008    -467.887     329.627   423799   441719   458389          423799          441719          458389 0.965233  3142.96     -0.0239601
  0.494     285.275    -647.497     -467.23     327.438   423459   441719   457831          423459          441719          457831 0.964723  3142.82     -0.0224438
  0.496     280.979    -647.988    -466.577     325.313   422755   441719   456820          422755          441719          456820 0.964089  3142.68      -0.020918
  0.498     276.721     -648.48    -465.929     323.255   422433   436669   456148          422433          436669          456148 0.963396  3142.55     -0.0193816
    0.5       272.5    -648.974    -465.284      321.27   422050   436669   455654          422050          436669          455654 0.963818  3142.44     -0.0178336
  0.502     268.316     -649.47    -464.643     319.361   421842   436669   455221          421842          436669          455221 0.963506  3142.33     -0.0162735
  0.504     264.168    -649.967    -464.007     317.531   421449   435057   454789          421449          435057          454789 0.963955  3142.23     -0.0147012
  0.506     260.057    -650.466    -463.373     315.783   420996   435057   454226          420996          435057          454226 0.964013  3142.14     -0.0131169
  0.508      255.98    -650.966    -462.743     314.119   420809   435057   453677          420809          435057          453677 0.96268  3142.07     -0.0115212
   0.51     251.939    -651.468    -462.117     312.543   420206   435057   452788          420206          435057          452788 0.96195     3142     -0.0099147
  0.512     247.932    -651.971    -461.493     311.055   419860   432923   452353          419860          432923          452353 0.962215  3141.94    -0.00829857
  0.514      243.96    -652.476    -460.872     309.657   419624   432923   451771          419624          432923          451771 0.960977  3141.89      -0.006674
  0.516      240.02    -652.982    -460.254      308.35   419376   432923   451278          419376          432923          451278 0.960203  3141.86    -0.00504237
  0.518     236.115     -653.49    -459.639     307.135   418924   432923   450787          418924          432923          450787 0.96043  3141.83    -0.00340515
   0.52     232.242    -653.999    -459.026     306.012   418452   432923   450470          418452          432923          450470 0.961747  3141.81    -0.00176392
  0.522     228.401     -654.51    -458.415      304.98   418204   432923   450146          418204          432923          450146 0.961618  3141.81   -0.000120273
  0.524     224.593    -655.022    -457.806     304.039   417834   432923   449846          417834          432923          449846 0.962161  3141.81     0.00152421
  0.526     220.816    -655.535    -457.199     303.189   417355   432923   449313          417355          432923          449313 0.96201  3141.83     0.00316797
  0.528      217.07     -656.05    -456.593     302.427   417037   432923   448832          417037          432923          448832 0.96124  3141.85     0.00480954
   0.53     213.355    -656.566    -455.989     301.752   416525   432923   448545          416525          432923          448545 0.96262  3141.89      0.0064475
  0.532     209.671    -657.084    -455.386     301.161   415990   432923   448207          415990          432923          448207 0.963862  3141.93     0.00808057
  0.534     206.017    -657.603    -454.784     300.652   415659   430993   447645          415659          430993          447645 0.962769  3141.99     0.00970761
  0.536     202.393    -658.123    -454.183     300.221   415466   430993   447153          415466          430993          447153 0.961213  3142.06      0.0113276
  0.538     198.798    -658.645    -453.583     299.866   414766   430758   446918          414766          430758          446918 0.96397  3142.13      0.0129396
   0.54     195.232    -659.168    -452.984     299.581   414347   430758   446495          414347          430758          446495 0.964111  3142.22       0.014543
  0.542     191.695    -659.692    -452.385     299.362   414162   427950   445946          414162          427950          445946 0.962242  3142.32      0.0161371
  0.544     188.186    -660.217    -451.786     299.206   413628   427950   445287          413628          427950          445287 0.961843  3142.42      0.0177215
  0.546     184.706    -660.744    -451.188     299.105   413173   427950   444878          413173          427950          444878 0.962467  3142.54      0.0192959
  0.548     181.253    -661.273     -450.59     299.057   412757   427950   444623          412757          427950          444623 0.963732  3142.66      0.0208602
   0.55     177.828    -661.802    -449.992     299.053   412364   427950   444219          412364          427950          444219 0.963942   3142.8      0.0224142
  0.552      174.43    -662.333    -449.394      299.09   412140   427950   443821          412140          427950          443821 0.963248  3142.95      0.0239581
  0.554     171.059    -662.865    -448.795      299.16   411892   427950   443491          411892          427950          443491 0.962942   3143.1       0.025492
  0.556     167.715    -663.399    -448.197     299.257   411565   427950   443125          411565          427950          443125 0.962865  3143.27      0.0270161
  0.558     164.396    -663.933    -447.598     299.376   410880   427950   442859          410880          427950          442859 0.9655  3143.44      0.0285307
   0.56     161.104     -664.47    -446.999      299.51   410442   426951   442606          410442          426951          442606 0.966781  3143.62       0.030036
  0.562     157.838    -665.007      -446.4     299.653   410199   426951   442405          410199          426951          442405 0.96716  3143.82      0.0315325
  0.564     154.596    -665.545    -445.801     299.798   409724   426951   442137          409724          426951          442137 0.968434  3144.02      0.0330205
  0.566     151.381    -666.085    -445.201      299.94   409307   426951   441782          409307          426951          441782 0.968964  3144.23      0.0345004
  0.568     148.189    -666.626    -444.601     300.072   409105   425542   441347          409105          425542          441347 0.967849  3144.46      0.0359726
   0.57     145.023    -667.169    -444.001      300.19   408431   425542   440696          408431          425542          440696 0.96836  3144.69      0.0374374
  0.572     141.881    -667.713      -443.4     300.288   408226   425542   440286          408226          425542          440286 0.967775  3144.93      0.0388952
  0.574     138.763    -668.257      -442.8     300.361   408034   424107   439997          408034          424107          439997 0.96769  3145.18      0.0403461
  0.576     135.669    -668.804    -442.199     300.405   407695   424107   439611          407695          424107          439611 0.96787  3145.43      0.0417906
  0.578     132.598    -669.351    -441.598     300.416   407406   424107   439329          407406          424107          439329 0.968288   3145.7      0.0432287
   0.58     129.551      -669.9    -440.997     300.389   407102   422635   438924          407102          422635          438924 0.968099  3145.98      0.0446607
  0.582     126.527     -670.45    -440.397     300.323   406922   422635   438750          406922          422635          438750 0.96843  3146.26      0.0460868
  0.584     123.526    -671.001    -439.796     300.215   406568   422635   438415          406568          422635          438415 0.968741  3146.56      0.0475069
  0.586     120.547    -671.553    -439.196     300.062   406332   422635   438126          406332          422635          438126 0.968668  3146.86      0.0489213
  0.588      117.59    -672.107    -438.596     299.864   406167   422635   437742          406167          422635          437742 0.967637  3147.17      0.0503299
   0.59     114.656    -672.662    -437.996     299.618   405977   422060   437473          405977          422060          437473 0.96727  3147.49      0.0517327
  0.592     111.744    -673.218    -437.397     299.326   405653   422060   437221          405653          422060          437221 0.967588  3147.82      0.0531298
  0.594     108.853    -673.775    -436.799     298.987   405313   419775   436891          405313          419775          436891 0.967537  3148.16      0.0545212
  0.596     105.984    -674.334    -436.201     298.601   405073   419775   436537          405073          419775          436537 0.966792  3148.51      0.0559069
  0.598     103.136    -674.893    -435.605     298.171   404408   419775   436040          404408          419775          436040 0.96767  3148.87      0.0572869
    0.6     100.309    -675.454    -435.009     297.697   403702   419775   435742          403702          419775          435742 0.970039  3149.23      0.0586612
  0.602     97.5022    -676.016    -434.414     297.181   403555   419775   435483          403555          419775          435483 0.969685  3149.61        0.06003
  0.604     94.7164     -676.58     -433.82     296.626   403312   419775   435264          403312          419775          435264 0.969963  3149.99      0.0613933
  0.606     91.9508    -677.144    -433.227     296.035   402886   418289   435088          402886          418289          435088 0.971374  3150.38      0.0627512
  0.608     89.2054     -677.71    -432.636     295.409   402724   416054   434653          402724          416054          434653 0.970084  3150.78       0.064104
   0.61     86.4799    -678.276    -432.046     294.753   402451   416054   434209          402451          416054          434209 0.969313  3151.19      0.0654518
  0.612     83.7741    -678.844    -431.457      294.07   402048   416054   433853          402048          416054          433853 0.969745   3151.6      0.0667949
  0.614     81.0877    -679.413     -430.87     293.363   401806   416054   433589          401806          416054          433589 0.969845  3152.03      0.0681336
  0.616     78.4206    -679.983    -430.284     292.636   401587   416054   433303          401587          416054          433303 0.969639  3152.46      0.0694683
  0.618     75.7726    -680.555    -429.699     291.892   401328   416054   433052          401328          416054          433052 0.969787  3152.91      0.0707994
   0.62     73.1435    -681.127    -429.116     291.135   400983   414542   432718          400983          414542          432718 0.969984  3153.36      0.0721273
  0.622     70.5331    -681.701    -428.534     290.368   400843   414542   432271          400843          414542          432271 0.968447  3153.82      0.0734525
  0.624     67.9411    -682.275    -427.955     289.594   400614   412883   431879          400614          412883          431879 0.967738  3154.28      0.0747755
  0.626     65.3675    -682.851    -427.376     288.818   400344   412883   431577          400344          412883          431577 0.967746  3154.76      0.0760968
  0.628     62.8119    -683.428    -426.799     288.042   400211   412883   431227          400211          412883          431227 0.966659  3155.24      0.0774171
   0.63     60.2743    -684.005    -426.224     287.268   399875   412883   430884          399875          412883          430884 0.966764  3155.74      0.0787369
  0.632     57.7544    -684.584     -425.65     286.501   399517   412883   430426          399517          412883          430426 0.966438  3156.24      0.0800568
  0.634     55.2521    -685.164    -425.078     285.743   399170   412883   429948          399170          412883          429948 0.966043  3156.75      0.0813775
  0.636     52.7672    -685.745    -424.507     284.995   398899   412883   429621          398899          412883          429621 0.966134  3157.27      0.0826995
  0.638     50.2994    -686.327    -423.938      284.26   398701   412883   429468          398701          412883          429468 0.966795  3157.79      0.0840235
   0.64     47.8487     -686.91     -423.37     283.541   398524   412883   429145          398524          412883          429145 0.966244  3158.33        0.08535
  0.642     45.4149    -687.494    -422.804     282.838   398317   412883   428843          398317          412883          428843 0.965963  3158.87      0.0866798
  0.644     42.9978    -688.079    -422.239     282.154   398096   411051   428483          398096          411051          428483 0.965363  3159.42      0.0880133
  0.646     40.5971    -688.666    -421.675      281.49   397744   411051   428190          397744          411051          428190 0.966037  3159.98      0.0893511
  0.648     38.2129    -689.253    -421.113     280.846   397563   411051   427983          397563          411051          427983 0.966143  3160.55      0.0906938
   0.65     35.8448    -689.841    -420.552     280.224   397199   411051   427625          397199          411051          427625 0.966463  3161.13       0.092042
  0.652     33.4928     -690.43    -419.992     279.624   397079   410543   427294          397079          410543          427294 0.965484  3161.72       0.093396
  0.654     31.1567     -691.02    -419.433     279.047   396966   410543   426999          396966          410543          426999 0.964608  3162.31      0.0947564
  0.656     28.8363    -691.611    -418.876     278.493   396745   408638   426475          396745          408638          426475 0.96296  3162.91      0.0961237
  0.658     26.5315    -692.203    -418.319     277.963   396413   408638   426218          396413          408638          426218 0.963693  3163.53      0.0974983
   0.66     24.2421    -692.796    -417.764     277.456   396201   408638   425908          396201          408638          425908 0.963382  3164.15      0.0988806
  0.662     21.9679     -693.39    -417.209     276.972   395894   408638   425599          395894          408638          425599 0.963694  3164.78       0.100271
  0.664     19.7089    -693.985    -416.656     276.512   395617   408638   425128          395617          408638          425128 0.962834  3165.42        0.10167
  0.666     17.4649     -694.58    -416.103     276.075   395512   408638   424685          395512          408638          424685 0.96109  3166.06       0.103078
  0.668     15.2357    -695.177    -415.552     275.661   395385   408638   424479          395385          408638          424479 0.960952  3166.72       0.104496
   0.67     13.0212    -695.775    -415.001      275.27   395002   408638   424250          395002          408638          424250 0.962271  3167.39       0.105923
  0.672     10.8213    -696.373    -414.451     274.901   394899   408638   424038          394899          408638          424038 0.961856  3168.06        0.10736
  0.674     8.63583    -696.973    -413.901     274.554   394711   408638   423542          394711          408638          423542 0.960124  3168.75       0.108808
  0.676     6.46462    -697.573    -413.352     274.228   394479   408638   423322          394479          408638          423322 0.960463  3169.44       0.110267
  0.678     4.30757    -698.175    -412.804     273.924   394259   408638   423071          394259          408638          423071 0.960484  3170.15       0.111737
   0.68     2.16454    -698.777    -412.257     273.641   394144   408638   422836          394144          408638          422836 0.959842  3170.86        0.11322
  0.682   0.0354127     -699.38     -411.71     273.379   393937   408638   422671          393937          408638          422671 0.960149  3171.58       0.114715
  0.684    -2.07995    -699.984    -411.163     273.137   393641   408638   422351          393641          408638          422351 0.960011  3172.32       0.116223
  0.686    -4.18168    -700.589    -410.617     272.916   392999   408431   422096          392999          408431          422096 0.962593  3173.06       0.117744
  0.688    -6.26989    -701.195    -410.071     272.714   392808   408431   421747          392808          408431          421747 0.961763  3173.81        0.11928
   0.69    -8.34471    -701.802    -409.526     272.533   392625   408431   421499          392625          408431          421499 0.961516  3174.57       0.120831
  0.692    -10.4063    -702.409    -408.981     272.372   392363   408431   421334          392363          408431          421334 0.962214  3175.34       0.122398
  0.694    -12.4547    -703.018    -408.437     272.231   392023   408431   421078          392023          408431          421078 0.962781  3176.13        0.12398
  0.696      -14.49    -703.627    -407.892      272.11   391835   408431   420950          391835          408431          420950 0.963181  3176.92        0.12558
  0.698    -16.5125    -704.237    -407.348      272.01   391525   403792   420576          391525          403792          420576 0.962817  3177.72       0.127198
    0.7    -18.5221    -704.849    -406.804      271.93   391376   403709   420308          391376          403709          420308 0.962092  3178.54       0.128835
  0.702    -20.5191    -705.461     -406.26     271.872   391121   403709   420058          391121          403709          420058 0.962048  3179.36       0.130492
  0.704    -22.5034    -706.073    -405.717     271.834   390761   403709   419813          390761          403709          419813 0.962708   3180.2       0.132169
  0.706    -24.4754    -706.687    -405.173     271.819   390558   403709   419466          390558          403709          419466 0.961807  3181.04       0.133868
  0.708    -26.4349    -707.302    -404.629     271.825   390205   403709   419169          390205          403709          419169 0.96221   3181.9        0.13559
   0.71    -28.3822    -707.917    -404.086     271.855   389908   403709   418966          389908          403709          418966 0.962819  3182.77       0.137335
  0.712    -30.3174    -708.533    -403.542     271.907   389748   403709   418677          389748          403709          418677 0.962031  3183.65       0.139106
  0.714    -32.2405    -709.151    -402.998     271.983   389351   403709   418466          389351          403709          418466 0.963159  3184.54       0.140902
  0.716    -34.1517    -709.769    -402.454     272.083   389031   403709   418246          389031          403709          418246 0.963818  3185.44       0.142725
  0.718    -36.0511    -710.387     -401.91     272.208   388856   403709   417907          388856          403709          417907 0.962849  3186.36       0.144575
   0.72    -37.9388    -711.007    -401.365     272.359   388570   403709   417717          388570          403709          417717 0.963452  3187.29       0.146455
  0.722    -39.8148    -711.628     -400.82     272.535   388428   403709   417538          388428          403709          417538 0.963171  3188.23       0.148365
  0.724    -41.6793    -712.249    -400.275     272.738   388317   401921   417287          388317          401921          417287 0.962193  3189.18       0.150305
  0.726    -43.5323    -712.871    -399.729     272.968   388074   401921   416937          388074          401921          416937 0.961377  3190.14       0.152278
  0.728     -45.374    -713.494    -399.183     273.225   387823   401921   416728          387823          401921          416728 0.961496  3191.12       0.154283
   0.73    -47.2045    -714.118    -398.636      273.51   387598   401116   416574          387598          401116          416574 0.961745  3192.11       0.156321
  0.732    -49.0238    -714.743    -398.089     273.823   387319   401116   416331          387319          401116          416331 0.961702  3193.12       0.158394
  0.734     -50.832    -715.369    -397.541     274.165   387069   401116   416152          387069          401116          416152 0.961859  3194.14       0.160502
  0.736    -52.6293    -715.995    -396.992     274.536   386637   401116   415941          386637          401116          415941 0.962921  3195.17       0.162645
  0.738    -54.4157    -716.622    -396.443     274.935   386434   401116   415663          386434          401116          415663 0.962211  3196.21       0.164823
   0.74    -56.1913     -717.25    -395.893     275.364   386206   398981   415335          386206          398981          415335 0.961381  3197.28       0.167038
  0.742    -57.9562    -717.879    -395.341     275.821   385666   398981   415157          385666          398981          415157 0.963425  3198.35       0.169289
  0.744    -59.7105    -718.509    -394.789     276.308   385552   398981   414904          385552          398981          414904 0.962376  3199.44       0.171577
  0.746    -61.4543     -719.14    -394.236     276.823   385388   398981   414743          385388          398981          414743 0.962121  3200.55         0.1739
  0.748    -63.1876    -719.771    -393.682     277.367   385270   398981   414552          385270          398981          414552 0.961311  3201.67        0.17626
   0.75    -64.9105    -720.404    -393.127     277.938   384961   398981   414212          384961          398981          414212 0.960685   3202.8       0.178655
  0.752    -66.6232    -721.037     -392.57     278.537   384777   398981   414018          384777          398981          414018 0.960266  3203.96       0.181085
  0.754    -68.3256    -721.671    -392.013     279.163   384564   398827   413801          384564          398827          413801 0.959806  3205.12       0.183549
  0.756    -70.0179    -722.306    -391.454     279.814   384377   398827   413634          384377          398827          413634 0.959436  3206.31       0.186047
  0.758    -71.7002    -722.941    -390.893     280.491   383975   398827   413434          383975          398827          413434 0.960167  3207.51       0.188576
   0.76    -73.3725    -723.578    -390.332     281.191   383617   398827   413252          383617          398827          413252 0.960784  3208.73       0.191136
  0.762     -75.035    -724.215    -389.769     281.914   383327   398827   413070          383327          398827          413070 0.960955  3209.96       0.193724
  0.764    -76.6876    -724.853    -389.204     282.658   383090   398827   412922          383090          398827          412922 0.960974  3211.22        0.19634
  0.766    -78.3304    -725.493    -388.638     283.422   382642   398827   412630          382642          398827          412630 0.961374  3212.49       0.198981
  0.768    -79.9636    -726.132     -388.07     284.204   382334   398827   412496          382334          398827          412496 0.96199  3213.77       0.201645
   0.77    -81.5872    -726.773    -387.501     285.002   381832   397320   412308          381832          397320          412308 0.963441  3215.08       0.204329
  0.772    -83.2013    -727.415     -386.93     285.815   381631   397320   411936          381631          397320          411936 0.961999   3216.4       0.207031
  0.774    -84.8059    -728.057    -386.358     286.641   381120   397320   411721          381120          397320          411721 0.963449  3217.74       0.209747
  0.776    -86.4012    -728.701    -385.784     287.477   380651   397320   411496          380651          397320          411496 0.964761   3219.1       0.212476
  0.778    -87.9871    -729.345    -385.208     288.321   380518   397320   411369          380518          397320          411369 0.96457  3220.48       0.215213
   0.78    -89.5638     -729.99     -384.63      289.17   380284   397320   411218          380284          397320          411218 0.964753  3221.87       0.217954
  0.782    -91.1313    -730.636    -384.051     290.023   379782   395634   411103          379782          395634          411103 0.966801  3223.29       0.220698
  0.784    -92.6897    -731.283     -383.47     290.877   379637   395634   410894          379637          395634          410894 0.966153  3224.72       0.223438
  0.786    -94.2391    -731.931    -382.888      291.73   379291   395634   410676          379291          395634          410676 0.966665  3226.17       0.226173
  0.788    -95.7795    -732.579    -382.303     292.577   379015   395634   410543          379015          395634          410543 0.967253  3227.64       0.228897
   0.79     -97.311    -733.229    -381.717     293.418   378688   395634   410246          378688          395634          410246 0.967229  3229.12       0.231606
  0.792    -98.8336    -733.879     -381.13     294.249   378242   395634   410022          378242          395634          410022 0.968449  3230.63       0.234296
  0.794    -100.347     -734.53     -380.54     295.067   378066   395634   409830          378066          395634          409830 0.968254  3232.15       0.236963
  0.796    -101.853    -735.182    -379.949     295.869   377733   395634   409676          377733          395634          409676 0.9692  3233.69       0.239602
  0.798    -103.349    -735.835    -379.357     296.654   377550   395634   409548          377550          395634          409548 0.969419  3235.25       0.242209
    0.8    -104.837    -736.489    -378.763     297.417   377298   395634   409337          377298          395634          409337 0.969545  3236.83       0.244779
  0.802    -106.316    -737.144    -378.167     298.156   376997   395634   409044          376997          395634          409044 0.969532  3238.42       0.247309
  0.804    -107.787      -737.8     -377.57     298.868   376792   395634   408885          376792          395634          408885 0.96973  3240.03       0.249792
  0.806     -109.25    -738.456    -376.972     299.552   376446   395634   408796          376446          395634          408796 0.971092  3241.66       0.252226
  0.808    -110.704    -739.114    -376.372     300.204   376228   393028   408686          376228          393028          408686 0.971581   3243.3       0.254606
   0.81     -112.15    -739.772    -375.771     300.821   375989   393028   408486          375989          393028          408486 0.971689  3244.96       0.256928
  0.812    -113.588    -740.431    -375.169     301.402   375705   393028   408093          375705          393028          408093 0.971033  3246.64       0.259188
  0.814    -115.017    -741.091    -374.565     301.944   375454   393028   407889          375454          393028          407889 0.971316  3248.33       0.261382
  0.816    -116.438    -741.752    -373.961     302.445   375201   393028   407631          375201          393028          407631 0.971342  3250.03       0.263506
  0.818    -117.852    -742.414    -373.356     302.903   374803   393028   407450          374803          393028          407450 0.972619  3251.75       0.265558
   0.82    -119.257    -743.077    -372.749     303.317   374593   389918   407210          374593          389918          407210 0.97262  3253.49       0.267534
  0.822    -120.655    -743.741    -372.142     303.684   374429   389224   406855          374429          389224          406855 0.971769  3255.23       0.269431
  0.824    -122.044    -744.405    -371.535     304.003   374302   389224   406590          374302          389224          406590 0.971209  3256.99       0.271247
  0.826    -123.426    -745.071    -370.926     304.274   374174   389224   406356          374174          389224          406356 0.970804  3258.77        0.27298
  0.828      -124.8    -745.737    -370.318     304.495   374044   389224   405786          374044          389224          405786 0.968665  3260.55       0.274627
   0.83    -126.166    -746.404    -369.709     304.665   373969   389224   405562          373969          389224          405562 0.968054  3262.35       0.276188
  0.832    -127.525    -747.073    -369.099     304.784   373876   389224   405373          373876          389224          405373 0.967677  3264.16        0.27766
  0.834    -128.876    -747.742    -368.489     304.851   373747   389224   405095          373747          389224          405095 0.966979  3265.97       0.279043
  0.836     -130.22    -748.411     -367.88     304.867   373573   389068   404906          373573          389068          404906 0.966951   3267.8       0.280336
  0.838    -131.556    -749.082     -367.27      304.83   373423   389068   404782          373423          389068          404782 0.967086  3269.64        0.28154
   0.84    -132.884    -749.754     -366.66     304.742   373179   389068   404641          373179          389068          404641 0.967577  3271.48       0.282653
  0.842    -134.206    -750.427    -366.051     304.603   372827   389068   404501          372827          389068          404501 0.968675  3273.34       0.283678
  0.844     -135.52      -751.1    -365.442     304.414   372429   389068   404356          372429          389068          404356 0.969984   3275.2       0.284614
  0.846    -136.827    -751.774    -364.833     304.175   372267   389068   404191          372267          389068          404191 0.969957  3277.06       0.285463
  0.848    -138.126    -752.449    -364.225     303.888   372019   389068   404072          372019          389068          404072 0.970597  3278.94       0.286225
   0.85    -139.419    -753.126    -363.618     303.554   371771   385743   403901          371771          385743          403901 0.970944  3280.82       0.286904
  0.852    -140.704    -753.802    -363.011     303.174   371520   385743   403793          371520          385743          403793 0.971618   3282.7       0.287501
  0.854    -141.982     -754.48    -362.405      302.75   371382   385743   403378          371382          385743          403378 0.970109  3284.59       0.288019
  0.856    -143.254    -755.159      -361.8     302.284   371095   385743   403124          371095          385743          403124 0.970298  3286.49       0.288459
  0.858    -144.518    -755.838    -361.196     301.777   370848   385743   403004          370848          385743          403004 0.970993  3288.39       0.288825
   0.86    -145.776    -756.519    -360.593     301.231   370559   385743   402638          370559          385743          402638 0.970613  3290.29        0.28912
  0.862    -147.027      -757.2    -359.991     300.649   370319   385743   402499          370319          385743          402499 0.971248  3292.19       0.289348
  0.864    -148.271    -757.882    -359.391     300.033   370043   385743   402267          370043          385743          402267 0.971578   3294.1       0.289511
  0.866    -149.508    -758.565    -358.791     299.385   369828   385743   402129          369828          385743          402129 0.972109     3296       0.289613
  0.868    -150.738    -759.248    -358.193     298.708   369724   385743   401937          369724          385743          401937 0.971735  3297.91       0.289659
   0.87    -151.963    -759.933    -357.596     298.003   369529   380749   401686          369529          380749          401686 0.971513  3299.83       0.289651
  0.872     -153.18    -760.618    -357.001     297.274   369419   380749   401346          369419          380749          401346 0.9704  3301.74       0.289594
  0.874    -154.391    -761.304    -356.407     296.523   369386   380749   401177          369386          380749          401177 0.969738  3303.65       0.289492
  0.876    -155.596    -761.991    -355.815     295.751   369059   380749   400763          369059          380749          400763 0.969344  3305.56       0.289349
  0.878    -156.794    -762.679    -355.224     294.963   368965   380749   400497          368965          380749          400497 0.968522  3307.48       0.289169
   0.88    -157.985    -763.368    -354.635      294.16   368891   380749   400175          368891          380749          400175 0.967237  3309.39       0.288955
  0.882    -159.171    -764.057    -354.048     293.344   368586   380749   399974          368586          380749          399974 0.967989   3311.3       0.288713
  0.884     -160.35    -764.747    -353.462     292.519   368423   380749   399755          368423          380749          399755 0.967825  3313.21       0.288445
  0.886    -161.523    -765.438    -352.878     291.686   368301   380749   399594          368301          380749          399594 0.967738  3315.12       0.288156
  0.888     -162.69     -766.13    -352.295     290.848   367978   380749   399304          367978          380749          399304 0.968088  3317.03        0.28785
   0.89    -163.851    -766.822    -351.714     290.007   367872   380749   399091          367872          380749          399091 0.967633  3318.94       0.287531
  0.892    -165.006    -767.515    -351.135     289.166   367744   380749   398939          367744          380749          398939 0.967652  3320.85       0.287202
  0.894    -166.154    -768.209    -350.557     288.326   367683   380749   398573          367683          380749          398573 0.965954  3322.76       0.286867
  0.896    -167.297    -768.904    -349.982     287.489   367432   380749   398185          367432          380749          398185 0.965332  3324.66       0.286529
  0.898    -168.434    -769.599    -349.408     286.658   367318   380749   398006          367318          380749          398006 0.965166  3326.57       0.286192
    0.9    -169.565    -770.296    -348.835     285.835   366936   380749   397868          366936          380749          397868 0.966863  3328.47       0.285859
  0.902     -170.69    -770.993    -348.264     285.021   366845   380749   397532          366845          380749          397532 0.965613  3330.37       0.285534
  0.904    -171.809     -771.69    -347.695     284.218   366708   380749   397387          366708          380749          397387 0.9658  3332.28       0.285218
  0.906    -172.923    -772.389    -347.127     283.427   366504   380749   397181          366504          380749          397181 0.96601  3334.18       0.284915
  0.908     -174.03    -773.088    -346.561     282.651   366333   378318   396647          366333          378318          396647 0.964098  3336.08       0.284629
   0.91    -175.133    -773.788    -345.997      281.89   366140   378318   396507          366140          378318          396507 0.964766  3337.97        0.28436
  0.912    -176.229    -774.488    -345.434     281.146   366034   378318   396294          366034          378318          396294 0.964399  3339.87       0.284112
  0.914     -177.32    -775.189    -344.872      280.42   365782   378318   396030          365782          378318          396030 0.964652  3341.77       0.283888
  0.916    -178.406    -775.891    -344.312     279.714   365632   378318   395852          365632          378318          395852 0.964802  3343.67       0.283688
  0.918    -179.486    -776.594    -343.753     279.029   365557   378318   395651          365557          378318          395651 0.964294  3345.56       0.283515
   0.92     -180.56    -777.297    -343.196     278.364   365452   378318   395196          365452          378318          395196 0.962384  3347.46       0.283372
  0.922    -181.629    -778.001     -342.64     277.723   365373   378318   395059          365373          378318          395059 0.962304  3349.36       0.283259
  0.924    -182.693    -778.706    -342.085     277.104   365329   378318   394567          365329          378318          394567 0.959683  3351.26       0.283179
  0.926    -183.751    -779.412    -341.531     276.509   365073   378318   394407          365073          378318          394407 0.960604  3353.15       0.283132
  0.928    -184.805    -780.118    -340.979      275.94   364991   378318   393853          364991          378318          393853 0.957861  3355.05       0.283121
   0.93    -185.852    -780.824    -340.428     275.395   364921   378318   393747          364921          378318          393747 0.957946  3356.95       0.283146
  0.932    -186.895    -781.532    -339.877     274.876   364689   378318   393530          364689          378318          393530 0.958331  3358.86       0.283209
  0.934    -187.933     -782.24    -339.328     274.384   364619   378318   393376          364619          378318          393376 0.958032  3360.76       0.283311
  0.936    -188.965    -782.949     -338.78     273.918   364495   378318   393300          364495          378318          393300 0.95851  3362.66       0.283453
  0.938    -189.992    -783.658    -338.232     273.479   364401   378318   393127          364401          378318          393127 0.958096  3364.57       0.283635
   0.94    -191.014    -784.368    -337.686     273.068   364118   378318   393031          364118          378318          393031 0.959364  3366.48       0.283859
  0.942    -192.032    -785.079     -337.14     272.685   363977   378318   392635          363977          378318          392635 0.957786  3368.39       0.284125
  0.944    -193.044     -785.79    -336.595     272.329   363657   378318   392381          363657          378318          392381 0.958334  3370.31       0.284434
  0.946    -194.051    -786.502    -336.051     272.001   363412   378318   392208          363412          378318          392208 0.958945  3372.23       0.284786
  0.948    -195.053    -787.215    -335.507     271.702   363215   378318   392083          363215          378318          392083 0.95952  3374.15       0.285182
   0.95    -196.051    -787.928    -334.964     271.431   362973   378318   391777          362973          378318          391777 0.959227  3376.08       0.285623
  0.952    -197.043    -788.642    -334.421     271.188   362593   374829   391570          362593          374829          391570 0.960448  3378.01       0.286109
  0.954    -198.031    -789.357    -333.879     270.973   362460   374829   391299          362460          374829          391299 0.959744  3379.94        0.28664
  0.956    -199.014    -790.072    -333.337     270.787   362381   374829   391123          362381          374829          391123 0.959286  3381.88       0.287217
  0.958    -199.992    -790.788    -332.796     270.629   362295   374724   390928          362295          374724          390928 0.958685  3383.83       0.287839
   0.96    -200.965    -791.504    -332.255     270.499   362121   374724   390806          362121          374724          390806 0.959069  3385.78       0.288508
  0.962    -201.934    -792.221    -331.714     270.398   361961   374724   390606          361961          374724          390606 0.958832  3387.74       0.289223
  0.964    -202.898    -792.939    -331.173     270.325   361804   374724   390407          361804          374724          390407 0.958565   3389.7       0.289985
  0.966    -203.857    -793.657    -330.633     270.279   361691   374724   390252          361691          374724          390252 0.958253  3391.67       0.290794
  0.968    -204.812    -794.376    -330.092     270.262   361522   374724   390064          361522          374724          390064 0.958053  3393.65        0.29165
   0.97    -205.762    -795.096    -329.552     270.272   361236   374724   389876          361236          374724          389876 0.958626  3395.63       0.292553
  0.972    -206.708    -795.816    -329.011      270.31   361160   374724   389607          361160          374724          389607 0.957297  3397.62       0.293503
  0.974    -207.649    -796.537     -328.47     270.376   361062   374724   389432          361062          374724          389432 0.956678  3399.62       0.294501
  0.976    -208.586    -797.258    -327.929     270.468   360838   374724   389316          360838          374724          389316 0.957235  3401.62       0.295546
  0.978    -209.518     -797.98    -327.388     270.588   360502   374724   389193          360502          374724          389193 0.958468  3403.64       0.296639
   0.98    -210.446    -798.703    -326.847     270.734   360317   374724   389011          360317          374724          389011 0.958329  3405.66       0.297779
  0.982    -211.369    -799.426    -326.305     270.908   360117   374724   388747          360117          374724          388747 0.957754   3407.7       0.298966
  0.984    -212.288     -800.15    -325.763     271.107   359868   374724   388573          359868          374724          388573 0.958076  3409.74       0.300201
  0.986    -213.203    -800.875    -325.221     271.333   359693   374724   388159          359693          374724          388159 0.956428  3411.79       0.301484
  0.988    -214.113      -801.6    -324.678     271.585   359458   374724   387998          359458          374724          387998 0.956797  3413.85       0.302813
   0.99    -215.019    -802.325    -324.135     271.863   359171   374724   387902          359171          374724          387902 0.957902  3415.93        0.30419
  0.992    -215.921    -803.052    -323.591     272.166   358888   374724   387723          358888          374724          387723 0.958454  3418.01       0.305615
  0.994    -216.818    -803.779    -323.046     272.494   358722   374724   387434          358722          374724          387434 0.957568   3420.1       0.307086
  0.996    -217.711    -804.506    -322.501     272.847   358642   374724   387362          358642          374724          387362 0.957466  3422.21       0.308604
  0.998      -218.6    -805.235    -321.955     273.225   358410   374724   387150          358410          374724          387150 0.957392  3424.33       0.310169
      1    -219.485    -805.963    -321.408     273.627   357993   374724   386993          357993          374724          386993 0.958839  3426.46        0.31178
  1.002    -220.366    -806.693     -320.86     274.053   357711   374724   386892          357711          374724          386892 0.959808   3428.6       0.313437
  1.004    -221.243    -807.423    -320.311     274.503   357456   374724   386811          357456          374724          386811 0.960712  3430.76        0.31514
  1.006    -222.115    -808.153    -319.762     274.975   357145   369913   386669          357145          369913          386669 0.961565  3432.93       0.316888
  1.008    -222.984    -808.885    -319.212     275.471   356987   369913   386504          356987          369913          386504 0.961339  3435.11       0.318681
   1.01    -223.848    -809.617     -318.66     275.989   356637   369913   386278          356637          369913          386278 0.961955  3437.31       0.320518
  1.012    -224.708    -810.349    -318.108      276.53   356358   369913   386075          356358          369913          386075 0.962295  3439.52       0.322399
  1.014    -225.565    -811.082    -317.554     277.092   356272   369913   385931          356272          369913          385931 0.961814  3441.74       0.324324
  1.016    -226.417    -811.816    -316.999     277.675   356047   369913   385815          356047          369913          385815 0.962321  3443.98        0.32629
  1.018    -227.266     -812.55    -316.443     278.278   355889   369913   385744          355889          369913          385744 0.962658  3446.24       0.328299
   1.02     -228.11    -813.285    -315.886     278.902   355762   369913   385189          355762          369913          385189 0.959825  3448.51       0.330349
  1.022    -228.951    -814.021    -315.328     279.545   355571   369913   385052          355571          369913          385052 0.960025  3450.79       0.332439
  1.024    -229.787    -814.757    -314.768     280.207   355444   369913   384918          355444          369913          384918 0.959797   3453.1       0.334568
  1.026     -230.62    -815.494    -314.207     280.888   355330   369913   384662          355330          369913          384662 0.958689  3455.41       0.336735
  1.028    -231.449    -816.231    -313.644     281.587   355040   369913   384444          355040          369913          384444 0.958932  3457.75       0.338939
   1.03    -232.274     -816.97     -313.08     282.302   354859   369913   384280          354859          369913          384280 0.958846   3460.1        0.34118
  1.032    -233.096    -817.708    -312.515     283.034   354674   369913   384077          354674          369913          384077 0.958517  3462.47       0.343455
  1.034    -233.913    -818.448    -311.948     283.782   354471   369913   384013          354471          369913          384013 0.959156  3464.86       0.345763
  1.036    -234.727    -819.188     -311.38     284.544   354281   369913   383832          354281          369913          383832 0.958947  3467.26       0.348104
  1.038    -235.537    -819.928     -310.81     285.321   354090   369913   383762          354090          369913          383762 0.959395  3469.69       0.350475
   1.04    -236.343     -820.67    -310.239     286.112   353892   369913   383678          353892          369913          383678 0.959774  3472.13       0.352875
  1.042    -237.146    -821.412    -309.666     286.914   353729   369913   383453          353729          369913          383453 0.959042  3474.59       0.355303
  1.044    -237.945    -822.154    -309.091     287.729   353490   369913   383343          353490          369913          383343 0.959475  3477.07       0.357756
  1.046     -238.74    -822.897    -308.515     288.554   353227   369913   383122          353227          369913          383122 0.959353  3479.56       0.360233
  1.048    -239.531    -823.641    -307.937      289.39   352624   367983   382958          352624          367983          382958 0.961726  3482.08       0.362733
   1.05    -240.319    -824.386    -307.357     290.234   352405   367983   382807          352405          367983          382807 0.961903  3484.62       0.365253
  1.052    -241.104    -825.131    -306.776     291.086   352020   367983   382712          352020          367983          382712 0.963451  3487.17       0.367792
  1.054    -241.885    -825.877    -306.193     291.946   351791   367983   382584          351791          367983          382584 0.963868  3489.75       0.370347
  1.056    -242.662    -826.623    -305.608     292.812   351597   367983   382482          351597          367983          382482 0.964237  3492.34       0.372917
  1.058    -243.435     -827.37    -305.022     293.682   351257   367983   382382          351257          367983          382382 0.965495  3494.96       0.375499
   1.06    -244.205    -828.118    -304.433     294.557   351186   367983   382198          351186          367983          382198 0.964638  3497.59       0.378091
  1.062    -244.972    -828.866    -303.843     295.435   350997   367983   382053          350997          367983          382053 0.964699  3500.25       0.380692
  1.064    -245.735    -829.615    -303.252     296.315   350570   366949   381935          350570          366949          381935 0.966353  3502.92       0.383299
  1.066    -246.495    -830.365    -302.658     297.197   350336   366949   381837          350336          366949          381837 0.967015  3505.62        0.38591
  1.068    -247.251    -831.116    -302.063     298.078   350177   366949   381632          350177          366949          381632 0.966606  3508.33       0.388523
   1.07    -248.003    -831.867    -301.466     298.958   350004   366949   381457          350004          366949          381457 0.966438  3511.07       0.391135
  1.072    -248.752    -832.618    -300.867     299.836   349848   366949   381364          349848          366949          381364 0.966644  3513.83       0.393745
  1.074    -249.498    -833.371    -300.266     300.712   349773   365843   381283          349773          365843          381283 0.966409   3516.6       0.396351
  1.076    -250.241    -834.124    -299.664     301.583   349604   365843   381183          349604          365843          381183 0.966584   3519.4        0.39895
  1.078     -250.98    -834.878     -299.06     302.449   349316   365843   381047          349316          365843          381047 0.967213  3522.22        0.40154
   1.08    -251.715    -835.632    -298.454      303.31   349178   365843   380954          349178          365843          380954 0.967242  3525.06        0.40412
  1.082    -252.448    -836.387    -297.847     304.163   348990   365707   380845          348990          365707          380845 0.967438  3527.92       0.406687
  1.084    -253.177    -837.143    -297.238     305.009   348805   365707   380759          348805          365707          380759 0.96773   3530.8        0.40924
  1.086    -253.902    -837.899    -296.627     305.847   348561   365707   380352          348561          365707          380352 0.966551   3533.7       0.411776
  1.088    -254.625    -838.657    -296.014     306.675   348310   365707   380222          348310          365707          380222 0.967037  3536.62       0.414295
   1.09    -255.344    -839.414      -295.4     307.493   348141   365707   380143          348141          365707          380143 0.967357  3539.56       0.416795
  1.092     -256.06    -840.173    -294.784       308.3   347851   365706   380071          347851          365706          380071 0.968409  3542.52       0.419273
  1.094    -256.772    -840.932    -294.167     309.096   347681   365706   379932          347681          365706          379932 0.968382   3545.5       0.421729
  1.096    -257.481    -841.692    -293.548      309.88   347472   365706   379855          347472          365706          379855 0.968919   3548.5       0.424162
  1.098    -258.188    -842.453    -292.927     310.651   347282   365706   379600          347282          365706          379600 0.968324  3551.52       0.426571
    1.1     -258.89    -843.214    -292.305     311.409   347124   365706   379522          347124          365706          379522 0.968552  3554.56       0.428953
  1.102     -259.59    -843.976    -291.682     312.153   346912   365706   379350          346912          365706          379350 0.968537  3557.62        0.43131
  1.104    -260.287    -844.739    -291.057     312.884   346755   365706   379216          346755          365706          379216 0.968424   3560.7       0.433639
  1.106     -260.98    -845.502     -290.43       313.6   346577   365706   379128          346577          365706          379128 0.968663  3563.79       0.435942
  1.108     -261.67    -846.266    -289.802     314.302   346431   365706   379025          346431          365706          379025 0.968605  3566.91       0.438216
