# n_walkers  560  n_cull  1  simple log(alpha)  -0.001784121793501292
#   T     log_Z(T)      F(T)        U(T)       Cvp(T)    low_pct_i(T) mode_i(T) high_pct_i(T) low_pct_iter(T)  mode_iter(T)   high_pct_iter(T) Z_fract(T)   V(T)   thermal_exp(T)
   0.01     73318.9     -746.37    -745.125     120.931   735166   735239   735239          735166          735239          735239 0.92061  1611.11     0.00569901
  0.012     60880.2    -746.379    -744.883     120.977   735152   735239   735239          735152          735239          735239 0.921077  1611.13     0.00593594
  0.014     51995.4    -746.389    -744.641     121.024   735137   735239   735239          735137          735239          735239 0.923765  1611.15     0.00570757
  0.016     45331.8    -746.398    -744.399     121.069   735124   735239   735239          735124          735239          735239 0.922047  1611.16     0.00531393
  0.018       40149    -746.408    -744.157     121.114   735114   735239   735239          735114          735239          735239 0.913898  1611.18     0.00488847
   0.02     36002.8    -746.419    -743.915     121.158   735098   735239   735239          735098          735239          735239 0.913379  1611.19     0.00448756
  0.022     32610.5    -746.429    -743.672     121.201   735081   735239   735239          735081          735239          735239 0.915151  1611.21     0.00413194
  0.024     29783.6     -746.44     -743.43     121.245   735068   735239   735239          735068          735239          735239 0.910888  1611.22     0.00382619
  0.026     27391.6    -746.451    -743.187     121.288   735051   735239   735239          735051          735239          735239 0.911179  1611.23      0.0035679
  0.028     25341.3    -746.462    -742.945     121.331   735033   735239   735239          735033          735239          735239 0.912153  1611.24     0.00335202
   0.03     23564.3    -746.473    -742.702     121.375   735019   735239   735239          735019          735239          735239 0.908756  1611.25     0.00317294
  0.032     22009.6    -746.485    -742.459     121.419   735007   735239   735239          735007          735239          735239 0.902817  1611.26     0.00302534
  0.034     20637.7    -746.496    -742.216     121.464   734994   735239   735239          734994          735239          735239 0.897506  1611.27     0.00290457
  0.036     19418.2    -746.508    -741.973     121.508   734970   735239   735239          734970          735239          735239 0.90181  1611.28     0.00280668
  0.038     18327.2     -746.52     -741.73     121.553   734952   735239   735239          734952          735239          735239 0.900297  1611.29     0.00272835
   0.04     17345.2    -746.532    -741.487     121.599   734924   735239   735239          734924          735239          735239 0.90647   1611.3     0.00266682
  0.042     16456.8    -746.545    -741.244     121.645   734907   735239   735239          734907          735239          735239 0.904027  1611.31     0.00261976
  0.044     15649.1    -746.557    -741.001     121.692   734892   735239   735239          734892          735239          735239 0.899931  1611.32     0.00258518
  0.046     14911.7     -746.57    -740.757      121.74   734870   735239   735239          734870          735239          735239 0.899919  1611.33     0.00256137
  0.048     14235.7    -746.583    -740.514     121.788   734853   735239   735239          734853          735239          735239 0.896635  1611.33     0.00254682
   0.05     13613.8    -746.595     -740.27     121.837   734826   735239   735239          734826          735239          735239 0.898887  1611.34     0.00254021
  0.052     13039.8    -746.609    -740.026     121.888   734811   735239   735239          734811          735239          735239 0.894136  1611.35     0.00254036
  0.054     12508.2    -746.622    -739.782      121.94   734788   735239   735239          734788          735239          735239 0.893071  1611.36     0.00254624
  0.056     12014.7    -746.635    -739.539     121.993   734766   735239   735239          734766          735239          735239 0.891146  1611.37     0.00255692
  0.058     11555.2    -746.649    -739.295     122.048   734738   735239   735239          734738          735239          735239 0.891852  1611.38     0.00257159
   0.06     11126.3    -746.662     -739.05     122.104   734712   735239   735239          734712          735239          735239 0.891356  1611.38     0.00258954
  0.062     10725.1    -746.676    -738.806     122.162   734684   735239   735239          734684          735239          735239 0.891462  1611.39     0.00261017
  0.064     10348.9     -746.69    -738.562     122.222   734640   735239   735239          734640          735239          735239 0.897765   1611.4     0.00263296
  0.066     9995.61    -746.704    -738.317     122.283   734603   735239   735239          734603          735239          735239 0.901238  1611.41     0.00265749
  0.068     9663.07    -746.718    -738.073     122.347   734577   735239   735239          734577          735239          735239 0.900372  1611.42      0.0026834
   0.07     9349.52    -746.733    -737.828     122.414   734540   735239   735239          734540          735239          735239 0.903026  1611.43     0.00271044
  0.072      9053.4    -746.747    -737.583     122.482   734522   735239   735239          734522          735239          735239 0.898945  1611.44      0.0027384
  0.074     8773.29    -746.762    -737.338     122.553   734486   735239   735239          734486          735239          735239 0.900238  1611.44     0.00276715
  0.076     8507.92    -746.777    -737.093     122.627   734457   735239   735239          734457          735239          735239 0.899287  1611.45     0.00279662
  0.078     8256.16    -746.792    -736.847     122.704   734426   735239   735239          734426          735239          735239 0.898575  1611.46     0.00282678
   0.08        8017    -746.807    -736.602     122.783   734396   735239   735239          734396          735239          735239 0.8972  1611.47     0.00285766
  0.082      7789.5    -746.822    -736.356     122.866   734370   735239   735239          734370          735239          735239 0.894405  1611.48     0.00288934
  0.084     7572.83    -746.837     -736.11     122.953   734326   735239   735239          734326          735239          735239 0.895949  1611.49     0.00292193
  0.086     7366.25    -746.853    -735.864     123.044   734285   735239   735239          734285          735239          735239 0.896453   1611.5     0.00295557
  0.088     7169.05    -746.868    -735.618     123.138   734232   735239   735239          734232          735239          735239 0.899719  1611.51     0.00299044
   0.09     6980.62    -746.884    -735.372     123.238   734185   735239   735239          734185          735239          735239 0.901277  1611.52     0.00302675
  0.092     6800.39      -746.9    -735.125     123.342   734127   735239   735239          734127          735239          735239 0.904869  1611.53     0.00306473
  0.094     6627.83    -746.916    -734.879     123.451   734106   735239   735239          734106          735239          735239 0.900389  1611.54     0.00310466
  0.096     6462.46    -746.932    -734.631     123.566   734052   735239   735239          734052          735239          735239 0.902222  1611.55      0.0031468
  0.098     6303.84    -746.948    -734.384     123.686   734004   735239   735239          734004          735239          735239 0.902666  1611.56     0.00319147
    0.1     6151.56    -746.965    -734.137     123.814   733969   735239   735239          733969          735239          735239 0.900285  1611.57     0.00323899
  0.102     6005.26    -746.982    -733.889     123.949   733908   735239   735239          733908          735239          735239 0.902292  1611.58     0.00328973
  0.104     5864.59    -746.998    -733.641     124.091   733861   735239   735239          733861          735239          735239 0.901719  1611.59     0.00334405
  0.106     5729.23    -747.015    -733.393     124.242   733784   735239   735239          733784          735239          735239 0.905626   1611.6     0.00340235
  0.108     5598.88    -747.032    -733.144     124.401   733721   735239   735239          733721          735239          735239 0.90706  1611.61     0.00346506
   0.11     5473.27     -747.05    -732.895      124.57   733677   735239   735239          733677          735239          735239 0.905297  1611.62     0.00353262
  0.112     5352.16    -747.067    -732.646      124.75   733604   735239   735239          733604          735239          735239 0.90748  1611.63     0.00360551
  0.114     5235.29    -747.085    -732.396     124.941   733533   735239   735239          733533          735239          735239 0.909047  1611.65     0.00368424
  0.116     5122.45    -747.103    -732.146     125.144   733466   735239   735239          733466          735239          735239 0.909658  1611.66     0.00376935
  0.118     5013.44    -747.121    -731.895     125.361   733409   735239   735239          733409          735239          735239 0.908691  1611.67     0.00386141
   0.12     4908.07    -747.139    -731.644     125.591   733346   735239   735239          733346          735239          735239 0.908034  1611.68     0.00396103
  0.122     4806.15    -747.157    -731.393     125.837   733280   735239   735239          733280          735239          735239 0.907334   1611.7     0.00406887
  0.124     4707.52    -747.176    -731.141     126.099   733187   735239   735239          733187          735239          735239 0.909488  1611.71     0.00418562
  0.126     4612.03    -747.194    -730.889      126.38   733081   735239   735239          733081          735239          735239 0.912575  1611.72     0.00431203
  0.128     4519.52    -747.213    -730.636     126.679   733011   735239   735239          733011          735239          735239 0.911552  1611.74      0.0044489
   0.13     4429.85    -747.232    -730.382     126.999   732908   735239   735239          732908          735239          735239 0.913448  1611.75     0.00459709
  0.132     4342.91    -747.252    -730.128     127.341   732840   735239   735239          732840          735239          735239 0.911382  1611.77     0.00475753
  0.134     4258.56    -747.271    -729.873     127.708   732772   735239   735239          732772          735239          735239 0.90891  1611.78     0.00493122
  0.136      4176.7    -747.291    -729.617       128.1   732709   735239   735239          732709          735239          735239 0.90545   1611.8     0.00511923
  0.138     4097.21    -747.311     -729.36     128.521   732561   735239   735239          732561          735239          735239 0.908845  1611.82     0.00532274
   0.14     4019.99    -747.331    -729.103     128.972   732486   735239   735239          732486          735239          735239 0.905606  1611.83     0.00554301
  0.142     3944.95    -747.352    -728.844     129.455   732357   735211   735239          732357          735211          735239 0.906206  1611.85     0.00578142
  0.144        3872    -747.373    -728.585     129.974   732219   735211   735239          732219          735211          735239 0.906871  1611.87     0.00603946
  0.146     3801.05    -747.394    -728.324     130.531   732114   735211   735239          732114          735211          735239 0.904637  1611.89     0.00631878
  0.148     3732.02    -747.415    -728.063     131.129   731893   735196   735239          731893          735196          735239 0.909755  1611.91     0.00662117
   0.15     3664.82    -747.437      -727.8     131.772   731698   735196   735239          731698          735196          735239 0.912809  1611.93      0.0069486
  0.152      3599.4    -747.459    -727.535     132.463   731534   735196   735239          731534          735196          735239 0.913552  1611.96     0.00730322
  0.154     3535.69    -747.481     -727.27     133.207   731367   735196   735239          731367          735196          735239 0.913806  1611.98     0.00768744
  0.156      3473.6    -747.504    -727.003     134.008   731163   735196   735239          731163          735196          735239 0.915488  1612.01     0.00810388
  0.158      3413.1    -747.527    -726.734     134.872   731021   735196   735239          731021          735196          735239 0.913195  1612.03     0.00855547
   0.16      3354.1     -747.55    -726.463     135.805   730773   735196   735239          730773          735196          735239 0.915886  1612.06     0.00904546
  0.162     3296.57    -747.574     -726.19     136.812   730551   735196   735239          730551          735196          735239 0.916614  1612.09     0.00957746
  0.164     3240.44    -747.598    -725.916     137.902   730325   735196   735239          730325          735196          735239 0.916756  1612.12      0.0101555
  0.166     3185.66    -747.623    -725.639     139.083   729972   735196   735239          729972          735196          735239 0.921906  1612.16      0.0107839
  0.168      3132.2    -747.648    -725.359     140.367   729605   735196   735239          729605          735196          735239 0.927402  1612.19      0.0114673
   0.17     3079.99    -747.674    -725.077     141.769   729280   735196   735239          729280          735196          735239 0.930271  1612.23      0.0122093
  0.172        3029      -747.7    -724.792     143.327   729000   735196   735239          729000          735196          735239 0.930849  1612.27      0.0130069
  0.174     2979.19    -747.726    -724.504     145.161   728750   735196   735239          728750          735196          735239 0.929397  1612.31      0.0138255
  0.176     2930.51    -747.754    -724.211     147.792   728388   735196   735239          728388          735196          735239 0.93119  1612.36      0.0144869
  0.178     2882.93    -747.781    -723.911     153.587   728048   735196   735239          728048          735196          735239 0.931121  1612.41      0.0141692
   0.18     2836.41     -747.81    -723.588     173.559   727349   735196   735239          727349          735196          735239 0.940373  1612.45     0.00919686
  0.182     2790.92     -747.84    -723.176     258.351   726951   735196   735239          726951          735196          735239 0.937181  1612.45     -0.0164859
  0.184     2746.44    -747.873    -722.376     627.765   726482   735196   735239          726482          735196          735239 0.921169  1612.25       -0.12862
  0.186     2702.99     -747.92        -720     2015.76   726021   735196   735239          726021          735196          735239 0.848189  1611.31      -0.530334
  0.188     2660.69     -748.01     -713.23     4790.92   647309   735196   735239          647309          735196          735239 0.901821  1608.41       -1.26205
   0.19     2619.77    -748.193    -702.969     4607.15   634886   735196   735239          634886          735196          735239 0.980604  1604.27       -1.06858
  0.192     2580.18    -748.467    -696.482     1993.32   631701   649902   735239          631701          649902          735239 0.98632   1602.2      -0.276995
  0.194     2541.61    -748.782    -693.932     788.583   630278   647563   668318          630278          647563          668318 0.947833  1601.95      0.0550992
  0.196     2503.92    -749.113    -692.759     458.557   628984   647094   666449          628984          647094          666449 0.962376  1602.29       0.136522
  0.198     2467.02    -749.451    -691.943     375.086   628015   641502   664579          628015          641502          664579 0.963851  1602.76       0.151716
    0.2     2430.89    -749.795    -691.221     351.376   627030   641502   662702          627030          641502          662702 0.962163  1603.25        0.15203
  0.202     2395.49    -750.143    -690.528      342.48   626213   641502   660690          626213          641502          660690 0.958112  1603.73       0.149378
  0.204     2360.81    -750.495    -689.848     338.018   625134   641500   659227          625134          641500          659227 0.957559  1604.21       0.146576
  0.206     2326.82    -750.852    -689.175     335.599   624233   641500   657924          624233          641500          657924 0.956058  1604.67       0.144426
  0.208     2293.51    -751.213    -688.505     334.657   622576   639984   656601          622576          639984          656601 0.95788  1605.14       0.143262
   0.21     2260.85    -751.578    -687.836     335.038   621283   636734   655287          621283          636734          655287 0.957486   1605.6       0.143286
  0.212     2228.83    -751.947    -687.164     336.661   619886   636734   654406          619886          636734          654406 0.958864  1606.06       0.144633
  0.214     2197.43     -752.32    -686.488     339.437   618137   636734   653253          618137          636734          653253 0.960688  1606.53       0.147379
  0.216     2166.62    -752.697    -685.806     343.236   616069   633789   652095          616069          633789          652095 0.96486  1607.01       0.151528
  0.218      2136.4    -753.079    -685.115     347.879   615085   633789   651033          615085          633789          651033 0.964113   1607.5       0.157008
   0.22     2106.75    -753.464    -684.414     353.131   613743   633789   650155          613743          633789          650155 0.965661  1608.02       0.163669
  0.222     2077.65    -753.854    -683.702     358.707   612357   632612   649012          612357          632612          649012 0.966277  1608.56       0.171285
  0.224     2049.09    -754.248    -682.979     364.288   611035   629608   647902          611035          629608          647902 0.967018  1609.12       0.179571
  0.226     2021.06    -754.647    -682.245     369.545   610081   629608   646879          610081          629608          646879 0.966192  1609.71        0.18821
  0.228     1993.53     -755.05    -681.501     374.177   608907   629197   645812          608907          629197          645812 0.965918  1610.33       0.196883
   0.23     1966.51    -755.457    -680.749     377.938   607503   629197   644966          607503          629197          644966 0.967949  1610.98       0.205307
  0.232     1939.97    -755.869     -679.99     380.676   606190   627094   643948          606190          627094          643948 0.968142  1611.65       0.213272
  0.234      1913.9    -756.285    -679.227     382.344   604470   627094   643229          604470          627094          643229 0.97176  1612.35       0.220658
  0.236     1888.29    -756.706    -678.461      383.01   603563   616898   642170          603563          616898          642170 0.970155  1613.08       0.227454
  0.238     1863.14    -757.132    -677.695     382.839   602205   616143   640739          602205          616143          640739 0.968721  1613.82       0.233742
   0.24     1838.42    -757.561     -676.93     382.072   601327   616143   639250          601327          616143          639250 0.965191  1614.59       0.239683
  0.242     1814.12    -757.995    -676.167      380.99   600520   616143   637949          600520          616143          637949 0.962155  1615.37       0.245484
  0.244     1790.25    -758.434    -675.406     379.885   599230   616143   636854          599230          616143          636854 0.962469  1616.17       0.251363
  0.246     1766.78    -758.876    -674.648     379.025   598053   616143   635514          598053          616143          635514 0.960897  1616.99       0.257519
  0.248      1743.7    -759.323     -673.89     378.638   596753   616143   634446          596753          616143          634446 0.961665  1617.84       0.264106
   0.25     1721.01    -759.774    -673.133     378.896   595871   615798   633356          595871          615798          633356 0.959917   1618.7       0.271215
  0.252      1698.7     -760.23    -672.374     379.911   594555   615798   632525          594555          615798          632525 0.961089  1619.59       0.278868
  0.254     1676.75    -760.689    -671.612     381.738   592793   611315   631013          592793          611315          631013 0.960927  1620.51       0.287017
  0.256     1655.16    -761.152    -670.846      384.38   591717   611315   630055          591717          611315          630055 0.960604  1621.46       0.295552
  0.258     1633.93     -761.62    -670.074     387.796   590070   611315   629038          590070          611315          629038 0.962465  1622.43       0.304313
   0.26     1613.03    -762.092    -669.295     391.911   588739   611315   627900          588739          611315          627900 0.962512  1623.43       0.313102
  0.262     1592.48    -762.568    -668.506     396.624   587045   608196   626689          587045          608196          626689 0.963857  1624.46       0.321705
  0.264     1572.24    -763.048    -667.708     401.816   585877   605248   625277          585877          605248          625277 0.962115  1625.52       0.329902
  0.266     1552.33    -763.532    -666.899     407.353   584158   605248   623862          584158          605248          623862 0.96307  1626.61       0.337486
  0.268     1532.74    -764.021    -666.078     413.099   582939   602296   623005          582939          602296          623005 0.964249  1627.72       0.344275
   0.27     1513.45    -764.514    -665.246     418.913   581891   602296   621902          581891          602296          621902 0.963069  1628.85       0.350121
  0.272     1494.45    -765.012    -664.403     424.661   580488   602260   620865          580488          602260          620865 0.963398     1630        0.35492
  0.274     1475.76    -765.514    -663.548     430.219   578530   599330   619940          578530          599330          619940 0.966744  1631.16       0.358613
  0.276     1457.35     -766.02    -662.682     435.486   576929   599274   619057          576929          599274          619057 0.968686  1632.33        0.36119
  0.278     1439.22    -766.531    -661.806     440.389   575965   598071   618047          575965          598071          618047 0.967344  1633.52       0.362687
   0.28     1421.37    -767.047    -660.921     444.897   573866   596576   617343          573866          596576          617343 0.97206   1634.7       0.363187
  0.282     1403.78    -767.567    -660.027     449.036   572864   596576   616532          572864          596576          616532 0.971843  1635.89       0.362813
  0.284     1386.46    -768.092    -659.125     452.904   571720   592204   615276          571720          592204          615276 0.970009  1637.08       0.361735
  0.286      1369.4    -768.622    -658.215     456.697   570343   592204   614106          570343          592204          614106 0.969726  1638.26       0.360167
  0.288     1352.59    -769.157    -657.298     460.734   569500   589815   612991          569500          589815          612991 0.967347  1639.44        0.35838
   0.29     1336.04    -769.696    -656.372      465.51   568740   587374   611805          568740          587374          611805 0.963603  1640.61       0.356717
  0.292     1319.72     -770.24    -655.435     471.769   566771   587374   610122          566771          587374          610122 0.962171  1641.78       0.355633
  0.294     1303.64    -770.788    -654.483     480.638   565630   587374   608682          565630          587374          608682 0.958439  1642.95       0.355749
  0.296      1287.8    -771.342     -653.51     493.859   563750   584831   607841          563750          584831          607841 0.959382  1644.12       0.357969
  0.298     1272.18    -771.901    -652.503      514.19   562240   584831   606300          562240          584831          606300 0.954757   1645.3       0.363677
    0.3      1256.8    -772.465    -651.445     546.113   560714   583515   605359          560714          583515          605359 0.950487  1646.52       0.375089
  0.302     1241.63    -773.035    -650.306     596.983   558769   579227   603855          558769          579227          603855 0.942442  1647.78       0.395869
  0.304     1226.68    -773.611    -649.037     678.777   556044   579227   602757          556044          579227          602757 0.935487  1649.14         0.4321
  0.306     1211.96    -774.194    -647.558     810.176   551595   579227   601691          551595          579227          601691 0.929885  1650.66       0.493604
  0.308     1197.45    -774.787    -645.745     1017.43   546478   576929   600027          546478          576929          600027 0.917708  1652.45       0.594925
   0.31     1183.17    -775.391    -643.418     1329.11   543103   573906   598746          543103          573906          598746 0.888475  1654.66       0.753568
  0.312     1169.13    -776.011    -640.352     1755.08   513042   573906   597497          513042          573906          597497 0.947868  1657.51       0.980166
  0.314     1155.33    -776.652    -636.353     2244.45   502503   573881   595993          502503          573881          595993 0.9608  1661.21        1.25604
  0.316     1141.79     -777.32    -631.426     2652.98   491697   573881   594530          491697          573881          594530 0.977679  1665.84         1.5114
  0.318     1128.52     -778.02    -625.919     2799.73   486470   573881   593420          486470          573881          593420 0.984353  1671.15        1.64698
   0.32     1115.52    -778.753    -620.451     2617.61   483365   513475   589978          483365          513475          589978 0.983794  1676.65        1.61179
  0.322     1102.77    -779.518    -615.594     2218.39   481932   511908   584891          481932          511908          584891 0.978816  1681.82        1.44851
  0.324     1090.27    -780.308    -611.603     1777.99   480098   506903   577930          480098          506903          577930 0.972447  1686.35        1.24391
  0.326     1077.98    -781.119    -608.433      1408.8   478834   506903   551747          478834          506903          551747 0.929098  1690.23        1.06073
  0.328     1065.89    -781.945      -605.9     1140.31   477241   497840   538718          477241          497840          538718 0.927082  1693.57       0.920859
   0.33     1053.99    -782.785    -603.814     958.079   476061   497840   534515          476061          497840          534515 0.938741  1696.52       0.821847
  0.332     1042.26    -783.634    -602.027     837.214   474479   496963   530507          474479          496963          530507 0.945691  1699.18       0.753697
  0.334     1030.69    -784.492    -600.439     756.521   473428   492274   527722          473428          492274          527722 0.949575  1701.66       0.706921
  0.336     1019.29    -785.358    -598.984      701.36   472113   492274   524462          472113          492274          524462 0.949761  1704.01        0.67466
  0.338     1008.04    -786.231    -597.622     662.505   470633   492268   522427          470633          492268          522427 0.952834  1706.27       0.652486
   0.34     996.942     -787.11    -596.327     634.376   468831   492268   520733          468831          492268          520733 0.956686  1708.47       0.637673
  0.342     985.992    -787.995     -595.08      613.63   467047   491884   518509          467047          491884          518509 0.958124  1710.64       0.628541
  0.344     975.186    -788.886    -593.869     598.228   466378   491884   517087          466378          491884          517087 0.957646  1712.78       0.624005
  0.346     964.522    -789.783    -592.684     586.872   465017   491884   514840          465017          491884          514840 0.955853  1714.91       0.623296
  0.348     953.995    -790.685    -591.519     578.674   462979   487625   513610          462979          487625          513610 0.960303  1717.06       0.625789
   0.35     943.604    -791.592    -590.368     572.972   460992   487625   511950          460992          487625          511950 0.962813  1719.22       0.630925
  0.352     933.345    -792.504    -589.226      569.23   459854   483462   509887          459854          483462          509887 0.960996   1721.4       0.638164
  0.354     923.217    -793.422     -588.09     566.992   458167   483307   508608          458167          483307          508608 0.963685  1723.61       0.646973
  0.356     913.217    -794.344    -586.957     565.851   456778   483307   507050          456778          483307          507050 0.964376  1725.86       0.656827
  0.358     903.343    -795.272    -585.826     565.445   455585   483307   505229          455585          483307          505229 0.963308  1728.15       0.667221
   0.36     893.592    -796.205    -584.695     565.455   454015   478047   504176          454015          478047          504176 0.966147  1730.47       0.677687
  0.362     883.963    -797.142    -583.564     565.608   452698   478047   501651          452698          478047          501651 0.962982  1732.84       0.687808
  0.364     874.453    -798.085    -582.433     565.679   451718   477953   500439          451718          477953          500439 0.963322  1735.24       0.697237
  0.366      865.06    -799.032    -581.302     565.499   450296   475337   499579          450296          475337          499579 0.965856  1737.68       0.705706
  0.368     855.783    -799.984    -580.171     564.951   448914   475337   498891          448914          475337          498891 0.968361  1740.14        0.71304
   0.37     846.619    -800.941    -579.042     563.972   447208   467698   497873          447208          467698          497873 0.970334  1742.64       0.719152
  0.372     837.566    -801.903    -577.916     562.549   446070   467698   496229          446070          467698          496229 0.968657  1745.15       0.724048
  0.374     828.623     -802.87    -576.792     560.715   445107   467698   494754          445107          467698          494754 0.967205  1747.69       0.727818
  0.376     819.787    -803.841    -575.673     558.539   443984   467081   493408          443984          467081          493408 0.96666  1750.24       0.730624
  0.378     811.058    -804.817    -574.558     556.117   442800   467049   492515          442800          467049          492515 0.967765  1752.81       0.732686
   0.38     802.432    -805.798    -573.449     553.568   441437   467049   491184          441437          467049          491184 0.967637  1755.38       0.734273
  0.382     793.909    -806.783    -572.344     551.021   440559   467049   489621          440559          467049          489621 0.965236  1757.96       0.735683
  0.384     785.486    -807.772    -571.245     548.608   439798   460545   488491          439798          460545          488491 0.963781  1760.55       0.737231
  0.386     777.163    -808.767    -570.149      546.46   438088   460545   486945          438088          460545          486945 0.96409  1763.15       0.739241
  0.388     768.936    -809.765    -569.058     544.698   437181   460545   485479          437181          460545          485479 0.962064  1765.77       0.742029
   0.39     760.805    -810.768     -567.97     543.434   435569   457925   484243          435569          457925          484243 0.963636   1768.4       0.745904
  0.392     752.768    -811.775    -566.884     542.765   434776   457925   483310          434776          457925          483310 0.962864  1771.04       0.751154
  0.394     744.823    -812.787    -565.799     542.773   433788   457283   481494          433788          457283          481494 0.959138  1773.72       0.758044
  0.396      736.97    -813.803    -564.713     543.524   432020   457283   480460          432020          457283          480460 0.961111  1776.42       0.766814
  0.398     729.206    -814.823    -563.624      545.07   430887   454312   479232          430887          454312          479232 0.959988  1779.17       0.777669
    0.4     721.531    -815.847    -562.532     547.443   428742   454312   478168          428742          454312          478168 0.963685  1781.96       0.790783
  0.402     713.943    -816.876    -561.434     550.665   427380   454312   476954          427380          454312          476954 0.964074  1784.81       0.806288
  0.404      706.44    -817.909    -560.329      554.74   426163   452709   475691          426163          452709          475691 0.963439  1787.72       0.824276
  0.406     699.022    -818.946    -559.214     559.656   424715   446592   474544          424715          446592          474544 0.963778  1790.71       0.844794
  0.408     691.687    -819.988    -558.089     565.391   423487   446592   473022          423487          446592          473022 0.962192  1793.78       0.867841
   0.41     684.435    -821.034    -556.952     571.904   422689   446592   471813          422689          446592          471813 0.959881  1796.94       0.893369
  0.412     677.263    -822.084    -555.801     579.143   420929   446592   470852          420929          446592          470852 0.961792   1800.2       0.921276
  0.414     670.172    -823.139    -554.635      587.04   419780   446189   469672          419780          446189          469672 0.960386  1803.57       0.951416
  0.416      663.16    -824.199    -553.453     595.515   417719   446189   468853          417719          446189          468853 0.963516  1807.07       0.983592
  0.418     656.225    -825.263    -552.253     604.471   416425   445296   468026          416425          445296          468026 0.96348  1810.69        1.01756
   0.42     649.368    -826.331    -551.035     613.802   414957   441559   467087          414957          441559          467087 0.963304  1814.44        1.05305
  0.422     642.587    -827.405    -549.798     623.384   413329   441559   465194          413329          441559          465194 0.961032  1818.33        1.08974
  0.424     635.881    -828.483    -548.541     633.085   411157   441559   464215          411157          441559          464215 0.96385  1822.37        1.12728
  0.426      629.25    -829.566    -547.265     642.757   408850   441559   463494          408850          441559          463494 0.967741  1826.55        1.16531
  0.428     622.692    -830.653     -545.97     652.244   407027   436410   462240          407027          436410          462240 0.968744  1830.88        1.20345
   0.43     616.206    -831.746    -544.656      661.38   405903   436410   461430          405903          436410          461430 0.968847  1835.36        1.24129
  0.432     609.792    -832.844    -543.325     669.998   404378   429765   460562          404378          429765          460562 0.969753  1839.99        1.27846
  0.434     603.449    -833.947    -541.977     677.929   402830   428007   458968          402830          428007          458968 0.968806  1844.77        1.31458
  0.436     597.176    -835.055    -540.614      685.01   401601   428007   457957          401601          428007          457957 0.968684  1849.69         1.3493
  0.438     590.973    -836.168    -539.238     691.094   399703   428007   456578          399703          428007          456578 0.969946  1854.75        1.38232
   0.44     584.837    -837.287     -537.85     696.056   398697   428007   455049          398697          428007          455049 0.968024  1859.94        1.41338
  0.442     578.769     -838.41    -536.454     699.805   397586   428007   454038          397586          428007          454038 0.967908  1865.26        1.44233
  0.444     572.767    -839.539    -535.052     702.287   396380   427641   452776          396380          427641          452776 0.967319   1870.7        1.46909
  0.446     566.831    -840.674    -533.646     703.494   394754   427641   451385          394754          427641          451385 0.967651  1876.26        1.49369
  0.448     560.959    -841.813    -532.239      703.47   392987   423607   450230          392987          423607          450230 0.969269  1881.91         1.5163
   0.45     555.152    -842.958    -530.833     702.307   391474   418099   449142          391474          418099          449142 0.970417  1887.67        1.53719
  0.452     549.407    -844.107     -529.43     700.148   390154   417734   447738          390154          417734          447738 0.970163  1893.52        1.55674
  0.454     543.724    -845.262    -528.033     697.172   389179   411799   446771          389179          411799          446771 0.969748  1899.46        1.57545
  0.456     538.102    -846.422    -526.642     693.595   387971   411744   445310          387971          411744          445310 0.968296  1905.49        1.59389
  0.458      532.54    -847.587    -525.259      689.65   387042   411744   443368          387042          411744          443368 0.964651  1911.61         1.6127
   0.46     527.037    -848.757    -523.883     685.576   384976   407928   441817          384976          407928          441817 0.965754  1917.82        1.63252
  0.462     521.593    -849.932    -522.516     681.608   383635   407928   439588          383635          407928          439588 0.963026  1924.13        1.65399
  0.464     516.206    -851.112    -521.157     677.959   382397   407844   438452          382397          407844          438452 0.963747  1930.55         1.6777
  0.466     510.876    -852.297    -519.804     674.813   381515   407273   436845          381515          407273          436845 0.9614  1937.09        1.70415
  0.468     505.601    -853.486    -518.457     672.312   380579   407273   435657          380579          407273          435657 0.96012  1943.76        1.73375
   0.47     500.381     -854.68    -517.114     670.553   378415   407273   433359          378415          407273          433359 0.959503  1950.58        1.76672
  0.472     495.216    -855.879    -515.774     669.576   377125   400769   432392          377125          400769          432392 0.960918  1957.55        1.80314
  0.474     490.104    -857.083    -514.435      669.37   375817   400769   430703          375817          400769          430703 0.959706   1964.7        1.84289
  0.476     485.044    -858.291    -513.096     669.867   374090   400769   429968          374090          400769          429968 0.963042  1972.04        1.88564
  0.478     480.037    -859.503    -511.756     670.947   372872   400769   428745          372872          400769          428745 0.962926  1979.58        1.93087
   0.48     475.081    -860.721    -510.412     672.442   371379   400769   427668          371379          400769          427668 0.964065  1987.33        1.97784
  0.482     470.175    -861.943    -509.066     674.148   369518   400765   425727          369518          400765          425727 0.964311   1995.3        2.02566
  0.484      465.32    -863.169    -507.716     675.827   367729   399703   424860          367729          399703          424860 0.968469   2003.5        2.07324
  0.486     460.514      -864.4    -506.363     677.226   366702   399703   423679          366702          399703          423679 0.969199  2011.92        2.11942
  0.488     455.757    -865.636    -505.007     678.086   365573   399703   422131          365573          399703          422131 0.969241  2020.55        2.16296
   0.49     451.048    -866.876    -503.651     678.158   364754   392022   421222          364754          392022          421222 0.970174  2029.39        2.20259
  0.492     446.386    -868.121    -502.295     677.213   363531   390680   419526          363531          390680          419526 0.970023  2038.43        2.23714
  0.494     441.772     -869.37    -500.943     675.059   362854   390680   418664          362854          390680          418664 0.970802  2047.63        2.26552
  0.496     437.203    -870.624    -499.596     671.546   361967   390680   417293          361967          390680          417293 0.970389  2056.97        2.28683
  0.498     432.681    -871.882    -498.257      666.58   360238   384000   415692          360238          384000          415692 0.972329  2066.43        2.30037
    0.5     428.203    -873.145    -496.931     660.118   359723   384000   414436          359723          384000          414436 0.971916  2075.98        2.30568
  0.502     423.769    -874.412    -495.618     652.175   358964   384000   413002          358964          384000          413002 0.97149  2085.57        2.30258
  0.504      419.38    -875.683    -494.323     642.818   358498   384000   412140          358498          384000          412140 0.972019  2095.17        2.29113
  0.506     415.033    -876.959    -493.048      632.16   357565   384000   411314          357565          384000          411314 0.974013  2104.76        2.27164
  0.508     410.728    -878.238    -491.795     620.349   356980   384000   409831          356980          384000          409831 0.972968  2114.29        2.24461
   0.51     406.465    -879.522    -490.567     607.562   356180   376036   409116          356180          376036          409116 0.975124  2123.73        2.21074
  0.512     402.242    -880.809    -489.365     593.992   355645   376036   408012          355645          376036          408012 0.975121  2133.06        2.17082
  0.514      398.06      -882.1    -488.191     579.838   354728   376036   406679          354728          376036          406679 0.975728  2142.24        2.12574
  0.516     393.917    -883.394    -487.046     565.295   354422   374175   405032          354422          374175          405032 0.97356  2151.27        2.07641
  0.518     389.813    -884.692     -485.93     550.551   354178   368679   403901          354178          368679          403901 0.972982  2160.11        2.02374
   0.52     385.746    -885.993    -484.844     535.775   353895   368679   402334          353895          368679          402334 0.970762  2168.75        1.96861
  0.522     381.717    -887.298    -483.787     521.119   353707   368679   401088          353707          368679          401088 0.969311  2177.18        1.91183
  0.524     377.724    -888.605    -482.759     506.712   353395   368679   399905          353395          368679          399905 0.968349   2185.4        1.85413
  0.526     373.768    -889.916     -481.76     492.662   353195   368679   398016          353195          368679          398016 0.964122  2193.39        1.79616
  0.528     369.847    -891.229    -480.788     479.054   352996   368679   396305          352996          368679          396305 0.960718  2201.15        1.73848
   0.53      365.96    -892.545    -479.843     465.953   352617   367734   395200          352617          367734          395200 0.960749  2208.69        1.68155
  0.532     362.108    -893.864    -478.924     453.406   352378   367734   394039          352378          367734          394039 0.959647  2216.01        1.62575
  0.534     358.289    -895.185    -478.029     441.443   352016   367734   393074          352016          367734          393074 0.959776  2223.11        1.57138
  0.536     354.503    -896.509    -477.158     430.081   351392   367734   392107          351392          367734          392107 0.961048  2229.99        1.51868
  0.538      350.75    -897.835    -476.309     419.324   350996   367734   391030          350996          367734          391030 0.96079  2236.65         1.4678
   0.54     347.029    -899.163     -475.48     409.168   350763   367203   389652          350763          367203          389652 0.958159  2243.12        1.41887
  0.542     343.339    -900.493    -474.672     399.602   350426   367203   388571          350426          367203          388571 0.957513  2249.39        1.37195
  0.544      339.68    -901.825    -473.881     390.609   350216   367203   387780          350216          367203          387780 0.9575  2255.47        1.32707
  0.546     336.051     -903.16    -473.109     382.168   349898   367203   386679          349898          367203          386679 0.956377  2261.36        1.28424
  0.548     332.452    -904.496    -472.352     374.255   349777   366013   385944          349777          366013          385944 0.955912  2267.09        1.24343
   0.55     328.883    -905.834    -471.611     366.845   349012   366013   385446          349012          366013          385446 0.959468  2272.64        1.20461
  0.552     325.343    -907.174    -470.885     359.912   348700   360270   385081          348700          360270          385081 0.961256  2278.04        1.16772
  0.554     321.832    -908.515    -470.171     353.431   348290   360270   384219          348290          360270          384219 0.960909  2283.28        1.13271
  0.556     318.349    -909.859    -469.471     347.376   348039   360270   383340          348039          360270          383340 0.959576  2288.39         1.0995
  0.558     314.894    -911.204    -468.782     341.721   347676   360270   382446          347676          360270          382446 0.958742  2293.35        1.06803
   0.56     311.466     -912.55    -468.104     336.443   347424   360270   381302          347424          360270          381302 0.955947  2298.19        1.03821
  0.562     308.066    -913.898    -467.436     331.518   347104   360270   380416          347104          360270          380416 0.955015   2302.9        1.00998
  0.564     304.692    -915.248    -466.777     326.926   346908   360267   379707          346908          360267          379707 0.954206  2307.49       0.983247
  0.566     301.345    -916.599    -466.128     322.645   346681   360050   379155          346681          360050          379155 0.954256  2311.97       0.957952
  0.568     298.024    -917.951    -465.487     318.657   346435   360050   378760          346435          360050          378760 0.955095  2316.35       0.934017
   0.57     294.729    -919.305    -464.853     314.943   346052   360050   378287          346052          360050          378287 0.955983  2320.63       0.911371
  0.572     291.459     -920.66    -464.227     311.485   345844   360050   377867          345844          360050          377867 0.956099  2324.81       0.889947
  0.574     288.214    -922.017    -463.607     308.269   345188   360050   377358          345188          360050          377358 0.958253  2328.91       0.869677
  0.576     284.994    -923.375    -462.993     305.278   344807   360050   376732          344807          360050          376732 0.958231  2332.92       0.850499
  0.578     281.799    -924.734    -462.386     302.499   344445   360050   376293          344445          360050          376293 0.959155  2336.85        0.83235
   0.58     278.627    -926.095    -461.783     299.918   344007   354735   376046          344007          354735          376046 0.961581   2340.7       0.815173
  0.582      275.48    -927.456    -461.186     297.522   343868   354735   375045          343868          354735          375045 0.957903  2344.48       0.798911
  0.584     272.356    -928.819    -460.593     295.298   343661   354735   374460          343661          354735          374460 0.956986  2348.19       0.783509
  0.586     269.256    -930.183    -460.005     293.237   343504   354735   374249          343504          354735          374249 0.957898  2351.84       0.768915
  0.588     266.179    -931.549     -459.42     291.325   343175   354735   373696          343175          354735          373696 0.957597  2355.43       0.755079
   0.59     263.124    -932.915    -458.839     289.553   342894   354735   373303          342894          354735          373303 0.958033  2358.96       0.741953
  0.592     260.093    -934.283    -458.262      287.91   342477   354735   372684          342477          354735          372684  0.958  2362.43        0.72949
  0.594     257.083    -935.651    -457.687     286.387   342243   354735   372015          342243          354735          372015 0.956533  2365.85       0.717645
  0.596     254.096    -937.021    -457.116     284.974   342020   354735   371668          342020          354735          371668 0.957053  2369.22       0.706376
  0.598      251.13    -938.392    -456.547     283.661   341818   354735   371438          341818          354735          371438 0.958076  2372.54       0.695641
    0.6     248.186    -939.764    -455.981      282.44   341566   354735   371011          341566          354735          371011 0.958014  2375.82       0.685402
  0.602     245.264    -941.137    -455.418     281.302   341475   354735   370617          341475          354735          370617 0.957075  2379.06       0.675619
  0.604     242.362    -942.512    -454.856      280.24   341281   354735   370406          341281          354735          370406 0.957908  2382.25       0.666259
  0.606     239.482    -943.887    -454.297     279.244   341138   354735   370150          341138          354735          370150 0.957959  2385.41       0.657285
  0.608     236.622    -945.263    -453.739     278.308   340646   354735   369826          340646          354735          369826 0.959974  2388.53       0.648666
   0.61     233.782    -946.641    -453.183     277.425   340297   354735   369483          340297          354735          369483 0.96092  2391.61       0.640369
  0.612     230.963    -948.019    -452.629     276.587   340167   354735   369174          340167          354735          369174 0.960599  2394.65       0.632367
  0.614     228.164    -949.398    -452.077     275.788   339892   354735   368962          339892          354735          368962 0.961905  2397.66       0.624632
  0.616     225.385    -950.779    -451.526     275.022   339741   354735   368743          339741          354735          368743 0.962214  2400.64       0.617136
  0.618     222.625     -952.16    -450.977     274.282   339606   354735   368281          339606          354735          368281 0.960656  2403.59       0.609858
   0.62     219.885    -953.543    -450.429     273.565   339224   354735   368109          339224          354735          368109 0.962776  2406.51       0.602773
  0.622     217.164    -954.926    -449.883     272.864   338992   354735   367901          338992          354735          367901 0.963626  2409.39       0.595862
  0.624     214.462    -956.311    -449.338     272.175   338805   354735   367664          338805          354735          367664 0.963944  2412.25       0.589105
  0.626     211.779    -957.696    -448.794     271.493   338595   354735   367384          338595          354735          367384 0.96408  2415.08       0.582485
  0.628     209.114    -959.082    -448.252     270.816   338448   354735   367186          338448          354735          367186 0.964289  2417.88       0.575987
   0.63     206.468     -960.47    -447.711      270.14   338282   354735   366840          338282          354735          366840 0.963626  2420.65       0.569598
  0.632      203.84    -961.858    -447.171     269.462   338158   354735   366513          338158          354735          366513 0.962803  2423.39       0.563303
  0.634      201.23    -963.247    -446.633     268.779   337956   354735   366327          337956          354735          366327 0.963263  2426.11       0.557094
  0.636     198.638    -964.637    -446.096     268.089   337640   354735   366173          337640          354735          366173 0.964544   2428.8       0.550961
  0.638     196.064    -966.029     -445.56     267.391   336874   354735   365926          336874          354735          365926 0.967974  2431.46       0.544896
   0.64     193.507    -967.421    -445.026     266.684   336686   350943   365615          336686          350943          365615 0.967772   2434.1       0.538893
  0.642     190.968    -968.814    -444.494     265.966   336505   350943   365038          336505          350943          365038 0.966045  2436.71       0.532947
  0.644     188.446    -970.207    -443.963     265.236   336178   350943   364862          336178          350943          364862 0.967455  2439.29       0.527054
  0.646     185.941    -971.602    -443.433     264.496   335892   348112   364594          335892          348112          364594 0.96811  2441.85       0.521212
  0.648     183.452    -972.998    -442.905     263.744   335782   347564   364326          335782          347564          364326 0.967732  2444.38       0.515419
   0.65     180.981    -974.394    -442.378     262.982   335607   347564   363999          335607          347564          363999 0.967353  2446.89       0.509674
  0.652     178.526    -975.792    -441.853     262.209   335453   347564   363746          335453          347564          363746 0.96723  2449.37       0.503978
  0.654     176.087     -977.19    -441.329     261.427   335294   347564   363393          335294          347564          363393 0.966499  2451.83       0.498332
  0.656     173.664    -978.589    -440.807     260.636   335035   347564   363152          335035          347564          363152 0.967023  2454.26       0.492737
  0.658     171.258    -979.989    -440.286     259.839   334901   347564   362689          334901          347564          362689 0.965514  2456.67       0.487196
   0.66     168.867     -981.39    -439.768     259.035   334608   347564   362468          334608          347564          362468 0.966425  2459.05       0.481711
  0.662     166.492    -982.792     -439.25     258.227   334315   344601   362190          334315          344601          362190 0.967005   2461.4       0.476285
  0.664     164.133    -984.194    -438.735     257.417   334222   344601   361864          334222          344601          361864 0.966079  2463.74       0.470923
  0.666     161.789    -985.598    -438.221     256.606   334107   344601   361527          334107          344601          361527 0.965219  2466.04       0.465626
  0.668      159.46    -987.002    -437.708     255.796   333935   344601   361355          333935          344601          361355 0.965619  2468.33       0.460401
   0.67     157.147    -988.407    -437.197     254.988   333864   344109   361205          333864          344109          361205 0.965436  2470.59       0.455249
  0.672     154.848    -989.813    -436.688     254.184   333774   344109   361033          333774          344109          361033 0.965117  2472.83       0.450175
  0.674     152.564    -991.219    -436.181     253.386   333564   344109   360836          333564          344109          360836 0.965346  2475.04       0.445183
  0.676     150.295    -992.627    -435.675     252.596   333376   344109   360637          333376          344109          360637 0.965405  2477.24       0.440277
  0.678     148.041    -994.035     -435.17     251.816   333025   344088   360388          333025          344088          360388 0.966245  2479.41       0.435459
   0.68       145.8    -995.444    -434.667     251.046   332865   344088   360112          332865          344088          360112 0.965645  2481.55       0.430734
  0.682     143.575    -996.853    -434.166     250.288   332549   344088   359866          332549          344088          359866 0.96635  2483.68       0.426104
  0.684     141.363    -998.264    -433.666     249.545   332482   344088   359515          332482          344088          359515 0.964697  2485.79       0.421572
  0.686     139.165    -999.675    -433.168     248.816   332284   344088   359228          332284          344088          359228 0.964382  2487.87       0.417141
  0.688     136.981    -1001.09    -432.671     248.104   332156   342656   359005          332156          342656          359005 0.963997  2489.94       0.412813
   0.69     134.811     -1002.5    -432.176     247.409   332048   342656   358649          332048          342656          358649 0.962508  2491.99        0.40859
  0.692     132.654    -1003.91    -431.681     246.732   331655   342524   358369          331655          342524          358369 0.963598  2494.01       0.404473
  0.694     130.511    -1005.33    -431.189     246.074   331451   342524   358193          331451          342524          358193 0.964173  2496.02       0.400463
  0.696     128.382    -1006.74    -430.697     245.436   331336   342478   358004          331336          342478          358004 0.963989  2498.01       0.396562
  0.698     126.265    -1008.16    -430.207     244.818   331277   342478   357719          331277          342478          357719 0.962652  2499.98       0.392769
    0.7     124.162    -1009.57    -429.718     244.221   331051   342478   357516          331051          342478          357516 0.963104  2501.94       0.389086
  0.702     122.072    -1010.99     -429.23     243.645   330954   342478   357274          330954          342478          357274 0.962327  2503.88       0.385511
  0.704     119.994    -1012.41    -428.743     243.091   330746   342478   356960          330746          342478          356960 0.961817   2505.8       0.382045
  0.706      117.93    -1013.83    -428.258     242.557   330619   342478   356812          330619          342478          356812 0.961953  2507.71       0.378687
  0.708     115.877    -1015.25    -427.773     242.045   330482   342218   356680          330482          342218          356680 0.962211   2509.6       0.375435
   0.71     113.838    -1016.67    -427.289     241.555   330323   342218   356429          330323          342218          356429 0.961736  2511.48       0.372288
  0.712     111.811    -1018.09    -426.807     241.085   330139   342218   356234          330139          342218          356234 0.961861  2513.34       0.369244
  0.714     109.796    -1019.51    -426.325     240.636   329934   342050   355936          329934          342050          355936 0.961384  2515.19       0.366303
  0.716     107.794    -1020.93    -425.844     240.207   329639   342050   355762          329639          342050          355762 0.962509  2517.02       0.363461
  0.718     105.803    -1022.35    -425.364     239.798   329452   342050   355602          329452          342050          355602 0.962961  2518.85       0.360717
   0.72     103.825    -1023.78    -424.885     239.408   329191   341586   355411          329191          341586          355411 0.963755  2520.66       0.358067
  0.722     101.858     -1025.2    -424.406     239.037   329128   341586   355236          329128          341586          355236 0.963191  2522.46        0.35551
  0.724      99.903    -1026.63    -423.929     238.684   328852   341586   355127          328852          341586          355127 0.964628  2524.25       0.353043
  0.726     97.9599    -1028.05    -423.452     238.347   328655   340318   354998          328655          340318          354998 0.965343  2526.02       0.350662
  0.728     96.0282    -1029.48    -422.975     238.028   328389   340318   354832          328389          340318          354832 0.966354  2527.79       0.348365
   0.73     94.1081     -1030.9      -422.5     237.723   328191   340318   354645          328191          340318          354645 0.966708  2529.55       0.346149
  0.732     92.1994    -1032.33    -422.024     237.434   328048   340318   354241          328048          340318          354241 0.965129  2531.29       0.344011
  0.734     90.3019    -1033.76     -421.55     237.158   327940   340262   353915          327940          340262          353915 0.96394  2533.03       0.341947
  0.736     88.4156    -1035.19    -421.076     236.895   327871   340262   353571          327871          340262          353571 0.962303  2534.76       0.339955
  0.738     86.5404    -1036.62    -420.602     236.645   327776   340262   353326          327776          340262          353326 0.961602  2536.48       0.338031
   0.74     84.6761    -1038.05    -420.129     236.405   327698   340262   352935          327698          340262          352935 0.95971  2538.19       0.336172
  0.742     82.8228    -1039.48    -419.657     236.176   327392   340262   352841          327392          340262          352841 0.961718  2539.89       0.334376
  0.744     80.9803    -1040.91    -419.185     235.956   327176   340262   352546          327176          340262          352546 0.961615  2541.58       0.332638
  0.746     79.1485    -1042.34    -418.713     235.745   327084   340262   352208          327084          340262          352208 0.960338  2543.27       0.330956
  0.748     77.3273    -1043.77    -418.242     235.542   326949   340262   352117          326949          340262          352117 0.961157  2544.95       0.329327
   0.75     75.5166     -1045.2    -417.771     235.346   326835   340262   351956          326835          340262          351956 0.961254  2546.62       0.327748
  0.752     73.7164    -1046.64      -417.3     235.155   326647   340262   351826          326647          340262          351826 0.962081  2548.29       0.326216
  0.754     71.9266    -1048.07     -416.83      234.97   326499   340262   351710          326499          340262          351710 0.96269  2549.95       0.324728
  0.756     70.1471    -1049.51     -416.36      234.79   326331   340262   351554          326331          340262          351554 0.963098   2551.6       0.323283
  0.758     68.3777    -1050.94    -415.891     234.614   326213   340262   351444          326213          340262          351444 0.963446  2553.25       0.321877
   0.76     66.6184    -1052.38    -415.422     234.441   325920   340262   351302          325920          340262          351302 0.964776  2554.89       0.320508
  0.762     64.8692    -1053.81    -414.953      234.27   325707   340262   351159          325707          340262          351159 0.965571  2556.52       0.319173
  0.764     63.1299    -1055.25    -414.485     234.102   325509   340262   351065          325509          340262          351065 0.966572  2558.15       0.317871
  0.766     61.4005    -1056.69    -414.017     233.936   325366   340262   350868          325366          340262          350868 0.966495  2559.78         0.3166
  0.768     59.6808    -1058.13    -413.549      233.77   325102   336876   350652          325102          336876          350652 0.967105  2561.39       0.315357
   0.77     57.9709    -1059.56    -413.082     233.606   325007   335913   350445          325007          335913          350445 0.966661  2563.01       0.314141
  0.772     56.2706       -1061    -412.615     233.442   324865   335913   350073          324865          335913          350073 0.965447  2564.61       0.312951
  0.774     54.5798    -1062.44    -412.148     233.277   324771   335913   349868          324771          335913          349868 0.965058  2566.22       0.311784
  0.776     52.8985    -1063.89    -411.681     233.113   324693   335913   349550          324693          335913          349550 0.963814  2567.82        0.31064
  0.778     51.2266    -1065.33    -411.215     232.949   324638   335913   349427          324638          335913          349427 0.96365  2569.41       0.309517
   0.78      49.564    -1066.77     -410.75     232.783   324539   335913   349303          324539          335913          349303 0.963726     2571       0.308414
  0.782     47.9107    -1068.21    -410.284     232.618   324468   335913   349195          324468          335913          349195 0.963651  2572.58       0.307331
  0.784     46.2665    -1069.65    -409.819     232.451   324257   335913   349086          324257          335913          349086 0.96449  2574.16       0.306265
  0.786     44.6314     -1071.1    -409.354     232.284   324107   335913   348909          324107          335913          348909 0.96445  2575.73       0.305218
  0.788     43.0054    -1072.54     -408.89     232.115   324025   335913   348738          324025          335913          348738 0.963956   2577.3       0.304187
   0.79     41.3883    -1073.99    -408.426     231.947   323713   335913   348536          323713          335913          348536 0.964836  2578.87       0.303173
  0.792     39.7801    -1075.43    -407.962     231.777   323519   335913   348427          323519          335913          348427 0.965579  2580.43       0.302176
  0.794     38.1806    -1076.88    -407.499     231.607   323391   335913   348333          323391          335913          348333 0.965935  2581.99       0.301194
  0.796       36.59    -1078.32    -407.036     231.437   323222   335913   348230          323222          335913          348230 0.966476  2583.54       0.300228
  0.798      35.008    -1079.77    -406.573     231.266   323139   334269   348088          323139          334269          348088 0.966136  2585.09       0.299277
    0.8     33.4346    -1081.22    -406.111     231.096   323006   334269   347848          323006          334269          347848 0.965466  2586.64       0.298342
  0.802     31.8698    -1082.67    -405.649     230.925   322807   334269   347715          322807          334269          347715 0.965929  2588.18       0.297423
  0.804     30.3134    -1084.11    -405.187     230.756   322575   334269   347598          322575          334269          347598 0.966777  2589.72       0.296519
  0.806     28.7655    -1085.56    -404.726     230.587   322442   334255   347383          322442          334255          347383 0.966287  2591.25       0.295632
  0.808     27.2259    -1087.01    -404.265     230.419   322301   334255   347213          322301          334255          347213 0.966159  2592.78       0.294761
   0.81     25.6945    -1088.46    -403.804     230.253   322196   332595   347023          322196          332595          347023 0.965628  2594.31       0.293906
  0.812     24.1714    -1089.91    -403.344     230.089   322047   332595   346811          322047          332595          346811 0.965254  2595.83       0.293068
  0.814     22.6564    -1091.37    -402.884     229.927   321999   332595   346609          321999          332595          346609 0.964234  2597.35       0.292248
  0.816     21.1495    -1092.82    -402.424     229.768   321898   332595   346343          321898          332595          346343 0.963105  2598.87       0.291445
  0.818     19.6507    -1094.27    -401.965     229.611   321752   332595   346207          321752          332595          346207 0.963219  2600.38       0.290661
   0.82     18.1598    -1095.72    -401.506     229.458   321498   332595   346104          321498          332595          346104 0.964317  2601.89       0.289895
  0.822     16.6768    -1097.18    -401.047     229.309   321295   332595   345941          321295          332595          345941 0.964641   2603.4       0.289149
  0.824     15.2017    -1098.63    -400.588     229.164   321125   332595   345717          321125          332595          345717 0.964345   2604.9       0.288422
  0.826     13.7343    -1100.08     -400.13     229.023   320920   331506   345640          320920          331506          345640 0.965347   2606.4       0.287716
  0.828     12.2747    -1101.54    -399.672     228.887   320733   331506   345506          320733          331506          345506 0.965814   2607.9        0.28703
   0.83     10.8227       -1103    -399.215     228.757   320651   331501   345367          320651          331501          345367 0.965478   2609.4       0.286366
  0.832     9.37836    -1104.45    -398.757     228.632   320587   331501   345283          320587          331501          345283 0.965365  2610.89       0.285723
  0.834     7.94156    -1105.91      -398.3     228.513   320466   331501   345135          320466          331501          345135 0.965161  2612.38       0.285103
  0.836     6.51226    -1107.37    -397.843     228.401   320377   331501   344997          320377          331501          344997 0.964774  2613.87       0.284505
  0.838      5.0904    -1108.82    -397.386     228.295   320228   331501   344840          320228          331501          344840 0.964665  2615.35       0.283931
   0.84     3.67593    -1110.28     -396.93     228.196   320134   331501   344727          320134          331501          344727 0.964466  2616.84       0.283381
  0.842     2.26878    -1111.74    -396.474     228.104   319994   331501   344643          319994          331501          344643 0.964792  2618.32       0.282855
  0.844     0.86892     -1113.2    -396.018      228.02   319797   331501   344455          319797          331501          344455 0.964773   2619.8       0.282354
  0.846   -0.523721    -1114.66    -395.562     227.944   319722   331501   344343          319722          331501          344343 0.964405  2621.28       0.281877
  0.848    -1.90919    -1116.12    -395.106     227.876   319553   331501   344214          319553          331501          344214 0.964587  2622.76       0.281426
   0.85    -3.28754    -1117.58     -394.65     227.817   319435   331501   344119          319435          331501          344119 0.964624  2624.23       0.281001
  0.852    -4.65883    -1119.04    -394.194     227.766   319190   331501   343960          319190          331501          343960 0.965115  2625.71       0.280601
  0.854     -6.0231     -1120.5    -393.739     227.724   319057   331501   343786          319057          331501          343786 0.96473  2627.18       0.280228
  0.856     -7.3804    -1121.97    -393.284     227.691   318939   331501   343599          318939          331501          343599 0.964126  2628.65       0.279881
  0.858    -8.73079    -1123.43    -392.828     227.668   318758   329232   343445          318758          329232          343445 0.964235  2630.12       0.279561
   0.86    -10.0743    -1124.89    -392.373     227.653   318669   329232   343311          318669          329232          343311 0.9638  2631.59       0.279267
  0.862     -11.411    -1126.36    -391.918     227.649   318533   328466   343224          318533          328466          343224 0.964038  2633.06          0.279
  0.864     -12.741    -1127.82    -391.462     227.654   318455   328466   343036          318455          328466          343036 0.963087  2634.53        0.27876
  0.866    -14.0642    -1129.28    -391.007     227.668   318292   328466   342897          318292          328466          342897 0.963114     2636       0.278547
  0.868    -15.3808    -1130.75    -390.552     227.693   317812   328466   342792          317812          328466          342792 0.965841  2637.47        0.27836
   0.87    -16.6907    -1132.22    -390.096     227.727   317745   328466   342672          317745          328466          342672 0.9654  2638.94         0.2782
  0.872     -17.994    -1133.68    -389.641     227.771   317672   328466   342542          317672          328466          342542 0.964888   2640.4       0.278067
  0.874    -19.2909    -1135.15    -389.185     227.825   317544   328466   342349          317544          328466          342349 0.9643  2641.87        0.27796
  0.876    -20.5812    -1136.62    -388.729     227.889   317452   328466   342231          317452          328466          342231 0.964007  2643.34       0.277879
  0.878    -21.8651    -1138.08    -388.274     227.963   317311   328466   342091          317311          328466          342091 0.963913  2644.81       0.277824
   0.88    -23.1426    -1139.55    -387.818     228.047   317184   328466   341861          317184          328466          341861 0.963014  2646.28       0.277795
  0.882    -24.4138    -1141.02    -387.361      228.14   317084   328221   341709          317084          328221          341709 0.962521  2647.75       0.277791
  0.884    -25.6786    -1142.49    -386.905     228.243   317028   328221   341613          317028          328221          341613 0.962093  2649.22       0.277812
  0.886    -26.9372    -1143.96    -386.448     228.356   316943   328221   341318          316943          328221          341318 0.960338   2650.7       0.277858
  0.888    -28.1896    -1145.43    -385.992     228.478   316859   328221   341110          316859          328221          341110 0.959247  2652.17       0.277928
   0.89    -29.4357     -1146.9    -385.534      228.61   316765   328221   340986          316765          328221          340986 0.958869  2653.64       0.278021
  0.892    -30.6758    -1148.37    -385.077      228.75   316630   328221   340901          316630          328221          340901 0.959089  2655.12       0.278137
  0.894    -31.9098    -1149.84    -384.619       228.9   316416   328221   340818          316416          328221          340818 0.959927   2656.6       0.278276
  0.896    -33.1377    -1151.31    -384.161     229.058   316180   328221   340717          316180          328221          340717 0.960812  2658.08       0.278437
  0.898    -34.3596    -1152.79    -383.703     229.225   316090   328221   340588          316090          328221          340588 0.960315  2659.56        0.27862
    0.9    -35.5755    -1154.26    -383.245     229.401   315885   328221   340494          315885          328221          340494 0.96097  2661.04       0.278823
  0.902    -36.7855    -1155.73    -382.786     229.584   315794   328221   340379          315794          328221          340379 0.960575  2662.53       0.279046
  0.904    -37.9896    -1157.21    -382.326     229.776   315671   328221   340278          315671          328221          340278 0.960501  2664.01       0.279289
  0.906    -39.1878    -1158.68    -381.866     229.975   315498   328221   340058          315498          328221          340058 0.959917   2665.5        0.27955
  0.908    -40.3802    -1160.16    -381.406     230.182   315256   328221   339947          315256          328221          339947 0.960707  2666.99       0.279829
   0.91    -41.5669    -1161.63    -380.946     230.396   315089   328221   339766          315089          328221          339766 0.960392  2668.49       0.280125
  0.912    -42.7478    -1163.11    -380.485     230.616   314969   328221   339485          314969          328221          339485 0.959014  2669.98       0.280438
  0.914    -43.9231    -1164.59    -380.023     230.843   314678   328221   339398          314678          328221          339398 0.960391  2671.48       0.280766
  0.916    -45.0926    -1166.06    -379.561     231.077   314480   328221   339339          314480          328221          339339 0.961313  2672.98       0.281109
  0.918    -46.2565    -1167.54    -379.099     231.316   314099   328118   339241          314099          328118          339241 0.963306  2674.49       0.281466
   0.92    -47.4149    -1169.02    -378.636     231.561   313945   328118   339108          313945          328118          339108 0.963415     2676       0.281836
  0.922    -48.5677     -1170.5    -378.173     231.811   313811   328118   339017          313811          328118          339017 0.963666  2677.51       0.282218
  0.924     -49.715    -1171.98    -377.709     232.066   313686   328118   338867          313686          328118          338867 0.963407  2679.02       0.282611
  0.926    -50.8568    -1173.46    -377.244     232.326   313576   328118   338652          313576          328118          338652 0.962557  2680.53       0.283015
  0.928    -51.9931    -1174.94     -376.78      232.59   313355   328118   338568          313355          328118          338568 0.963472  2682.05       0.283428
   0.93    -53.1241    -1176.42    -376.314     232.858   313144   328118   338343          313144          328118          338343 0.963319  2683.57        0.28385
  0.932    -54.2497     -1177.9    -375.848     233.129   313027   327105   338053          313027          327105          338053 0.962097   2685.1       0.284279
  0.934    -55.3699    -1179.38    -375.382     233.403   312877   325423   337910          312877          325423          337910 0.962165  2686.63       0.284716
  0.936    -56.4848    -1180.86    -374.915     233.681   312680   325423   337777          312680          325423          337777 0.962626  2688.16       0.285158
  0.938    -57.5945    -1182.34    -374.447      233.96   312531   325423   337664          312531          325423          337664 0.962894  2689.69       0.285605
   0.94    -58.6989    -1183.83    -373.979     234.242   312451   325102   337531          312451          325102          337531 0.962528  2691.23       0.286056
  0.942    -59.7981    -1185.31     -373.51     234.525   312255   325102   337475          312255          325102          337475 0.96348  2692.77        0.28651
  0.944    -60.8921    -1186.79    -373.041      234.81   312054   325102   337399          312054          325102          337399 0.964351  2694.32       0.286966
  0.946     -61.981    -1188.28    -372.571     235.096   311912   325102   337346          311912          325102          337346 0.964939  2695.87       0.287424
  0.948    -63.0648    -1189.76      -372.1     235.382   311693   325102   337222          311693          325102          337222 0.965576  2697.42       0.287882
   0.95    -64.1435    -1191.25    -371.629     235.668   311516   325102   337148          311516          325102          337148 0.966265  2698.97       0.288339
  0.952    -65.2172    -1192.73    -371.158     235.955   311348   325102   337008          311348          325102          337008 0.966442  2700.53       0.288795
  0.954    -66.2859    -1194.22    -370.685     236.241   311204   325102   336950          311204          325102          336950 0.967017  2702.09       0.289249
  0.956    -67.3495    -1195.71    -370.213     236.526   311105   325102   336902          311105          325102          336902 0.967317  2703.66         0.2897
  0.958    -68.4083    -1197.19    -369.739     236.809   310959   325102   336761          310959          325102          336761 0.967278  2705.23       0.290147
   0.96    -69.4621    -1198.68    -369.265     237.092   310885   325102   336597          310885          325102          336597 0.966594   2706.8        0.29059
  0.962     -70.511    -1200.17    -368.791     237.372   310732   325102   336482          310732          325102          336482 0.966772  2708.37       0.291026
  0.964    -71.5551    -1201.66    -368.316     237.651   310465   325102   336419          310465          325102          336419 0.968056  2709.95       0.291457
  0.966    -72.5943    -1203.15     -367.84     237.926   310367   325102   336259          310367          325102          336259 0.967599  2711.53       0.291881
  0.968    -73.6287    -1204.64    -367.364     238.199   310185   325102   336205          310185          325102          336205 0.968387  2713.12       0.292297
   0.97    -74.6584    -1206.13    -366.887     238.469   310052   325102   336106          310052          325102          336106 0.968534   2714.7       0.292704
  0.972    -75.6833    -1207.62     -366.41     238.736   309980   322526   335994          309980          322526          335994 0.968177  2716.29       0.293103
  0.974    -76.7035    -1209.11    -365.933     238.998   309929   322526   335927          309929          322526          335927 0.967945  2717.89       0.293492
  0.976     -77.719     -1210.6    -365.454     239.257   309823   322526   335745          309823          322526          335745 0.967291  2719.48        0.29387
  0.978    -78.7299    -1212.09    -364.975     239.512   309666   322526   335602          309666          322526          335602 0.967232  2721.08       0.294238
   0.98    -79.7362    -1213.58    -364.496     239.762   309504   320811   335432          309504          320811          335432 0.967044  2722.69       0.294594
  0.982    -80.7378    -1215.08    -364.016     240.007   309306   320811   335266          309306          320811          335266 0.967148  2724.29       0.294938
  0.984    -81.7349    -1216.57    -363.536     240.248   309197   320811   335151          309197          320811          335151 0.967006   2725.9       0.295269
  0.986    -82.7275    -1218.06    -363.055     240.483   309104   320736   335047          309104          320736          335047 0.96681  2727.51       0.295588
  0.988    -83.7155    -1219.56    -362.574     240.713   308926   320736   334848          308926          320736          334848 0.966541  2729.13       0.295893
   0.99     -84.699    -1221.05    -362.093     240.937   308766   320736   334789          308766          320736          334789 0.967118  2730.74       0.296185
  0.992    -85.6781    -1222.55    -361.611     241.156   308469   320736   334645          308469          320736          334645 0.968047  2732.36       0.296462
  0.994    -86.6528    -1224.05    -361.128     241.369   308303   320736   334528          308303          320736          334528 0.968325  2733.98       0.296725
  0.996     -87.623    -1225.54    -360.645     241.576   308050   320736   334438          308050          320736          334438 0.969421  2735.61       0.296973
  0.998    -88.5889    -1227.04    -360.162     241.777   307968   320736   334325          307968          320736          334325 0.969196  2737.23       0.297207
      1    -89.5504    -1228.54    -359.678     241.971   307814   320736   334118          307814          320736          334118 0.968828  2738.86       0.297425
  1.002    -90.5076    -1230.03    -359.194     242.159   307634   320736   333958          307634          320736          333958 0.968977  2740.49       0.297628
  1.004    -91.4605    -1231.53    -358.709     242.341   307579   320736   333745          307579          320736          333745 0.967938  2742.12       0.297815
  1.006    -92.4092    -1233.03    -358.224     242.517   307518   320736   333633          307518          320736          333633 0.967629  2743.76       0.297987
  1.008    -93.3535    -1234.53    -357.739     242.686   307473   320736   333539          307473          320736          333539 0.9673  2745.39       0.298143
   1.01    -94.2937    -1236.03    -357.254     242.848   307298   320736   333454          307298          320736          333454 0.967889  2747.03       0.298284
  1.012    -95.2296    -1237.53    -356.768     243.004   307181   320736   333318          307181          320736          333318 0.967748  2748.67       0.298409
  1.014    -96.1614    -1239.03    -356.282     243.153   307074   320736   333246          307074          320736          333246 0.967961  2750.31       0.298519
  1.016    -97.0891    -1240.53    -355.795     243.296   306953   320736   333180          306953          320736          333180 0.96829  2751.95       0.298613
  1.018    -98.0126    -1242.04    -355.309     243.432   306830   320736   333122          306830          320736          333122 0.968664   2753.6       0.298692
   1.02     -98.932    -1243.54    -354.822     243.561   306726   320736   333001          306726          320736          333001 0.968472  2755.24       0.298756
  1.022    -99.8474    -1245.04    -354.334     243.685   306631   320736   332873          306631          320736          332873 0.968163  2756.89       0.298805
  1.024    -100.759    -1246.54    -353.847     243.802   306536   317814   332790          306536          317814          332790 0.968147  2758.54       0.298839
  1.026    -101.666    -1248.05    -353.359     243.912   306381   317814   332691          306381          317814          332691 0.968396  2760.19       0.298859
  1.028    -102.569    -1249.55    -352.871     244.017   306302   317814   332596          306302          317814          332596 0.968162  2761.84       0.298865
   1.03    -103.469    -1251.06    -352.383     244.115   306152   317814   332406          306152          317814          332406 0.967774  2763.49       0.298858
  1.032    -104.364    -1252.56    -351.895     244.208   306051   317814   332256          306051          317814          332256 0.967336  2765.14       0.298837
  1.034    -105.255    -1254.07    -351.406     244.295   305956   317814   332106          305956          317814          332106 0.966857   2766.8       0.298804
  1.036    -106.143    -1255.57    -350.918     244.376   305852   317814   331922          305852          317814          331922 0.966213  2768.45       0.298758
  1.038    -107.026    -1257.08    -350.429     244.452   305718   317814   331837          305718          317814          331837 0.966435   2770.1         0.2987
   1.04    -107.906    -1258.59     -349.94     244.523   305558   317814   331775          305558          317814          331775 0.96698  2771.76       0.298631
  1.042    -108.782     -1260.1    -349.451     244.589   305364   317814   331686          305364          317814          331686 0.967554  2773.41       0.298551
  1.044    -109.654     -1261.6    -348.961      244.65   305215   317814   331598          305215          317814          331598 0.96785  2775.07       0.298461
  1.046    -110.523    -1263.11    -348.472     244.707   305121   317814   331507          305121          317814          331507 0.967741  2776.73       0.298361
  1.048    -111.387    -1264.62    -347.983     244.759   305052   317777   331242          305052          317777          331242 0.966266  2778.38       0.298252
   1.05    -112.248    -1266.13    -347.493     244.807   304947   317777   331130          304947          317777          331130 0.966079  2780.04       0.298135
  1.052    -113.105    -1267.64    -347.003     244.851   304854   317777   331062          304854          317777          331062 0.966099   2781.7        0.29801
  1.054    -113.958    -1269.15    -346.514     244.892   304692   317777   330868          304692          317777          330868 0.965741  2783.36       0.297878
  1.056    -114.808    -1270.66    -346.024     244.929   304612   317777   330798          304612          317777          330798 0.965655  2785.02        0.29774
  1.058    -115.654    -1272.17    -345.534     244.964   304460   317777   330687          304460          317777          330687 0.965759  2786.68       0.297596
   1.06    -116.497    -1273.69    -345.044     244.995   304341   317777   330513          304341          317777          330513 0.965228  2788.33       0.297447
  1.062    -117.335     -1275.2    -344.554     245.025   304093   317777   330395          304093          317777          330395 0.965967  2789.99       0.297294
  1.064    -118.171    -1276.71    -344.064     245.052   303982   317777   330278          303982          317777          330278 0.965797  2791.65       0.297137
  1.066    -119.002    -1278.22    -343.574     245.077   303920   317777   330198          303920          317777          330198 0.965519  2793.31       0.296978
  1.068     -119.83    -1279.74    -343.083     245.101   303736   317777   330047          303736          317777          330047 0.965563  2794.97       0.296817
   1.07    -120.655    -1281.25    -342.593     245.123   303270   317777   329955          303270          317777          329955 0.967956  2796.63       0.296655
  1.072    -121.476    -1282.77    -342.103     245.145   303124   317777   329863          303124          317777          329863 0.968254  2798.29       0.296493
  1.074    -122.293    -1284.28    -341.613     245.166   302953   317777   329784          302953          317777          329784 0.96878  2799.95       0.296331
  1.076    -123.107     -1285.8    -341.122     245.187   302867   314033   329693          302867          314033          329693 0.968673  2801.61        0.29617
  1.078    -123.918    -1287.31    -340.632     245.208   302804   314033   329587          302804          314033          329587 0.968295  2803.27       0.296011
   1.08    -124.725    -1288.83    -340.141     245.229   302760   314033   329457          302760          314033          329457 0.967615  2804.93       0.295856
  1.082    -125.529    -1290.35    -339.651     245.251   302628   314033   329346          302628          314033          329346 0.967614  2806.59       0.295704
  1.084    -126.329    -1291.87     -339.16     245.274   302523   314033   329252          302523          314033          329252 0.967534  2808.25       0.295556
  1.086    -127.126    -1293.38     -338.67     245.299   302449   314033   329041          302449          314033          329041 0.966468  2809.91       0.295414
  1.088     -127.92     -1294.9    -338.179     245.325   302255   314033   328904          302255          314033          328904 0.966708  2811.57       0.295277
   1.09     -128.71    -1296.42    -337.689     245.353   302213   314033   328836          302213          314033          328836 0.966386  2813.23       0.295148
  1.092    -129.497    -1297.94    -337.198     245.384   302156   314033   328721          302156          314033          328721 0.96582  2814.89       0.295026
  1.094    -130.281    -1299.46    -336.707     245.417   301890   314033   328611          301890          314033          328611 0.96668  2816.55       0.294912
  1.096    -131.061    -1300.98    -336.216     245.453   301827   314033   328540          301827          314033          328540 0.966445  2818.21       0.294807
  1.098    -131.838     -1302.5    -335.725     245.492   301585   314033   328466          301585          314033          328466 0.967371  2819.87       0.294712
    1.1    -132.612    -1304.02    -335.234     245.535   301482   314033   328313          301482          314033          328313 0.966858  2821.53       0.294627
  1.102    -133.383    -1305.54    -334.743     245.581   301452   314033   328224          301452          314033          328224 0.966262   2823.2       0.294554
  1.104     -134.15    -1307.07    -334.252     245.632   301148   314033   328055          301148          314033          328055 0.966999  2824.86       0.294492
  1.106    -134.915    -1308.59    -333.761     245.687   301114   314033   327827          301114          314033          327827 0.965532  2826.53       0.294443
  1.108    -135.676    -1310.11    -333.269     245.746   301050   314033   327592          301050          314033          327592 0.964252  2828.19       0.294406
