# n_walkers  560  n_cull  1  simple log(alpha)  -0.001784121793501292
#   T     log_Z(T)      F(T)        U(T)       Cvp(T)    low_pct_i(T) mode_i(T) high_pct_i(T) low_pct_iter(T)  mode_iter(T)   high_pct_iter(T) Z_fract(T)   V(T)   thermal_exp(T)
   0.01       76898    -782.846      -781.6      121.28   773580   773654   773654          773580          773654          773654 0.889606  1601.65     -0.0167142
  0.012     63851.3    -782.855    -781.358     121.309   773560   773654   773654          773560          773654          773654 0.895468   1601.6     -0.0132792
  0.014     54532.3    -782.865    -781.115     121.322   773546   773654   773654          773546          773654          773654 0.884971  1601.56     -0.0105572
  0.016     47543.1    -782.875    -780.873     121.327   773525   773654   773654          773525          773654          773654 0.887286  1601.53    -0.00839408
  0.018       42107    -782.886     -780.63      121.33   773511   773654   773654          773511          773654          773654 0.876407  1601.51    -0.00665633
   0.02     37758.2    -782.897    -780.387     121.333   773486   773654   773654          773486          773654          773654 0.883085  1601.49     -0.0052435
  0.022     34200.1    -782.908    -780.145     121.339   773461   773654   773654          773461          773654          773654 0.889697  1601.48    -0.00408257
  0.024       31235    -782.919    -779.902     121.349   773434   773654   773654          773434          773654          773654 0.897878  1601.46    -0.00312034
  0.026     28726.1     -782.93    -779.659     121.364   773403   773654   773654          773403          773654          773654 0.91108  1601.46    -0.00231742
  0.028     26575.6    -782.942    -779.416     121.383   773385   773654   773654          773385          773654          773654 0.910027  1601.45    -0.00164397
   0.03     24711.8    -782.954    -779.174     121.406   773369   773654   773654          773369          773654          773654 0.906802  1601.45     -0.0010769
  0.032     23081.1    -782.966    -778.931     121.434   773353   773654   773654          773353          773654          773654 0.902956  1601.44   -0.000597952
  0.034     21642.2    -782.978    -778.688     121.466   773331   773654   773654          773331          773654          773654 0.904119  1601.44    -0.00019245
  0.036     20363.1    -782.991    -778.445     121.503   773299   773654   773654          773299          773654          773654 0.910818  1601.44    0.000151597
  0.038     19218.7    -783.004    -778.202     121.543   773284   773654   773654          773284          773654          773654 0.906031  1601.44    0.000444088
   0.04     18188.8    -783.016    -777.959     121.588   773260   773654   773654          773260          773654          773654 0.906508  1601.44     0.00069328
  0.042     17256.9    -783.029    -777.716     121.636   773236   773654   773654          773236          773654          773654 0.906573  1601.45    0.000906103
  0.044     16409.8    -783.042    -777.472     121.687   773215   773654   773654          773215          773654          773654 0.904392  1601.45     0.00108841
  0.046     15636.3    -783.056    -777.229     121.743   773186   773654   773654          773186          773654          773654 0.905942  1601.45     0.00124514
  0.048     14927.3    -783.069    -776.985     121.802   773160   773654   773654          773160          773654          773654 0.905602  1601.46     0.00138052
   0.05       14275    -783.083    -776.742     121.864   773125   773654   773654          773125          773654          773654 0.909263  1601.46      0.0014981
  0.052     13672.9    -783.096    -776.498      121.93   773093   773654   773654          773093          773654          773654 0.911265  1601.47     0.00160091
  0.054     13115.4     -783.11    -776.254         122   773067   773654   773654          773067          773654          773654 0.910379  1601.47     0.00169155
  0.056     12597.7    -783.124     -776.01     122.073   773046   773654   773654          773046          773654          773654 0.906958  1601.48     0.00177219
  0.058     12115.8    -783.138    -775.766      122.15   773023   773654   773654          773023          773654          773654 0.903825  1601.48     0.00184471
   0.06     11665.9    -783.153    -775.521     122.231   772992   773654   773654          772992          773654          773654 0.902971  1601.49      0.0019107
  0.062     11245.1    -783.167    -775.277     122.316   772968   773654   773654          772968          773654          773654 0.899333   1601.5      0.0019715
  0.064     10850.6    -783.182    -775.032     122.405   772936   773654   773654          772936          773654          773654 0.89798   1601.5      0.0020283
  0.066       10480    -783.197    -774.787     122.498   772908   773654   773654          772908          773654          773654 0.894927  1601.51      0.0020821
  0.068     10131.2    -783.211    -774.542     122.596   772863   773654   773654          772863          773654          773654 0.89633  1601.52     0.00213379
   0.07     9802.33    -783.227    -774.297     122.698   772815   773654   773654          772815          773654          773654 0.898213  1601.52     0.00218417
  0.072     9491.73    -783.242    -774.051     122.805   772751   773654   773654          772751          773654          773654 0.904003  1601.53     0.00223394
  0.074     9197.93    -783.257    -773.805     122.917   772699   773654   773654          772699          773654          773654 0.906331  1601.54     0.00228378
  0.076     8919.59    -783.273    -773.559     123.035   772666   773654   773654          772666          773654          773654 0.903822  1601.55      0.0023343
  0.078     8655.53    -783.288    -773.313     123.158   772625   773654   773654          772625          773654          773654 0.902653  1601.55     0.00238612
   0.08     8404.68    -783.304    -773.067     123.288   772580   773653   773654          772580          773653          773654 0.901851  1601.56     0.00243984
  0.082     8166.06     -783.32     -772.82     123.425   772520   773653   773654          772520          773653          773654 0.903889  1601.57     0.00249607
  0.084     7938.81    -783.336    -772.573      123.57   772476   773653   773654          772476          773653          773654 0.902273  1601.58     0.00255543
  0.086     7722.13    -783.353    -772.326     123.723   772429   773653   773654          772429          773653          773654 0.900826  1601.58     0.00261858
  0.088      7515.3    -783.369    -772.078     123.885   772371   773653   773654          772371          773653          773654 0.900999  1601.59      0.0026862
   0.09     7317.66    -783.386     -771.83     124.056   772315   773653   773654          772315          773653          773654 0.900235   1601.6     0.00275903
  0.092     7128.62    -783.403    -771.582     124.239   772269   773653   773654          772269          773653          773654 0.897488  1601.61     0.00283786
  0.094     6947.63     -783.42    -771.333     124.434   772194   773653   773654          772194          773653          773654 0.89895  1601.62     0.00292355
  0.096     6774.18    -783.437    -771.084     124.642   772131   773653   773654          772131          773653          773654 0.898087  1601.63     0.00301701
  0.098     6607.81    -783.455    -770.835     124.865   772036   773653   773654          772036          773653          773654 0.901563  1601.64     0.00311925
    0.1      6448.1    -783.472    -770.585     125.104   771934   773653   773654          771934          773653          773654 0.905611  1601.65     0.00323137
  0.102     6294.65     -783.49    -770.334     125.361   771837   773653   773654          771837          773653          773654 0.908422  1601.66     0.00335456
  0.104     6147.11    -783.508    -770.083     125.638   771752   773653   773654          771752          773653          773654 0.909194  1601.67     0.00349015
  0.106     6005.13    -783.526    -769.832     125.936   771658   773653   773654          771658          773653          773654 0.910553  1601.68     0.00363956
  0.108     5868.42    -783.545     -769.58     126.259   771572   773653   773654          771572          773653          773654 0.910564  1601.69     0.00380438
   0.11     5736.68    -783.564    -769.327     126.608   771470   773653   773654          771470          773653          773654 0.911839  1601.71     0.00398634
  0.112     5609.65    -783.583    -769.073     126.987   771362   773653   773654          771362          773653          773654 0.91313  1601.72     0.00418737
  0.114     5487.08    -783.602    -768.819     127.399   771272   773653   773654          771272          773653          773654 0.911988  1601.73     0.00440955
  0.116     5368.73    -783.621    -768.564     127.847   771188   773653   773654          771188          773653          773654 0.909592  1601.75     0.00465523
  0.118      5254.4    -783.641    -768.307     128.335   771092   773653   773654          771092          773653          773654 0.90759  1601.76     0.00492698
   0.12     5143.89    -783.661     -768.05     128.867   770970   773653   773654          770970          773653          773654 0.907247  1601.78     0.00522763
  0.122     5036.99    -783.682    -767.792     129.449   770808   773653   773654          770808          773653          773654 0.909256   1601.8     0.00556037
  0.124     4933.55    -783.702    -767.532     130.085   770676   773653   773654          770676          773653          773654 0.908229  1601.82     0.00592871
  0.126      4833.4    -783.723    -767.271     130.782   770532   773653   773654          770532          773653          773654 0.90751  1601.84     0.00633659
  0.128     4736.38    -783.744    -767.009     131.547   770444   773653   773654          770444          773653          773654 0.90184  1601.86     0.00678845
   0.13     4642.35    -783.766    -766.745     132.387   770255   773653   773654          770255          773653          773654 0.902175  1601.88     0.00728926
  0.132     4551.16    -783.788     -766.48     133.311   769997   773653   773654          769997          773653          773654 0.906074   1601.9     0.00784466
  0.134     4462.71    -783.811    -766.212     134.329   769728   773653   773654          769728          773653          773654 0.90974  1601.93     0.00846106
  0.136     4376.86    -783.834    -765.942     135.453   769492   773653   773654          769492          773653          773654 0.910544  1601.96     0.00914579
  0.138      4293.5    -783.857     -765.67     136.696   769184   773653   773654          769184          773653          773654 0.914363  1601.99     0.00990728
   0.14     4212.52    -783.881    -765.395     138.075   769017   773653   773654          769017          773653          773654 0.909873  1602.02      0.0107552
  0.142     4133.83    -783.905    -765.118     139.606   768644   773653   773654          768644          773653          773654 0.914477  1602.06      0.0117008
  0.144     4057.33     -783.93    -764.837     141.313   768433   773653   773654          768433          773653          773654 0.910444   1602.1       0.012757
  0.146     3982.93    -783.955    -764.552     143.218   767939   773653   773654          767939          773653          773654 0.916674  1602.14      0.0139389
  0.148     3910.55    -783.982    -764.264     145.352   767543   773653   773654          767543          773653          773654 0.918261  1602.19       0.015264
   0.15      3840.1    -784.008    -763.971     147.748   766887   773653   773654          766887          773653          773654 0.928096  1602.24      0.0167523
  0.152     3771.51    -784.036    -763.673     150.445   766454   773653   773654          766454          773653          773654 0.929674  1602.29      0.0184269
  0.154      3704.7    -784.064    -763.369     153.486   766018   773653   773654          766018          773653          773654 0.929675  1602.35      0.0203142
  0.156     3639.62    -784.093    -763.058     156.923   765480   773653   773654          765480          773653          773654 0.931233  1602.42      0.0224435
  0.158     3576.18    -784.124    -762.741      160.81   764746   773638   773654          764746          773638          773654 0.936642   1602.5      0.0248476
   0.16     3514.34    -784.155    -762.415     165.208   764258   773638   773654          764258          773638          773654 0.934072  1602.58      0.0275615
  0.162     3454.04    -784.187    -762.079     170.179   763555   773403   773654          763555          773403          773654 0.934485  1602.68      0.0306222
  0.164     3395.21    -784.221    -761.734     175.788   762857   773403   773654          762857          773403          773654 0.932916  1602.78      0.0340667
  0.166     3337.81    -784.256    -761.376     182.094   761606   773403   773654          761606          773403          773654 0.940404  1602.89      0.0379304
  0.168     3281.78    -784.292    -761.005     189.151   760314   773400   773654          760314          773400          773654 0.947094  1603.02      0.0422438
   0.17     3227.08     -784.33    -760.619     196.997   758981   773400   773654          758981          773400          773654 0.951721  1603.17      0.0470294
  0.172     3173.67     -784.37    -760.216     205.655   757315   773400   773654          757315          773400          773654 0.960004  1603.33      0.0522982
  0.174     3121.49    -784.412    -759.796     215.118   755388   773400   773654          755388          773400          773654 0.970042   1603.5       0.058046
  0.176     3070.51    -784.456    -759.355     225.354   754191   773400   773654          754191          773400          773654 0.971734   1603.7      0.0642509
  0.178     3020.69    -784.503    -758.894     236.298   752899   771483   773654          752899          771483          773654 0.973171  1603.91      0.0708721
   0.18        2972    -784.552     -758.41     247.861   751301   771369   773654          751301          771369          773654 0.976279  1604.15      0.0778521
  0.182     2924.38    -784.604    -757.902     259.935   749942   766657   773654          749942          766657          773654 0.976754  1604.41      0.0851219
  0.184     2877.82    -784.659     -757.37     272.425   748918   766657   773654          748918          766657          773654 0.974394   1604.7      0.0926203
  0.186     2832.28    -784.717    -756.812     285.374   747107   766657   773654          747107          766657          773654 0.976624  1605.01       0.100399
  0.188     2787.73    -784.779    -756.227     299.838   745274   766657   773654          745274          766657          773654 0.978071  1605.35       0.109389
   0.19     2744.14    -784.844    -755.607      324.27   743448   760561   773654          743448          760561          773654 0.978298  1605.72       0.127104
  0.192     2701.47    -784.915    -754.888     419.601   740995   760561   773654          740995          760561          773654 0.979819  1606.22       0.208566
  0.194     2659.72    -784.992    -753.643     989.154   739710   755818   773654          739710          755818          773654 0.962882  1607.48       0.722863
  0.196     2618.94     -785.09    -749.389        3951   647953   755426   773654          647953          755426          773654 0.966292  1613.17         3.4438
  0.198      2579.4    -785.273    -735.796     8964.05   634437   755426   773654          634437          755426          773654 0.99155  1632.87        8.08052
    0.2     2541.45    -785.614    -720.986     4713.03   632349   651233   762667          632349          651233          762667 0.962936  1654.86        4.26515
  0.202     2504.72    -786.051    -715.741     1250.02   631569   651158   666612          631569          651158          666612 0.939324  1662.75        1.13351
  0.204     2468.84    -786.515    -714.203     494.714   630434   644356   665120          630434          644356          665120 0.961705  1665.06       0.440789
  0.206      2433.7    -786.987    -713.383     361.428   629630   644356   663912          629630          644356          663912 0.964856  1666.26       0.313348
  0.208     2399.26    -787.464    -712.692     335.763   628275   644356   662701          628275          644356          662701 0.967256  1667.24       0.285147
   0.21     2365.49    -787.945    -712.029     328.467   627608   640815   661617          627608          640815          661617 0.966002  1668.18       0.274396
  0.212     2332.38     -788.43    -711.376      324.49   626601   640815   660312          626601          640815          660312  0.965  1669.08       0.267094
  0.214     2299.91    -788.919    -710.731     321.293   625746   640815   659098          625746          640815          659098 0.963531  1669.96       0.260822
  0.216     2268.06    -789.411    -710.091     318.498   624806   640815   657977          624806          640815          657977 0.962812  1670.82       0.255197
  0.218      2236.8    -789.907    -709.456     316.102   623847   638495   656967          623847          638495          656967 0.962553  1671.67       0.250198
   0.22     2206.14    -790.407    -708.826     314.151   622616   638495   655759          622616          638495          655759 0.96298   1672.5       0.245857
  0.222     2176.04    -790.911      -708.2     312.675   621510   638492   654704          621510          638492          654704 0.96357  1673.31       0.242193
  0.224     2146.49    -791.418    -707.575     311.686   620420   638492   653655          620420          638492          653655 0.964761  1674.12       0.239201
  0.226     2117.48    -791.928    -706.953     311.169   619731   635067   652649          619731          635067          652649 0.963636  1674.91       0.236855
  0.228        2089    -792.442     -706.33     311.093   619071   632785   651522          619071          632785          651522 0.961253   1675.7       0.235107
   0.23     2061.02    -792.959    -705.708     311.416   618244   632785   650335          618244          632785          650335 0.959099  1676.49       0.233898
  0.232     2033.54    -793.479    -705.084     312.086   617111   632785   649302          617111          632785          649302 0.959695  1677.27        0.23316
  0.234     2006.55    -794.003    -704.459     313.047   615783   632785   648365          615783          632785          648365 0.962118  1678.06       0.232821
  0.236     1980.03     -794.53    -703.832     314.245   615227   632785   647404          615227          632785          647404 0.95981  1678.84       0.232812
  0.238     1953.96     -795.06    -703.202     315.628   614034   632785   646538          614034          632785          646538 0.96118  1679.62       0.233063
   0.24     1928.35    -795.593    -702.569     317.148   612571   628277   645856          612571          628277          645856 0.964892   1680.4       0.233513
  0.242     1903.17     -796.13    -701.934     318.761   611646   628277   644844          611646          628277          644844 0.964556  1681.19       0.234101
  0.244     1878.42     -796.67    -701.294     320.427   610744   628277   644409          610744          628277          644409 0.966586  1681.98       0.234775
  0.246     1854.08    -797.214    -700.652     322.111   609543   628277   643443          609543          628277          643443 0.966942  1682.77       0.235484
  0.248     1830.15    -797.761    -700.006      323.78   608692   626263   642712          608692          626263          642712 0.967274  1683.56       0.236182
   0.25     1806.62    -798.311    -699.357     325.405   607502   626263   641897          607502          626263          641897 0.968761  1684.36       0.236826
  0.252     1783.47    -798.864    -698.704     326.956   606630   620627   641075          606630          620627          641075 0.968528  1685.16       0.237377
  0.254      1760.7     -799.42    -698.049     328.409   605992   620627   640028          605992          620627          640028 0.965881  1685.96       0.237797
  0.256      1738.3     -799.98    -697.391     329.741   604996   620627   639212          604996          620627          639212 0.966381  1686.76       0.238055
  0.258     1716.26    -800.543     -696.73     330.935   604175   620627   638499          604175          620627          638499 0.966621  1687.56       0.238123
   0.26     1694.57     -801.11    -696.067     331.978   603563   620627   637254          603563          620627          637254 0.962788  1688.37       0.237982
  0.262     1673.22    -801.679    -695.402     332.864   602612   620627   636505          602612          620627          636505 0.963511  1689.17       0.237616
  0.264     1652.21    -802.252    -694.736     333.595   601600   620627   635848          601600          620627          635848 0.964801  1689.97        0.23702
  0.266     1631.53    -802.828    -694.068     334.181   600496   620627   635226          600496          620627          635226 0.966491  1690.77       0.236194
  0.268     1611.17    -803.408    -693.399     334.638   599440   615794   634137          599440          615794          634137 0.965589  1691.57       0.235144
   0.27     1591.12     -803.99     -692.73     334.991   598544   615794   633451          598544          615794          633451 0.966258  1692.36       0.233879
  0.272     1571.38    -804.576    -692.059     335.272   597426   615794   632871          597426          615794          632871 0.968565  1693.15       0.232413
  0.274     1551.93    -805.165    -691.389     335.517   596799   612286   631216          596799          612286          631216 0.963088  1693.94       0.230754
  0.276     1532.78    -805.757    -690.717     335.771   595900   612286   630581          595900          612286          630581 0.964415  1694.72       0.228909
  0.278     1513.92    -806.352    -690.045     336.082   594543   612286   629665          594543          612286          629665 0.96677  1695.49       0.226873
   0.28     1495.34     -806.95    -689.373     336.512   593865   608911   629025          593865          608911          629025 0.967231  1696.26        0.22463
  0.282     1477.03    -807.552    -688.699     337.141   593292   608911   628094          593292          608911          628094 0.96524  1697.01       0.222149
  0.284        1459    -808.156    -688.024     338.081   592552   608911   627170          592552          608911          627170 0.964171  1697.76       0.219371
  0.286     1441.22    -808.764    -687.347     339.507   591850   608911   626339          591850          608911          626339 0.963148   1698.5       0.216204
  0.288      1423.7    -809.374    -686.666     341.712   590987   608911   625335          590987          608911          625335 0.961829  1699.23       0.212511
   0.29     1406.44    -809.988    -685.979     345.223   590183   608911   624613          590183          608911          624613 0.961407  1699.95       0.208079
  0.292     1389.42    -810.605    -685.283     351.043   589399   606638   623928          589399          606638          623928 0.960425  1700.65        0.20259
  0.294     1372.64    -811.225    -684.572     361.179   588448   604396   623192          588448          604396          623192 0.959038  1701.32       0.195558
  0.296     1356.11    -811.848    -683.833     379.843   587202   604396   622341          587202          604396          622341 0.957667  1701.97       0.186265
  0.298      1339.8    -812.475    -683.041     416.151   586082   604396   621690          586082          604396          621690 0.955296  1702.59         0.1737
    0.3     1323.73    -813.106    -682.144     490.182   585155   604396   621009          585155          604396          621009 0.948463  1703.15       0.156694
  0.302     1307.88    -813.742    -681.027     645.769   583841   604396   620177          583841          604396          620177 0.93672  1703.65       0.134801
  0.304     1292.27    -814.385    -679.448      973.24   582628   599196   619081          582628          599196          619081 0.911671  1704.07       0.111535
  0.306      1276.9    -815.039    -676.916     1629.33   581887   599196   617983          581887          599196          617983 0.861194  1704.43       0.103227
  0.308      1261.8    -815.714    -672.603     2765.99   517327   597572   617467          517327          597572          617467 0.944121  1704.84        0.15337
   0.31        1247    -816.423    -665.651     4172.36   503084   597572   616507          503084          597572          616507 0.968825  1705.61       0.322181
  0.312     1232.56    -817.184    -656.359     4913.54   495653   594804   616005          495653          594804          616005 0.980568  1707.15       0.589336
  0.314     1218.49    -818.005    -646.948     4290.66   491932   519228   612709          491932          519228          612709 0.98003  1709.56       0.796984
  0.316     1204.76    -818.879    -639.655     2982.77   490187   519228   607169          490187          519228          607169 0.972732  1712.42       0.850579
  0.318     1191.33    -819.789    -634.846     1901.05   488326   519228   595251          488326          519228          595251 0.954938  1715.28       0.811327
   0.32     1178.13    -820.721    -631.748     1263.31   485943   514822   540700          485943          514822          540700 0.917183  1717.97       0.755158
  0.322     1165.14    -821.669    -629.586     936.571   484709   504170   538822          484709          504170          538822 0.939613  1720.49       0.711416
  0.324     1152.35    -822.627    -627.893     775.941   482849   504170   536172          482849          504170          536172 0.949917  1722.89       0.683178
  0.326     1139.73    -823.593     -626.43     695.839   481599   504170   534133          481599          504170          534133 0.955331  1725.21       0.666716
  0.328     1127.29    -824.566    -625.084     653.897   480238   504170   531612          480238          504170          531612 0.956295   1727.5       0.658294
   0.33     1115.03    -825.545    -623.802     630.391   479131   504170   530080          479131          504170          530080 0.958166  1729.76       0.655418
  0.332     1102.93    -826.531    -622.557      616.28   477496   504170   527921          477496          504170          527921 0.958724  1732.03       0.656638
  0.334     1090.99    -827.523    -621.334      607.39   475923   499832   526338          475923          499832          526338 0.960163  1734.32       0.661168
  0.336     1079.21     -828.52    -620.125     601.771   474845   499832   525255          474845          499832          525255 0.960723  1736.63       0.668612
  0.338     1067.59    -829.523    -618.925     598.502   473605   499829   523685          473605          499829          523685 0.958849  1738.97       0.678785
   0.34     1056.12    -830.532     -617.73     597.155   471279   499829   522698          471279          499829          522698 0.961956  1741.35       0.691626
  0.342      1044.8    -831.547    -616.535     597.541   468726   494549   521500          468726          494549          521500 0.965343  1743.79       0.707136
  0.344     1033.63    -832.567    -615.338     599.581   466700   490670   519677          466700          490670          519677 0.965032  1746.29       0.725348
  0.346      1022.6    -833.593    -614.136     603.243   465228   490499   517749          465228          490499          517749 0.962412  1748.86       0.746298
  0.348     1011.72    -834.624    -612.924     608.495   462700   490499   515705          462700          490499          515705 0.963461  1751.51       0.770011
   0.35     1000.98    -835.661    -611.701      615.28   461195   486445   513483          461195          486445          513483 0.961052  1754.25        0.79647
  0.352     990.375    -836.704    -610.462     623.498   460005   482294   512208          460005          482294          512208 0.960748   1757.1       0.825601
  0.354     979.907    -837.752    -609.206      632.99   458125   482294   510741          458125          482294          510741 0.961293  1760.06       0.857253
  0.356     969.573    -838.806     -607.93     643.535   456998   482294   509050          456998          482294          509050 0.958219  1763.14       0.891196
  0.358     959.371    -839.866    -606.631      654.86   454472   482168   507668          454472          482168          507668 0.961104  1766.35       0.927119
   0.36     949.298    -840.932     -605.31     666.647   453019   482168   506159          453019          482168          506159 0.959694  1769.69       0.964655
  0.362     939.354    -842.004    -603.965     678.561   451166   482168   505458          451166          482168          505458 0.961822  1773.18        1.00341
  0.364     929.536    -843.083    -602.596     690.276   448920   482168   504382          448920          482168          504382 0.963447  1776.81        1.04304
  0.366     919.843    -844.167    -601.204     701.509   445731   482168   503240          445731          482168          503240 0.967778  1780.59        1.08326
  0.368     910.272    -845.258     -599.79     712.049   442812   480956   501725          442812          480956          501725 0.97117  1784.53        1.12402
   0.37     900.822    -846.355    -598.356     721.788   441470   468874   500536          441470          468874          500536 0.970885  1788.62        1.16554
  0.372     891.491    -847.459    -596.904     730.744   439795   466867   498186          439795          466867          498186 0.967754  1792.87        1.20849
  0.374     882.278    -848.569    -595.434     739.081   438458   462823   496497          438458          462823          496497 0.965866  1797.29        1.25419
  0.376      873.18    -849.686    -593.947      747.13   436839   462823   494755          436839          462823          494755 0.964117  1801.89        1.30491
  0.378     864.196     -850.81    -592.445     755.418   435241   462823   493048          435241          462823          493048 0.962273   1806.7        1.36438
   0.38     855.324     -851.94    -590.925      764.71   433121   462823   491254          433121          462823          491254 0.961562  1811.77        1.43843
  0.382     846.563    -853.078    -589.385     776.071   431459   461569   489821          431459          461569          489821 0.959904  1817.16        1.53603
  0.384     837.911    -854.222    -587.818     790.964   429235   461569   487612          429235          461569          487612 0.95708  1822.98        1.67072
  0.386     829.367    -855.373    -586.217     811.372   425703   461569   486904          425703          461569          486904 0.96309  1829.41        1.86239
  0.388     820.929    -856.531    -584.568     839.938   424541   454911   485178          424541          454911          485178 0.957458  1836.71        2.13949
   0.39     812.597    -857.697     -582.85     880.078   422267   454911   483665          422267          454911          483665 0.953667  1845.29        2.54099
  0.392      804.37     -858.87    -581.037      935.98   419353   444044   482392          419353          444044          482392 0.950272  1855.69        3.11721
  0.394     796.248    -860.052    -579.092     1012.33   416864   444044   479752          416864          444044          479752 0.939008  1868.73        3.92722
  0.396     788.231    -861.243    -576.971     1113.46   412173   444044   476831          412173          444044          476831 0.931027  1885.44        5.02954
  0.398     780.319    -862.444     -574.62     1241.73   408028   443904   474133          408028          443904          474133 0.918556  1907.13        6.46194
    0.4     772.515    -863.656    -571.987     1394.86   390098   443904   472409          390098          443904          472409 0.955534  1935.22        8.20868
  0.402      764.82    -864.881    -569.031      1562.8   382552   443904   470832          382552          443904          470832 0.970462  1971.06        10.1618
  0.404     757.237     -866.12    -565.739     1725.73   379543   442268   469646          379543          442268          469646 0.975984  2015.49        12.0981
  0.406     749.768    -867.375     -562.15     1855.76   376779   442268   468129          376779          442268          468129 0.980489  2068.34        13.7036
  0.408     742.414    -868.648    -558.357     1924.18   374807   442268   467048          374807          442268          467048 0.984617  2128.13        14.6632
   0.41     735.174    -869.937    -554.507     1912.31   373421   394093   464341          373421          394093          464341 0.98487  2192.04        14.7825
  0.412     728.047    -871.245    -550.762      1819.8   372883   394093   460640          372883          394093          460640 0.981838  2256.49        14.0685
  0.414     721.029    -872.568     -547.27     1664.56   372525   386294   455263          372525          386294          455263 0.975721  2317.94        12.7138
  0.416     714.114    -873.907    -544.127     1474.57   372107   386294   449410          372107          386294          449410 0.968212  2373.65        11.0016
  0.418     707.296    -875.259    -541.376     1277.37   371889   386294   444879          371889          386294          444879 0.963773  2422.08        9.20069
   0.42      700.57    -876.622    -539.009     1093.04   371425   386294   437454          371425          386294          437454 0.949931  2462.81        7.50357
  0.422     693.929    -877.994    -536.988     932.497   370962   386294   428530          370962          386294          428530 0.934356  2496.23        6.01465
  0.424     687.369    -879.373    -535.261     799.189   370469   385286   418531          370469          385286          418531 0.915809  2523.19        4.76899
  0.426     680.886     -880.76    -533.774     691.897   369920   382293   413704          369920          382293          413704 0.917629  2544.71        3.75885
  0.428     674.476    -882.151    -532.478     607.178   369729   382293   409509          369729          382293          409509 0.916101  2561.77        2.95569
   0.43     668.137    -883.547    -531.333     540.955   369250   382293   406678          369250          382293          406678 0.919506  2575.27        2.32445
  0.432     661.865    -884.947    -530.305      489.37   368723   382293   404773          368723          382293          404773 0.925698  2585.94        1.83126
  0.434     655.659    -886.351    -529.368     449.131   368329   382293   403819          368329          382293          403819 0.933374  2594.39        1.44665
  0.436     649.516    -887.757    -528.502     417.591   367989   382293   402936          367989          382293          402936 0.938939  2601.09        1.14648
  0.438     643.436    -889.167    -527.693     392.688   367491   382293   401591          367491          382293          401591 0.941351  2606.42       0.911618
   0.44     637.417    -890.578    -526.928     372.852   366815   382293   400736          366815          382293          400736 0.946544  2610.68       0.727188
  0.442     631.458    -891.993    -526.199     356.898   366448   380994   400054          366448          380994          400054 0.950168  2614.08       0.581759
  0.444     625.557    -893.409    -525.499     343.937   366229   380994   399497          366229          380994          399497 0.952724  2616.81       0.466586
  0.446     619.714    -894.827    -524.822     333.302   365784   380994   398914          365784          380994          398914 0.955612  2619.01       0.374993
  0.448     613.927    -896.247    -524.164     324.492   365617   380994   398099          365617          380994          398099 0.955227  2620.78       0.301878
   0.45     608.196    -897.669    -523.523     317.129   365290   379097   397501          365290          379097          397501 0.956401   2622.2       0.243327
  0.452     602.519    -899.093    -522.895     310.922   364838   379097   396623          364838          379097          396623 0.956529  2623.35       0.196325
  0.454     596.896    -900.518    -522.278     305.651   364622   377058   396220          364622          377058          396220 0.957666  2624.27       0.158541
  0.456     591.326    -901.945    -521.672     301.143   364162   377058   395497          364162          377058          395497 0.958145  2625.02       0.128161
  0.458     585.808    -903.374    -521.073     297.263   363785   377058   395020          363785          377058          395020 0.959326  2625.63       0.103765
   0.46     580.341    -904.804    -520.482     293.904   363509   375897   394394          363509          375897          394394 0.95887  2626.12       0.084235
  0.462     574.925    -906.236    -519.897      290.98   363037   375897   393698          363037          375897          393698 0.95902  2626.52      0.0686862
  0.464     569.559    -907.669    -519.318      288.42   362744   375897   393011          362744          375897          393011 0.958208  2626.85      0.0564133
  0.466     564.242    -909.104    -518.744     286.168   362439   375897   392586          362439          375897          392586 0.958981  2627.12      0.0468511
  0.468     558.974     -910.54    -518.173     284.175   362089   375897   391918          362089          375897          391918 0.958476  2627.35      0.0395439
   0.47     553.753    -911.977    -517.607     282.401   361781   375897   391287          361781          375897          391287 0.957807  2627.54      0.0341215
  0.472     548.579    -913.416    -517.044     280.813   361215   375897   390605          361215          375897          390605 0.958537  2627.71       0.030282
  0.474     543.452    -914.856    -516.483     279.381   361038   375897   390208          361038          375897          390208 0.958617  2627.86       0.027777
  0.476     538.371    -916.298    -515.926      278.08   360706   375897   389830          360706          375897          389830 0.959577     2628       0.026401
  0.478     533.336    -917.741    -515.371      276.89   360188   375897   389437          360188          375897          389437 0.961529  2628.14      0.0259828
   0.48     528.345    -919.185    -514.818     275.791   359853   375897   389075          359853          375897          389075 0.962577  2628.28      0.0263788
  0.482     523.398    -920.631    -514.268     274.767   359531   375897   388752          359531          375897          388752 0.963664  2628.42      0.0274675
  0.484     518.494    -922.077    -513.719     273.806   359235   374004   388494          359235          374004          388494 0.964836  2628.57      0.0291457
  0.486     513.634    -923.525    -513.173     272.894   358906   373285   388025          358906          373285          388025 0.964894  2628.72      0.0313246
  0.488     508.816    -924.975    -512.628     272.023   358698   373285   387764          358698          373285          387764 0.965364   2628.9      0.0339278
   0.49      504.04    -926.425    -512.084     271.183   358492   373285   387352          358492          373285          387352 0.964824  2629.08      0.0368887
  0.492     499.305    -927.877    -511.543     270.367   358009   373285   386991          358009          373285          386991 0.966157  2629.28      0.0401491
  0.494     494.611     -929.33    -511.003      269.57   357685   373285   386826          357685          373285          386826 0.967706   2629.5      0.0436578
  0.496     489.957    -930.784    -510.465     268.786   357378   373285   386566          357378          373285          386566 0.96851  2629.74      0.0473693
  0.498     485.343     -932.24    -509.928     268.012   357063   368974   386311          357063          368974          386311 0.969323     2630      0.0512434
    0.5     480.769    -933.696    -509.393     267.245   356844   368974   385815          356844          368974          385815 0.968156  2630.28      0.0552444
  0.502     476.233    -935.154    -508.859     266.482   356677   368974   385456          356677          368974          385456 0.967401  2630.58        0.05934
  0.504     471.735    -936.613    -508.327     265.723   356274   366873   385085          356274          366873          385085 0.967924  2630.91      0.0635018
  0.506     467.276    -938.073    -507.796     264.966   356176   366873   384573          356176          366873          384573 0.965841  2631.25      0.0677042
  0.508     462.853    -939.535    -507.267      264.21   356041   366819   384166          356041          366819          384166 0.964465  2631.62      0.0719243
   0.51     458.468    -940.997    -506.739     263.457   355811   366819   383788          355811          366819          383788 0.963787  2632.01      0.0761419
  0.512     454.119    -942.461    -506.213     262.706   355504   366819   383367          355504          366819          383367 0.963328  2632.42      0.0803389
  0.514     449.806    -943.925    -505.688     261.958   355203   366819   383063          355203          366819          383063 0.963513  2632.86      0.0844995
  0.516     445.529    -945.391    -505.165     261.213   354984   366656   382750          354984          366656          382750 0.963089  2633.31      0.0886097
  0.518     441.286    -946.858    -504.643     260.474   354607   366656   382515          354607          366656          382515 0.964198  2633.79      0.0926574
   0.52     437.079    -948.326    -504.123      259.74   354334   366656   382233          354334          366656          382233 0.964257  2634.29      0.0966322
  0.522     432.906    -949.795    -503.604     259.014   354038   366656   381833          354038          366656          381833 0.963729  2634.81       0.100525
  0.524     428.767    -951.265    -503.087     258.296   353683   366656   381507          353683          366656          381507 0.964146  2635.35       0.104329
  0.526     424.661    -952.736    -502.571     257.587   353484   366656   381213          353484          366656          381213 0.963736  2635.91       0.108037
  0.528     420.588    -954.208    -502.057      256.89   353087   366656   380775          353087          366656          380775 0.963688  2636.49       0.111645
   0.53     416.548    -955.681    -501.544     256.203   352635   366656   380545          352635          366656          380545 0.965471  2637.08       0.115149
  0.532      412.54    -957.156    -501.032     255.529   352435   366656   380182          352435          366656          380182 0.964775   2637.7       0.118546
  0.534     408.564    -958.631    -500.522     254.868   352125   366656   379913          352125          366656          379913 0.96545  2638.33       0.121834
  0.536      404.62    -960.107    -500.012      254.22   351813   366656   379660          351813          366656          379660 0.966258  2638.99       0.125011
  0.538     400.707    -961.584    -499.505     253.587   351525   366656   379373          351525          366656          379373 0.966684  2639.65       0.128079
   0.54     396.825    -963.063    -498.998     252.968   351121   366656   379166          351121          366656          379166 0.968396  2640.34       0.131035
  0.542     392.973    -964.542    -498.493     252.363   350873   362944   378858          350873          362944          378858 0.968475  2641.04       0.133883
  0.544     389.152    -966.022    -497.989     251.772   350726   362944   378528          350726          362944          378528 0.967801  2641.75       0.136621
  0.546      385.36    -967.503    -497.486     251.196   350509   362944   378199          350509          362944          378199 0.967544  2642.48       0.139253
  0.548     381.597    -968.986    -496.984     250.633   350206   361281   377911          350206          361281          377911 0.968132  2643.22        0.14178
   0.55     377.864    -970.469    -496.483     250.084   350031   361281   377530          350031          361281          377530 0.967337  2643.98       0.144203
  0.552     374.159    -971.953    -495.984     249.547   349904   361281   377268          349904          361281          377268 0.966921  2644.75       0.146527
  0.554     370.483    -973.438    -495.485     249.022   349639   361257   377062          349639          361257          377062 0.967805  2645.53       0.148752
  0.556     366.835    -974.924    -494.987     248.508   349414   361257   376694          349414          361257          376694 0.967324  2646.32       0.150881
  0.558     363.215     -976.41    -494.491     248.005   349196   361257   376339          349196          361257          376339 0.966896  2647.13       0.152918
   0.56     359.622    -977.898    -493.995     247.511   349105   361257   376105          349105          361257          376105 0.966424  2647.94       0.154865
  0.562     356.057    -979.387    -493.501     247.026   348963   361257   375912          348963          361257          375912 0.966481  2648.77       0.156725
  0.564     352.518    -980.876    -493.007     246.549   348783   361257   375518          348783          361257          375518 0.965424   2649.6       0.158501
  0.566     349.006    -982.367    -492.515     246.078   348587   361257   375204          348587          361257          375204 0.965029  2650.45       0.160196
  0.568      345.52    -983.858    -492.023     245.612   348461   361257   374930          348461          361257          374930 0.964389   2651.3       0.161812
   0.57     342.061    -985.351    -491.532     245.152   348337   361257   374581          348337          361257          374581 0.96319  2652.16       0.163352
  0.572     338.627    -986.844    -491.042     244.696   348144   361257   374331          348144          361257          374331 0.963115  2653.03       0.164819
  0.574     335.218    -988.338    -490.553     244.242   347985   359921   374122          347985          359921          374122 0.963022  2653.91       0.166216
  0.576     331.835    -989.833    -490.065     243.791   347731   359921   373753          347731          359921          373753 0.962483   2654.8       0.167545
  0.578     328.476    -991.328    -489.578     243.342   347348   359921   373526          347348          359921          373526 0.96382  2655.69       0.168809
   0.58     325.143    -992.825    -489.092     242.894   347000   359921   373305          347000          359921          373305 0.96506  2656.59       0.170012
  0.582     321.833    -994.322    -488.607     242.447   346799   359921   372983          346799          359921          372983 0.964637   2657.5       0.171155
  0.584     318.548    -995.821    -488.122         242   346467   359921   372745          346467          359921          372745 0.965709  2658.41       0.172241
  0.586     315.286     -997.32    -487.639     241.553   346226   359921   372384          346226          359921          372384 0.965392  2659.33       0.173272
  0.588     312.048     -998.82    -487.156     241.105   346044   359921   372182          346044          359921          372182 0.965741  2660.25       0.174253
   0.59     308.834    -1000.32    -486.674     240.658   345828   359921   371806          345828          359921          371806 0.965203  2661.18       0.175184
  0.592     305.642    -1001.82    -486.193     240.209   345551   359921   371616          345551          359921          371616 0.966328  2662.12       0.176068
  0.594     302.474    -1003.32    -485.713     239.761   345412   357213   371409          345412          357213          371409 0.966379  2663.06       0.176909
  0.596     299.328    -1004.83    -485.234     239.312   345311   357213   371145          345311          357213          371145 0.965751     2664       0.177709
  0.598     296.204    -1006.33    -484.756     238.864   345175   357124   370907          345175          357124          370907 0.965444  2664.95        0.17847
    0.6     293.103    -1007.84    -484.279     238.416   345010   357124   370721          345010          357124          370721 0.965607   2665.9       0.179195
  0.602     290.023    -1009.34    -483.802     237.968   344752   357124   370475          344752          357124          370475 0.96597  2666.86       0.179886
  0.604     286.966    -1010.85    -483.327     237.523   344626   357124   370259          344626          357124          370259 0.965643  2667.82       0.180547
  0.606     283.929    -1012.36    -482.852     237.079   344417   357124   370069          344417          357124          370069 0.965984  2668.79       0.181179
  0.608     280.914    -1013.86    -482.379     236.638   344283   357124   369895          344283          357124          369895 0.965857  2669.76       0.181785
   0.61      277.92    -1015.37    -481.906       236.2   344012   357124   369485          344012          357124          369485 0.965125  2670.73       0.182368
  0.612     274.947    -1016.88    -481.434     235.766   343684   357124   369383          343684          357124          369383 0.966808  2671.71        0.18293
  0.614     271.994    -1018.39    -480.963     235.336   343597   352664   369200          343597          352664          369200 0.966339  2672.69       0.183474
  0.616     269.062     -1019.9    -480.493     234.912   343301   352664   369046          343301          352664          369046 0.967354  2673.67       0.184002
  0.618      266.15    -1021.41    -480.023     234.495   343190   352664   368741          343190          352664          368741 0.966163  2674.65       0.184517
   0.62     263.258    -1022.93    -479.555     234.084   342967   352664   368517          342967          352664          368517 0.966245  2675.64        0.18502
  0.622     260.385    -1024.44    -479.087     233.681   342773   352664   368215          342773          352664          368215 0.965594  2676.63       0.185514
  0.624     257.533    -1025.95     -478.62     233.286   342452   352664   367903          342452          352664          367903 0.965802  2677.63       0.186002
  0.626     254.699    -1027.47    -478.154     232.901   342335   352664   367699          342335          352664          367699 0.965408  2678.63       0.186485
  0.628     251.885    -1028.98    -477.688     232.526   342049   352664   367524          342049          352664          367524 0.966374  2679.63       0.186966
   0.63      249.09     -1030.5    -477.224     232.161   341866   352664   367309          341866          352664          367309 0.966372  2680.63       0.187446
  0.632     246.314    -1032.02     -476.76     231.808   341749   352664   367109          341749          352664          367109 0.96597  2681.64       0.187927
  0.634     243.556    -1033.53    -476.296     231.467   341563   352664   366928          341563          352664          366928 0.966172  2682.65       0.188411
  0.636     240.817    -1035.05    -475.834     231.138   341454   352664   366732          341454          352664          366732 0.965666  2683.66         0.1889
  0.638     238.096    -1036.57    -475.372     230.822   341321   351155   366515          341321          351155          366515 0.965141  2684.67       0.189394
   0.64     235.393    -1038.09     -474.91      230.52   341243   351155   366126          341243          351155          366126 0.96294  2685.69       0.189897
  0.642     232.708    -1039.61     -474.45     230.232   341008   351155   365910          341008          351155          365910 0.963186  2686.71       0.190408
  0.644     230.041    -1041.13    -473.989     229.958   340752   351155   365546          340752          351155          365546 0.962559  2687.74        0.19093
  0.646     227.391    -1042.65     -473.53     229.699   340583   351155   365244          340583          351155          365244 0.961799  2688.77       0.191462
  0.648     224.759    -1044.18    -473.071     229.454   340447   351155   365097          340447          351155          365097 0.961946   2689.8       0.192007
   0.65     222.144     -1045.7    -472.612     229.225   340285   351155   364971          340285          351155          364971 0.962409  2690.83       0.192564
  0.652     219.546    -1047.22    -472.154     229.011   340027   351155   364570          340027          351155          364570 0.961552  2691.87       0.193135
  0.654     216.965    -1048.75    -471.696     228.813   339845   351155   364392          339845          351155          364392 0.961863  2692.91        0.19372
  0.656       214.4    -1050.27    -471.238      228.63   339735   351155   364259          339735          351155          364259 0.961918  2693.96        0.19432
  0.658     211.853     -1051.8    -470.781     228.462   339576   351155   364029          339576          351155          364029 0.961566  2695.01       0.194935
   0.66     209.322    -1053.32    -470.325     228.309   339397   351155   363861          339397          351155          363861 0.961831  2696.06       0.195565
  0.662     206.807    -1054.85    -469.868     228.172   339239   351155   363650          339239          351155          363650 0.961598  2697.11        0.19621
  0.664     204.308    -1056.38    -469.412      228.05   339110   351155   363429          339110          351155          363429 0.961018  2698.17        0.19687
  0.666     201.825    -1057.91    -468.956     227.943   338910   351155   363293          338910          351155          363293 0.961648  2699.24       0.197546
  0.668     199.358    -1059.44      -468.5      227.85   338771   351155   363171          338771          351155          363171 0.961857  2700.31       0.198237
   0.67     196.907    -1060.97    -468.045     227.772   338577   350323   363015          338577          350323          363015 0.962215  2701.38       0.198942
  0.672     194.471     -1062.5    -467.589     227.708   338285   350107   362808          338285          350107          362808 0.962936  2702.46       0.199662
  0.674     192.051    -1064.03    -467.134     227.657   338179   350107   362633          338179          350107          362633 0.962496  2703.54       0.200396
  0.676     189.645    -1065.56    -466.678      227.62   338044   350107   362394          338044          350107          362394 0.961722  2704.62       0.201144
  0.678     187.255    -1067.09    -466.223     227.596   337868   350107   362248          337868          350107          362248 0.96199  2705.71       0.201905
   0.68     184.881    -1068.62    -465.768     227.584   337730   350107   362028          337730          350107          362028 0.961369  2706.81       0.202677
  0.682      182.52    -1070.16    -465.313     227.584   337642   349357   361905          337642          349357          361905 0.961059  2707.91       0.203462
  0.684     180.175    -1071.69    -464.858     227.596   337429   349357   361672          337429          349357          361672 0.960824  2709.01       0.204257
  0.686     177.844    -1073.23    -464.402     227.619   337158   349357   361530          337158          349357          361530 0.961751  2710.12       0.205063
  0.688     175.528    -1074.76    -463.947     227.653   336822   349357   361417          336822          349357          361417 0.963355  2711.24       0.205878
   0.69     173.226     -1076.3    -463.492     227.697   336681   349166   361327          336681          349166          361327 0.96369  2712.36       0.206701
  0.692     170.938    -1077.83    -463.036     227.751   336501   349166   361049          336501          349166          361049 0.962909  2713.48       0.207532
  0.694     168.664    -1079.37    -462.581     227.813   336289   349166   360862          336289          349166          360862 0.963068  2714.61        0.20837
  0.696     166.405    -1080.91    -462.125     227.885   336082   349166   360638          336082          349166          360638 0.962935  2715.74       0.209214
  0.698     164.159    -1082.45    -461.669     227.964   335850   349166   360501          335850          349166          360501 0.963624  2716.88       0.210063
    0.7     161.927    -1083.99    -461.213     228.052   335594   349166   360395          335594          349166          360395 0.964732  2718.02       0.210916
  0.702     159.708    -1085.53    -460.757     228.147   335398   349166   360275          335398          349166          360275 0.965286  2719.17       0.211772
  0.704     157.503    -1087.07    -460.301     228.248   335244   346557   360161          335244          346557          360161 0.965561  2720.33       0.212631
  0.706     155.311    -1088.61    -459.844     228.356   335040   346557   359979          335040          346557          359979 0.96569  2721.49       0.213491
  0.708     153.133    -1090.15    -459.387      228.47   334893   346293   359785          334893          346293          359785 0.965296  2722.65       0.214352
   0.71     150.967    -1091.69     -458.93     228.589   334767   346293   359593          334767          346293          359593 0.964783  2723.82       0.215213
  0.712     148.815    -1093.23    -458.473     228.713   334557   346293   359326          334557          346293          359326 0.964336     2725       0.216074
  0.714     146.676    -1094.78    -458.015     228.842   334336   346293   359106          334336          346293          359106 0.964355  2726.18       0.216932
  0.716     144.549    -1096.32    -457.558     228.976   334120   346293   358946          334120          346293          358946 0.964787  2727.36       0.217788
  0.718     142.435    -1097.86    -457.099     229.113   334020   346293   358740          334020          346293          358740 0.96404  2728.55       0.218641
   0.72     140.334    -1099.41    -456.641     229.254   333946   345612   358485          333946          345612          358485 0.962726  2729.75        0.21949
  0.722     138.245    -1100.96    -456.182     229.398   333834   345612   358346          333834          345612          358346 0.962498  2730.95       0.220335
  0.724     136.169     -1102.5    -455.723     229.544   333735   345612   358261          333735          345612          358261 0.962496  2732.16       0.221175
  0.726     134.104    -1104.05    -455.264     229.694   333552   345612   358074          333552          345612          358074 0.962336  2733.37       0.222009
  0.728     132.052     -1105.6    -454.805     229.846   333344   345612   357947          333344          345612          357947 0.962782  2734.58       0.222837
   0.73     130.012    -1107.14    -454.345     229.999   333004   345612   357741          333004          345612          357741 0.963624   2735.8       0.223659
  0.732     127.984    -1108.69    -453.885     230.155   332879   345612   357591          332879          345612          357591 0.963347  2737.03       0.224473
  0.734     125.968    -1110.24    -453.424     230.312   332664   345612   357423          332664          345612          357423 0.963586  2738.26        0.22528
  0.736     123.964    -1111.79    -452.963      230.47   332370   345612   357283          332370          345612          357283 0.964578   2739.5        0.22608
  0.738     121.971    -1113.34    -452.502      230.63   332058   345612   357182          332058          345612          357182 0.966013  2740.74       0.226871
   0.74      119.99    -1114.89    -452.041      230.79   331790   345612   356996          331790          345612          356996 0.966596  2741.98       0.227654
  0.742     118.021    -1116.45    -451.579     230.951   331583   345612   356752          331583          345612          356752 0.966405  2743.24       0.228428
  0.744     116.062       -1118    -451.117     231.113   331367   341951   356613          331367          341951          356613 0.967018  2744.49       0.229193
  0.746     114.116    -1119.55    -450.655     231.275   331315   341951   356408          331315          341951          356408 0.966013  2745.75       0.229949
  0.748      112.18    -1121.11    -450.192     231.437   331223   341951   356293          331223          341951          356293 0.965856  2747.02       0.230696
   0.75     110.255    -1122.66    -449.729       231.6   331113   341951   355943          331113          341951          355943 0.964164  2748.29       0.231434
  0.752     108.342    -1124.21    -449.266     231.762   330921   341951   355787          330921          341951          355787 0.96445  2749.56       0.232162
  0.754     106.439    -1125.77    -448.802     231.925   330782   341951   355637          330782          341951          355637 0.964391  2750.84       0.232881
  0.756     104.547    -1127.33    -448.338     232.087   330698   341951   355535          330698          341951          355535 0.96423  2752.12       0.233591
  0.758     102.666    -1128.88    -447.874     232.248   330411   341951   355300          330411          341951          355300 0.964614  2753.41       0.234291
   0.76     100.796    -1130.44    -447.409      232.41   330277   341951   355165          330277          341951          355165 0.964611   2754.7       0.234982
  0.762     98.9364       -1132    -446.944     232.571   330219   341951   355010          330219          341951          355010 0.963873     2756       0.235664
  0.764     97.0872    -1133.56    -446.479     232.731   329995   341951   354851          329995          341951          354851 0.964318   2757.3       0.236337
  0.766     95.2485    -1135.11    -446.013     232.891   329842   341951   354726          329842          341951          354726 0.964472  2758.61       0.237001
  0.768       93.42    -1136.67    -445.547      233.05   329654   341935   354618          329654          341935          354618 0.96498  2759.92       0.237656
   0.77     91.6019    -1138.23    -445.081     233.209   329493   341935   354412          329493          341935          354412 0.9646  2761.23       0.238303
  0.772     89.7939    -1139.79    -444.614     233.367   329225   341935   354274          329225          341935          354274 0.965483  2762.55       0.238942
  0.774      87.996    -1141.36    -444.147     233.524   329127   341873   354153          329127          341873          354153 0.965271  2763.87       0.239572
  0.776     86.2082    -1142.92     -443.68      233.68   329002   341873   354007          329002          341873          354007 0.965029   2765.2       0.240195
  0.778     84.4303    -1144.48    -443.213     233.836   328766   341873   353880          328766          341873          353880 0.965726  2766.53        0.24081
   0.78     82.6622    -1146.04    -442.745     233.991   328544   341873   353780          328544          341873          353780 0.966564  2767.86       0.241419
  0.782      80.904    -1147.61    -442.277     234.145   328443   341873   353658          328443          341873          353658 0.966323   2769.2        0.24202
  0.784     79.1554    -1149.17    -441.808     234.298   328339   341873   353489          328339          341873          353489 0.965747  2770.54       0.242615
  0.786     77.4165    -1150.74    -441.339      234.45   328231   341873   353379          328231          341873          353379 0.965586  2771.89       0.243204
  0.788     75.6872     -1152.3     -440.87     234.602   328110   340673   353209          328110          340673          353209 0.965058  2773.24       0.243787
   0.79     73.9674    -1153.87    -440.401     234.753   327860   340673   353106          327860          340673          353106 0.965921  2774.59       0.244365
  0.792      72.257    -1155.43    -439.931     234.903   327720   339853   352970          327720          339853          352970 0.965768  2775.95       0.244938
  0.794     70.5559       -1157    -439.461     235.052   327558   339853   352845          327558          339853          352845 0.965845  2777.31       0.245507
  0.796     68.8641    -1158.57    -438.991     235.201   327408   339853   352739          327408          339853          352739 0.965938  2778.68       0.246071
  0.798     67.1815    -1160.14    -438.521      235.35   327289   339853   352666          327289          339853          352666 0.966004  2780.05       0.246632
    0.8     65.5081    -1161.71     -438.05     235.497   326875   339853   352486          326875          339853          352486 0.967434  2781.42       0.247191
  0.802     63.8437    -1163.28    -437.579     235.645   326553   339853   352324          326553          339853          352324 0.968434   2782.8       0.247746
  0.804     62.1883    -1164.85    -437.107     235.792   326371   339853   352164          326371          339853          352164 0.968499  2784.18       0.248299
  0.806     60.5418    -1166.42    -436.635     235.938   326251   339853   352060          326251          339853          352060 0.968517  2785.56       0.248851
  0.808     58.9042    -1167.99    -436.163     236.084   326193   339853   351911          326193          339853          351911 0.96776  2786.95       0.249402
   0.81     57.2755    -1169.56    -435.691      236.23   326014   339853   351824          326014          339853          351824 0.968232  2788.34       0.249952
  0.812     55.6554    -1171.13    -435.219     236.377   325887   339853   351672          325887          339853          351672 0.9679  2789.74       0.250501
  0.814      54.044     -1172.7    -434.746     236.523   325773   339853   351536          325773          339853          351536 0.967561  2791.14       0.251052
  0.816     52.4412    -1174.28    -434.272     236.669   325661   338294   351414          325661          338294          351414 0.967274  2792.54       0.251603
  0.818     50.8469    -1175.85    -433.799     236.815   325514   338248   351299          325514          338248          351299 0.967234  2793.95       0.252155
   0.82     49.2611    -1177.43    -433.325     236.962   325361   338248   351202          325361          338248          351202 0.967346  2795.36       0.252709
  0.822     47.6838       -1179    -432.851     237.109   325118   338248   351035          325118          338248          351035 0.967602  2796.78       0.253266
  0.824     46.1147    -1180.58    -432.377     237.257   324918   338248   350910          324918          338248          350910 0.967844  2798.19       0.253826
  0.826      44.554    -1182.15    -431.902     237.406   324819   338248   350707          324819          338248          350707 0.966907  2799.62       0.254388
  0.828     43.0015    -1183.73    -431.427     237.555   324713   338248   350581          324713          338248          350581 0.966499  2801.04       0.254955
   0.83     41.4571    -1185.31    -430.952     237.706   324455   335733   350443          324455          335733          350443 0.967005  2802.47       0.255526
  0.832     39.9209    -1186.89    -430.476     237.857   324180   335733   350335          324180          335733          350335 0.967795  2803.91       0.256101
  0.834     38.3927    -1188.46        -430      238.01   324004   335733   350147          324004          335733          350147 0.967482  2805.35       0.256682
  0.836     36.8725    -1190.04    -429.524     238.164   323720   335733   349920          323720          335733          349920 0.967669  2806.79       0.257268
  0.838     35.3602    -1191.62    -429.048      238.32   323481   335295   349799          323481          335295          349799 0.968314  2808.23       0.257861
   0.84     33.8558     -1193.2    -428.571     238.477   323428   335295   349671          323428          335295          349671 0.967655  2809.68       0.258459
  0.842     32.3592    -1194.78    -428.094     238.636   323298   335295   349480          323298          335295          349480 0.967069  2811.14       0.259064
  0.844     30.8704    -1196.37    -427.616     238.797   323026   335295   349360          323026          335295          349360 0.967939   2812.6       0.259677
  0.846     29.3893    -1197.95    -427.139     238.961   322861   335295   349180          322861          335295          349180 0.96769  2814.06       0.260297
  0.848     27.9158    -1199.53    -426.661     239.126   322718   335295   348841          322718          335295          348841 0.966267  2815.53       0.260924
   0.85     26.4499    -1201.11    -426.182     239.294   322617   335295   348678          322617          335295          348678 0.965757     2817        0.26156
  0.852     24.9916     -1202.7    -425.703     239.464   322499   335295   348480          322499          335295          348480 0.96511  2818.47       0.262204
  0.854     23.5407    -1204.28    -425.224     239.637   322356   335295   348213          322356          335295          348213 0.964183  2819.95       0.262856
  0.856     22.0973    -1205.87    -424.745     239.812   322194   335295   348010          322194          335295          348010 0.963838  2821.44       0.263517
  0.858     20.6613    -1207.45    -424.265     239.991   322092   335295   347854          322092          335295          347854 0.963376  2822.93       0.264187
   0.86     19.2326    -1209.04    -423.785     240.172   321914   335295   347794          321914          335295          347794 0.964045  2824.42       0.264866
  0.862     17.8112    -1210.62    -423.304     240.356   321726   334136   347609          321726          334136          347609 0.963945  2825.92       0.265554
  0.864      16.397    -1212.21    -422.823     240.544   321433   334136   347488          321433          334136          347488 0.965002  2827.42       0.266251
  0.866     14.9899     -1213.8    -422.342     240.734   321383   334136   347378          321383          334136          347378 0.96447  2828.93       0.266958
  0.868       13.59    -1215.39    -421.861     240.928   321260   331651   347292          321260          331651          347292 0.964526  2830.45       0.267673
   0.87     12.1972    -1216.97    -421.378     241.125   321034   331651   347170          321034          331651          347170 0.965029  2831.96       0.268398
  0.872     10.8114    -1218.56    -420.896     241.326   320854   331651   347012          320854          331651          347012 0.964984  2833.49       0.269133
  0.874     9.43263    -1220.15    -420.413      241.53   320611   331651   346872          320611          331651          346872 0.96549  2835.01       0.269876
  0.876     8.06076    -1221.74     -419.93     241.737   320340   331651   346688          320340          331651          346688 0.965952  2836.55       0.270629
  0.878     6.69576    -1223.34    -419.446     241.948   320248   331651   346593          320248          331651          346593 0.965801  2838.08       0.271391
   0.88      5.3376    -1224.93    -418.962     242.163   320206   331651   346417          320206          331651          346417 0.964689  2839.63       0.272161
  0.882     3.98623    -1226.52    -418.478     242.381   320083   331651   346304          320083          331651          346304 0.964541  2841.18        0.27294
  0.884      2.6416    -1228.11    -417.993     242.602   319871   331651   346081          319871          331651          346081 0.964259  2842.73       0.273727
  0.886     1.30367     -1229.7    -417.507     242.827   319752   331651   345963          319752          331651          345963 0.964079  2844.29       0.274523
  0.888  -0.0276105     -1231.3    -417.021     243.055   319634   331651   345766          319634          331651          345766 0.96331  2845.85       0.275326
   0.89    -1.35228    -1232.89    -416.535     243.286   319320   331651   345658          319320          331651          345658 0.96461  2847.42       0.276137
  0.892     -2.6704    -1234.49    -416.048     243.521   319042   331651   345449          319042          331651          345449 0.964985     2849       0.276954
  0.894    -3.98199    -1236.08    -415.561     243.759   318937   331651   345098          318937          331651          345098 0.963179  2850.58       0.277779
  0.896    -5.28712    -1237.68    -415.073     244.001   318818   331651   344942          318818          331651          344942 0.962863  2852.16        0.27861
  0.898    -6.58581    -1239.27    -414.585     244.245   318650   331651   344826          318650          331651          344826 0.963168  2853.76       0.279447
    0.9    -7.87811    -1240.87    -414.096     244.492   318478   331651   344701          318478          331651          344701 0.963446  2855.35        0.28029
  0.902    -9.16407    -1242.47    -413.607     244.742   318386   331651   344504          318386          331651          344504 0.962617  2856.96       0.281137
  0.904    -10.4437    -1244.07    -413.117     244.995   318274   331651   344287          318274          331651          344287 0.961779  2858.57        0.28199
  0.906    -11.7171    -1245.67    -412.627      245.25   317996   331651   344162          317996          331651          344162 0.962804  2860.18       0.282846
  0.908    -12.9843    -1247.27    -412.136     245.508   317895   331651   344031          317895          331651          344031 0.962532   2861.8       0.283706
   0.91    -14.2453    -1248.87    -411.645     245.768   317699   331651   343949          317699          331651          343949 0.963232  2863.43       0.284569
  0.912    -15.5002    -1250.47    -411.153      246.03   317528   331651   343855          317528          331651          343855 0.963675  2865.06       0.285435
  0.914     -16.749    -1252.07    -410.661     246.295   317372   331651   343731          317372          331651          343731 0.963773   2866.7       0.286302
  0.916    -17.9917    -1253.67    -410.168     246.561   317266   331651   343531          317266          331651          343531 0.962986  2868.35       0.287171
  0.918    -19.2284    -1255.27    -409.675     246.828   317044   331651   343434          317044          331651          343434 0.963735     2870       0.288041
   0.92    -20.4591    -1256.87    -409.181     247.097   316864   331651   343365          316864          331651          343365 0.964351  2871.65       0.288911
  0.922    -21.6839    -1258.48    -408.686     247.368   316756   331651   343247          316756          331651          343247 0.964109  2873.31       0.289781
  0.924    -22.9027    -1260.08    -408.191     247.639   316486   331651   343107          316486          331651          343107 0.964814  2874.98        0.29065
  0.926    -24.1158    -1261.68    -407.696     247.911   316408   331651   343025          316408          331651          343025 0.964621  2876.66       0.291518
  0.928    -25.3229    -1263.29    -407.199     248.184   316168   328612   342853          316168          328612          342853 0.964884  2878.34       0.292383
   0.93    -26.5244    -1264.89    -406.703     248.457   315976   328612   342779          315976          328612          342779 0.965499  2880.02       0.293247
  0.932      -27.72     -1266.5    -406.206     248.731   315809   328612   342653          315809          328612          342653 0.965595  2881.72       0.294107
  0.934      -28.91    -1268.11    -405.708     249.005   315495   328612   342547          315495          328612          342547 0.966819  2883.41       0.294963
  0.936    -30.0942    -1269.71     -405.21     249.278   315449   328612   342469          315449          328612          342469 0.966434  2885.12       0.295816
  0.938    -31.2729    -1271.32    -404.711     249.551   315317   328612   342283          315317          328612          342283 0.965866  2886.83       0.296664
   0.94    -32.4459    -1272.93    -404.211     249.824   315123   328612   342192          315123          328612          342192 0.966341  2888.54       0.297507
  0.942    -33.6134    -1274.54    -403.711     250.096   314826   328612   342096          314826          328612          342096 0.96749  2890.27       0.298344
  0.944    -34.7753    -1276.15    -403.211     250.367   314660   328612   341976          314660          328612          341976 0.967645  2891.99       0.299175
  0.946    -35.9317    -1277.76     -402.71     250.637   314582   328612   341809          314582          328612          341809 0.966868  2893.73            0.3
  0.948    -37.0827    -1279.37    -402.208     250.906   314508   328612   341683          314508          328612          341683 0.966328  2895.47       0.300818
   0.95    -38.2282    -1280.98    -401.706     251.173   314274   328612   341519          314274          328612          341519 0.966579  2897.21       0.301628
  0.952    -39.3684    -1282.59    -401.204     251.439   314124   328612   341248          314124          328612          341248 0.965605  2898.96       0.302431
  0.954    -40.5032     -1284.2    -400.701     251.703   313854   326600   341115          313854          326600          341115 0.96638  2900.72       0.303226
  0.956    -41.6326    -1285.81    -400.197     251.965   313723   326600   340989          313723          326600          340989 0.966285  2902.48       0.304013
  0.958    -42.7568    -1287.43    -399.693     252.225   313594   326600   340888          313594          326600          340888 0.966334  2904.25       0.304791
   0.96    -43.8757    -1289.04    -399.188     252.483   313448   326600   340766          313448          326600          340766 0.966321  2906.02       0.305561
  0.962    -44.9894    -1290.65    -398.683     252.739   313376   326600   340675          313376          326600          340675 0.966012   2907.8       0.306321
  0.964    -46.0979    -1292.27    -398.177     252.993   313105   326600   340448          313105          326600          340448 0.966133  2909.58       0.307073
  0.966    -47.2012    -1293.88    -397.671     253.244   312964   326574   340317          312964          326574          340317 0.966045  2911.37       0.307815
  0.968    -48.2994     -1295.5    -397.164     253.492   312724   326574   340179          312724          326574          340179 0.966561  2913.17       0.308548
   0.97    -49.3925    -1297.11    -396.657     253.738   312563   326574   340090          312563          326574          340090 0.966899  2914.97       0.309271
  0.972    -50.4806    -1298.73    -396.149     253.981   312410   326574   339942          312410          326574          339942 0.96679  2916.77       0.309985
  0.974    -51.5636    -1300.35    -395.641     254.222   312261   326574   339826          312261          326574          339826 0.966852  2918.58       0.310689
  0.976    -52.6416    -1301.97    -395.132      254.46   312018   326574   339652          312018          326574          339652 0.967197   2920.4       0.311383
  0.978    -53.7146    -1303.59    -394.623     254.695   311951   326574   339505          311951          326574          339505 0.96656  2922.22       0.312069
   0.98    -54.7827     -1305.2    -394.114     254.928   311752   326574   339351          311752          326574          339351 0.966728  2924.05       0.312744
  0.982    -55.8459    -1306.82    -393.603     255.157   311631   326559   339174          311631          326559          339174 0.966238  2925.88       0.313411
  0.984    -56.9042    -1308.44    -393.093     255.385   311453   326559   339062          311453          326559          339062 0.966544  2927.72       0.314068
  0.986    -57.9576    -1310.07    -392.582     255.609   311136   326381   338931          311136          326381          338931 0.967597  2929.56       0.314717
  0.988    -59.0062    -1311.69     -392.07     255.831   310979   326381   338754          310979          326381          338754 0.967389   2931.4       0.315357
   0.99      -60.05    -1313.31    -391.559     256.051   310851   326381   338668          310851          326381          338668 0.967586  2933.26       0.315988
  0.992    -61.0891    -1314.93    -391.046     256.268   310716   323552   338486          310716          323552          338486 0.967213  2935.11       0.316612
  0.994    -62.1234    -1316.55    -390.534     256.482   310443   323552   338412          310443          323552          338412 0.968387  2936.97       0.317227
  0.996    -63.1531    -1318.18     -390.02     256.695   310300   323046   338267          310300          323046          338267 0.968304  2938.84       0.317835
  0.998     -64.178     -1319.8    -389.507     256.905   310239   323039   337995          310239          323039          337995 0.966913  2940.71       0.318436
      1    -65.1983    -1321.43    -388.993     257.113   310142   323039   337889          310142          323039          337889 0.966768  2942.58        0.31903
  1.002     -66.214    -1323.05    -388.478      257.32   310029   323039   337553          310029          323039          337553 0.965284  2944.46       0.319618
  1.004    -67.2251    -1324.68    -387.963     257.524   309964   323039   337436          309964          323039          337436 0.964866  2946.35         0.3202
  1.006    -68.2316     -1326.3    -387.448     257.728   309864   323039   337348          309864          323039          337348 0.964822  2948.24       0.320777
  1.008    -69.2336    -1327.93    -386.933      257.93   309536   323039   337202          309536          323039          337202 0.965869  2950.13       0.321348
   1.01    -70.2311    -1329.56    -386.416      258.13   309406   323039   337056          309406          323039          337056 0.965677  2952.03       0.321916
  1.012    -71.2241    -1331.19      -385.9      258.33   309247   323039   336970          309247          323039          336970 0.96604  2953.93       0.322479
  1.014    -72.2126    -1332.81    -385.383     258.529   309201   323039   336899          309201          323039          336899 0.965737  2955.84       0.323039
  1.016    -73.1967    -1334.44    -384.866     258.727   309114   323039   336735          309114          323039          336735 0.965048  2957.75       0.323597
  1.018    -74.1764    -1336.07    -384.348     258.925   308948   323039   336628          308948          323039          336628 0.965218  2959.67       0.324151
   1.02    -75.1517     -1337.7     -383.83     259.123   308543   323039   336505          308543          323039          336505 0.966812  2961.59       0.324705
  1.022    -76.1227    -1339.33    -383.312      259.32   308358   323039   336319          308358          323039          336319 0.966676  2963.51       0.325257
  1.024    -77.0893    -1340.96    -382.793     259.519   308305   323039   336218          308305          323039          336218 0.966229  2965.44       0.325809
  1.026    -78.0517     -1342.6    -382.274     259.717   308048   323039   336127          308048          323039          336127 0.967105  2967.38        0.32636
  1.028    -79.0098    -1344.23    -381.754     259.916   307971   320387   335941          307971          320387          335941 0.966271  2969.32       0.326913
   1.03    -79.9636    -1345.86    -381.234     260.117   307882   320387   335831          307882          320387          335831 0.965947  2971.26       0.327466
  1.032    -80.9132    -1347.49    -380.714     260.318   307766   320387   335741          307766          320387          335741 0.965885  2973.21       0.328021
  1.034    -81.8586    -1349.13    -380.193     260.521   307666   320387   335581          307666          320387          335581 0.965265  2975.16       0.328579
  1.036    -82.7998    -1350.76    -379.672     260.725   307552   320387   335447          307552          320387          335447 0.964876  2977.12        0.32914
  1.038    -83.7369     -1352.4     -379.15     260.932   307399   320387   335317          307399          320387          335317 0.964746  2979.08       0.329704
   1.04    -84.6698    -1354.03    -378.628      261.14   307277   320283   335110          307277          320283          335110 0.963931  2981.05       0.330272
  1.042    -85.5987    -1355.67    -378.105     261.351   307115   319097   334941          307115          319097          334941 0.963593  2983.02       0.330845
  1.044    -86.5235    -1357.31    -377.582     261.565   306921   319097   334805          306921          319097          334805 0.963677     2985       0.331423
  1.046    -87.4442    -1358.94    -377.059     261.781   306866   319097   334597          306866          319097          334597 0.962406  2986.98       0.332006
  1.048    -88.3609    -1360.58    -376.535         262   306686   319097   334514          306686          319097          334514 0.962716  2988.96       0.332596
   1.05    -89.2735    -1362.22    -376.011     262.222   306464   319097   334362          306464          319097          334362 0.962847  2990.95       0.333192
  1.052    -90.1822    -1363.86    -375.486     262.448   306083   319097   334236          306083          319097          334236 0.964218  2992.95       0.333796
  1.054     -91.087     -1365.5    -374.961     262.677   305921   319097   334097          305921          319097          334097 0.964117  2994.95       0.334406
  1.056    -91.9877    -1367.14    -374.436      262.91   305869   319097   333693          305869          319097          333693 0.961614  2996.96       0.335025
  1.058    -92.8846    -1368.78     -373.91     263.147   305534   319097   333564          305534          319097          333564 0.962769  2998.97       0.335652
   1.06    -93.7776    -1370.42    -373.383     263.388   305439   319097   333454          305439          319097          333454 0.962484  3000.98       0.336288
  1.062    -94.6667    -1372.06    -372.856     263.633   305170   319097   333301          305170          319097          333301 0.96304     3003       0.336932
  1.064    -95.5519     -1373.7    -372.329     263.883   305082   319097   333190          305082          319097          333190 0.962693  3005.03       0.337585
  1.066    -96.4334    -1375.34      -371.8     264.137   304848   319097   333132          304848          319097          333132 0.963609  3007.06       0.338249
  1.068     -97.311    -1376.99    -371.272     264.395   304557   319097   333016          304557          319097          333016 0.964537   3009.1       0.338921
   1.07    -98.1848    -1378.63    -370.743     264.658   304438   319097   332832          304438          319097          332832 0.963941  3011.14       0.339604
  1.072    -99.0549    -1380.27    -370.213     264.926   304253   319097   332748          304253          319097          332748 0.964387  3013.19       0.340296
  1.074    -99.9212    -1381.92    -369.683     265.198   304079   319097   332585          304079          319097          332585 0.964268  3015.24       0.340999
  1.076    -100.784    -1383.56    -369.153     265.476   303946   319097   332452          303946          319097          332452 0.964062   3017.3       0.341711
  1.078    -101.643    -1385.21    -368.621     265.758   303795   319097   332394          303795          319097          332394 0.964435  3019.37       0.342434
   1.08    -102.498    -1386.86    -368.089     266.044   303659   319097   332256          303659          319097          332256 0.964172  3021.44       0.343167
  1.082    -103.349     -1388.5    -367.557     266.336   303502   319097   332202          303502          319097          332202 0.964546  3023.51       0.343911
  1.084    -104.197    -1390.15    -367.024     266.632   303333   319097   332132          303333          319097          332132 0.964873   3025.6       0.344664
  1.086    -105.042     -1391.8    -366.491     266.934   303006   319097   331997          303006          319097          331997 0.96581  3027.69       0.345427
  1.088    -105.882    -1393.45    -365.956     267.239   302864   319097   331928          302864          319097          331928 0.965987  3029.78         0.3462
   1.09    -106.719     -1395.1    -365.422      267.55   302747   318032   331843          302747          318032          331843 0.965879  3031.88       0.346982
  1.092    -107.553    -1396.75    -364.886     267.864   302634   318032   331729          302634          318032          331729 0.965559  3033.99       0.347774
  1.094    -108.383     -1398.4     -364.35     268.183   302257   318032   331661          302257          318032          331661 0.967078   3036.1       0.348574
  1.096    -109.209    -1400.05    -363.813     268.507   301971   318032   331469          301971          318032          331469 0.967392  3038.22       0.349383
  1.098    -110.032     -1401.7    -363.276     268.834   301806   315495   331201          301806          315495          331201 0.966542  3040.35       0.350201
    1.1    -110.852    -1403.35    -362.738     269.166   301657   315495   331030          301657          315495          331030 0.966217  3042.48       0.351026
  1.102    -111.668       -1405    -362.199       269.5   301581   314705   330897          301581          314705          330897 0.96565  3044.62       0.351859
  1.104     -112.48    -1406.65     -361.66     269.839   301394   314705   330680          301394          314705          330680 0.965254  3046.77       0.352698
  1.106     -113.29    -1408.31     -361.12     270.181   301243   314705   330551          301243          314705          330551 0.965176  3048.92       0.353544
  1.108    -114.095    -1409.96    -360.579     270.525   301092   314705   330475          301092          314705          330475 0.965409  3051.08       0.354395
