# n_walkers  560  n_cull  1  simple log(alpha)  -0.001784121793501292
#   T     log_Z(T)      F(T)        U(T)       Cvp(T)    low_pct_i(T) mode_i(T) high_pct_i(T) low_pct_iter(T)  mode_iter(T)   high_pct_iter(T) Z_fract(T)   V(T)   thermal_exp(T)
   0.01       61603    -623.909    -622.673     121.002   438012   438043   438043          438012          438043          438043 0.92603  1769.67     -0.0755288
  0.012     51205.2    -623.916    -622.431     121.074   438007   438043   438043          438007          438043          438043 0.913759  1769.48      -0.031379
  0.014     43778.1    -623.924    -622.188     121.121   438004   438043   438043          438004          438043          438043 0.88922  1769.43   -0.000308164
  0.016     38207.9    -623.932    -621.946     121.149   437995   438043   438043          437995          438043          438043 0.893687  1769.47      0.0205545
  0.018     33875.5     -623.94    -621.704     121.166   437990   438043   438043          437990          438043          438043 0.883297  1769.57      0.0339298
   0.02     30409.6    -623.949    -621.462     121.175   437981   438043   438043          437981          438043          438043 0.886404   1769.7      0.0419904
  0.022     27573.9    -623.958    -621.219     121.181   437970   438043   438043          437970          438043          438043 0.897981  1769.86      0.0463437
  0.024     25210.8    -623.967    -620.977     121.186   437962   438043   438043          437962          438043          438043 0.90064  1770.03      0.0481415
  0.026     23211.2    -623.976    -620.734      121.19   437953   438043   438043          437953          438043          438043 0.906604   1770.2      0.0482006
  0.028     21497.4    -623.986    -620.492     121.195   437947   438043   438043          437947          438043          438043 0.903782  1770.37      0.0470987
   0.03       20012    -623.995     -620.25     121.201   437938   438043   438043          437938          438043          438043 0.908687  1770.53      0.0452445
  0.032     18712.3    -624.005    -620.007     121.208   437929   438043   438043          437929          438043          438043 0.912373  1770.69      0.0429268
  0.034     17565.5    -624.015    -619.765     121.216   437926   438043   438043          437926          438043          438043 0.903643  1770.84       0.040349
  0.036     16546.2    -624.025    -619.522     121.225   437920   438043   438043          437920          438043          438043 0.900659  1770.97      0.0376533
  0.038     15634.1    -624.035     -619.28     121.234   437914   438043   438043          437914          438043          438043 0.897376   1771.1       0.034938
   0.04     14813.3    -624.046    -619.037     121.244   437904   438043   438043          437904          438043          438043 0.90101  1771.22      0.0322696
  0.042     14070.6    -624.056    -618.795     121.254   437897   438043   438043          437897          438043          438043 0.899692  1771.33      0.0296921
  0.044     13395.5    -624.067    -618.552     121.265   437893   438043   438043          437893          438043          438043 0.893508  1771.43      0.0272331
  0.046       12779    -624.078     -618.31     121.276   437880   438043   438043          437880          438043          438043 0.900761  1771.53      0.0249084
  0.048       12214    -624.088    -618.067     121.288   437869   438043   438043          437869          438043          438043 0.904907  1771.61      0.0227259
   0.05     11694.1    -624.099    -617.825       121.3   437863   438043   438043          437863          438043          438043 0.902107  1771.69      0.0206877
  0.052     11214.3     -624.11    -617.582     121.313   437853   438043   438043          437853          438043          438043 0.904566  1771.76      0.0187921
  0.054       10770    -624.121    -617.339     121.325   437849   438043   438043          437849          438043          438043 0.899513  1771.82      0.0170348
  0.056     10357.4    -624.133    -617.097     121.338   437840   438043   438043          437840          438043          438043 0.900269  1771.88      0.0154099
  0.058     9973.25    -624.144    -616.854     121.351   437831   438043   438043          437831          438043          438043 0.900852  1771.93      0.0139106
   0.06     9614.74    -624.155    -616.611     121.364   437827   438043   438043          437827          438043          438043 0.895898  1771.98      0.0125295
  0.062     9279.36    -624.167    -616.369     121.378   437817   438043   438043          437817          438043          438043 0.897068  1772.02      0.0112592
  0.064     8964.94    -624.179    -616.126     121.392   437802   438043   438043          437802          438043          438043 0.90291  1772.06      0.0100924
  0.066     8669.57     -624.19    -615.883     121.406   437793   438043   438043          437793          438043          438043 0.903308  1772.09     0.00902192
  0.068     8391.59    -624.202     -615.64      121.42   437785   438043   438043          437785          438043          438043 0.902484  1772.12       0.008041
   0.07     8129.49    -624.214    -615.397     121.435   437773   438043   438043          437773          438043          438043 0.905342  1772.15     0.00714322
  0.072     7881.95    -624.226    -615.155     121.451   437765   438043   438043          437765          438043          438043 0.904593  1772.17     0.00632256
  0.074     7647.79    -624.238    -614.912     121.467   437760   438043   438043          437760          438043          438043 0.901156  1772.19     0.00557342
  0.076     7425.96     -624.25    -614.669     121.483   437754   438043   438043          437754          438043          438043 0.898479  1772.21     0.00489059
  0.078     7215.51    -624.262    -614.426       121.5   437743   438043   438043          437743          438043          438043 0.899642  1772.23     0.00426925
   0.08     7015.58    -624.274    -614.183     121.518   437734   438043   438043          437734          438043          438043 0.899215  1772.24     0.00370496
  0.082      6825.4    -624.287     -613.94     121.536   437723   438043   438043          437723          438043          438043 0.900092  1772.25     0.00319361
  0.084     6644.28    -624.299    -613.697     121.555   437714   438043   438043          437714          438043          438043 0.899533  1772.26     0.00273141
  0.086     6471.58    -624.312    -613.453     121.574   437701   438043   438043          437701          438043          438043 0.901571  1772.27     0.00231486
  0.088     6306.74    -624.324     -613.21     121.595   437687   438043   438043          437687          438043          438043 0.904319  1772.28     0.00194075
   0.09     6149.22    -624.337    -612.967     121.616   437679   438043   438043          437679          438043          438043 0.903036  1772.29     0.00160611
  0.092     5998.55    -624.349    -612.724     121.638   437663   438043   438043          437663          438043          438043 0.906874  1772.29     0.00130818
  0.094      5854.3    -624.362     -612.48     121.661   437658   438043   438043          437658          438043          438043 0.903774   1772.3     0.00104444
  0.096     5716.05    -624.375    -612.237     121.685   437652   438043   438043          437652          438043          438043 0.901145   1772.3     0.00081253
  0.098     5583.45    -624.388    -611.994      121.71   437637   438043   438043          437637          438043          438043 0.903723   1772.3    0.000610283
    0.1     5456.16    -624.401     -611.75     121.736   437624   438043   438043          437624          438043          438043 0.905027   1772.3    0.000435682
  0.102     5333.85    -624.414    -611.507     121.763   437621   438043   438043          437621          438043          438043 0.900781   1772.3    0.000286854
  0.104     5216.25    -624.427    -611.263     121.791   437607   438043   438043          437607          438043          438043 0.902341  1772.31    0.000162062
  0.106     5103.09     -624.44     -611.02     121.819   437597   438043   438043          437597          438043          438043 0.901671  1772.31    5.96841e-05
  0.108     4994.12    -624.454    -610.776     121.849   437584   438043   438043          437584          438043          438043 0.902525  1772.31   -2.17869e-05
   0.11     4889.12    -624.467    -610.532      121.88   437574   438043   438043          437574          438043          438043 0.90183  1772.31   -8.37586e-05
  0.112     4787.86     -624.48    -610.288     121.912   437561   438043   438043          437561          438043          438043 0.90246   1772.3   -0.000127545
  0.114     4690.16    -624.494    -610.045     121.945   437543   438043   438043          437543          438043          438043 0.905427   1772.3   -0.000154376
  0.116     4595.83    -624.507    -609.801     121.979   437532   438043   438043          437532          438043          438043 0.90503   1772.3   -0.000165398
  0.118      4504.7    -624.521    -609.557     122.014   437518   438043   438043          437518          438043          438043 0.905912   1772.3   -0.000161689
   0.12      4416.6    -624.534    -609.313      122.05   437507   438043   438043          437507          438043          438043 0.905388   1772.3   -0.000144256
  0.122     4331.39    -624.548    -609.068     122.087   437492   438043   438043          437492          438043          438043 0.906509   1772.3   -0.000114042
  0.124     4248.94    -624.562    -608.824     122.125   437474   438043   438043          437474          438043          438043 0.908863   1772.3   -7.19336e-05
  0.126      4169.1    -624.576     -608.58     122.165   437468   438043   438043          437468          438043          438043 0.906135   1772.3    -1.8759e-05
  0.128     4091.75     -624.59    -608.336     122.205   437463   438043   438043          437463          438043          438043 0.90286   1772.3    4.47041e-05
   0.13     4016.79    -624.604    -608.091     122.246   437453   438043   438043          437453          438043          438043 0.901452   1772.3    0.000117728
  0.132      3944.1    -624.618    -607.847     122.288   437440   438043   438043          437440          438043          438043 0.901133   1772.3     0.00019963
  0.134     3873.58    -624.632    -607.602     122.332   437431   438043   438043          437431          438043          438043 0.899181   1772.3    0.000289774
  0.136     3805.13    -624.646    -607.357     122.376   437411   438043   438043          437411          438043          438043 0.90126   1772.3    0.000387564
  0.138     3738.67    -624.661    -607.112     122.421   437392   438043   438043          437392          438043          438043 0.902809  1772.31    0.000492445
   0.14     3674.11    -624.675    -606.868     122.467   437383   438043   438043          437383          438043          438043 0.900693  1772.31      0.0006039
  0.142     3611.37    -624.689    -606.623     122.515   437370   438043   438043          437370          438043          438043 0.899859  1772.31    0.000721449
  0.144     3550.37    -624.704    -606.378     122.563   437361   438043   438043          437361          438043          438043 0.897597  1772.31    0.000844647
  0.146     3491.04    -624.718    -606.132     122.612   437354   438043   438043          437354          438043          438043 0.894551  1772.32    0.000973086
  0.148     3433.32    -624.733    -605.887     122.663   437341   438043   438043          437341          438043          438043 0.893373  1772.32     0.00110639
   0.15     3377.13    -624.748    -605.642     122.714   437323   438043   438043          437323          438043          438043 0.893687  1772.32     0.00124421
  0.152     3322.43    -624.763    -605.396     122.767   437304   438043   438043          437304          438043          438043 0.894214  1772.33     0.00138624
  0.154     3269.14    -624.777    -605.151      122.82   437294   438043   438043          437294          438043          438043 0.891863  1772.33     0.00153219
  0.156     3217.23    -624.792    -604.905     122.875   437283   438043   438043          437283          438043          438043 0.889724  1772.34     0.00168181
  0.158     3166.62    -624.807    -604.659      122.93   437270   438043   438043          437270          438043          438043 0.88805  1772.35     0.00183488
   0.16     3117.29    -624.822    -604.413     122.987   437261   438043   438043          437261          438043          438043 0.885112  1772.35      0.0019912
  0.162     3069.17    -624.838    -604.167     123.045   437250   438043   438043          437250          438043          438043 0.882655  1772.36     0.00215061
  0.164     3022.22    -624.853    -603.921     123.104   437236   438043   438043          437236          438043          438043 0.880903  1772.37     0.00231296
  0.166     2976.41    -624.868    -603.675     123.164   437205   438043   438043          437205          438043          438043 0.88369  1772.38     0.00247815
  0.168     2931.69    -624.883    -603.428     123.226   437187   438043   438043          437187          438043          438043 0.882901  1772.39     0.00264608
   0.17     2888.02    -624.899    -603.182     123.288   437162   438043   438043          437162          438043          438043 0.883769   1772.4     0.00281669
  0.172     2845.37    -624.914    -602.935     123.352   437155   438043   438043          437155          438043          438043 0.880018  1772.41     0.00298996
  0.174      2803.7     -624.93    -602.688     123.418   437128   438043   438043          437128          438043          438043 0.881056  1772.42     0.00316586
  0.176     2762.97    -624.946    -602.442     123.484   437120   438043   438043          437120          438043          438043 0.87742  1772.43     0.00334441
  0.178     2723.17    -624.962    -602.195     123.553   437103   438043   438043          437103          438043          438043 0.8758  1772.44     0.00352564
   0.18     2684.24    -624.977    -601.947     123.622   437089   438043   438043          437089          438043          438043 0.873385  1772.45     0.00370963
  0.182     2646.18    -624.993      -601.7     123.694   437069   438043   438043          437069          438043          438043 0.872255  1772.47     0.00389644
  0.184     2608.94    -625.009    -601.453     123.766   437045   438043   438043          437045          438043          438043 0.871872  1772.48     0.00408619
  0.186      2572.5    -625.025    -601.205     123.841   437008   438043   438043          437008          438043          438043 0.874188   1772.5     0.00427901
  0.188     2536.84    -625.042    -600.957     123.918   436997   438043   438043          436997          438043          438043 0.870908  1772.51     0.00447504
   0.19     2501.92    -625.058    -600.709     123.996   436943   438043   438043          436943          438043          438043 0.876469  1772.53     0.00467446
  0.192     2467.74    -625.074    -600.461     124.076   436930   438043   438043          436930          438043          438043 0.873602  1772.54     0.00487746
  0.194     2434.26    -625.091    -600.213     124.159   436903   438043   438043          436903          438043          438043 0.873399  1772.56     0.00508426
  0.196     2401.47    -625.107    -599.965     124.243   436874   438043   438043          436874          438043          438043 0.873461  1772.58      0.0052951
  0.198     2369.34    -625.124    -599.716      124.33   436833   438043   438043          436833          438043          438043 0.875704   1772.6     0.00551022
    0.2     2337.85     -625.14    -599.467     124.419   436806   438043   438043          436806          438043          438043 0.875259  1772.62     0.00572992
  0.202     2306.98    -625.157    -599.218     124.511   436790   438043   438043          436790          438043          438043 0.872651  1772.64     0.00595448
  0.204     2276.73    -625.174    -598.969     124.606   436720   438043   438043          436720          438043          438043 0.879784  1772.66     0.00618423
  0.206     2247.05    -625.191     -598.72     124.703   436675   438043   438043          436675          438043          438043 0.882364  1772.68     0.00641951
  0.208     2217.95    -625.208     -598.47     124.803   436630   438043   438043          436630          438043          438043 0.884771  1772.71     0.00666068
   0.21     2189.41    -625.225    -598.221     124.907   436581   438039   438043          436581          438039          438043 0.887758  1772.73     0.00690812
  0.212      2161.4    -625.242    -597.971     125.014   436530   438039   438043          436530          438039          438043 0.890984  1772.76     0.00716224
  0.214     2133.92     -625.26    -597.721     125.124   436508   438039   438043          436508          438039          438043 0.889482  1772.78     0.00742347
  0.216     2106.95    -625.277     -597.47     125.237   436469   438039   438043          436469          438039          438043 0.890561  1772.81     0.00769224
  0.218     2080.47    -625.295     -597.22     125.355   436434   438039   438043          436434          438039          438043 0.890898  1772.84     0.00796904
   0.22     2054.48    -625.312    -596.969     125.477   436400   438039   438043          436400          438039          438043 0.891014  1772.87     0.00825436
  0.222     2028.95     -625.33    -596.718     125.603   436362   438039   438043          436362          438039          438043 0.891626   1772.9     0.00854872
  0.224     2003.88    -625.348    -596.466     125.733   436330   438039   438043          436330          438039          438043 0.891202  1772.93     0.00885267
  0.226     1979.25    -625.366    -596.215     125.868   436272   438039   438043          436272          438039          438043 0.894344  1772.96     0.00916677
  0.228     1955.06    -625.384    -595.963     126.008   436198   438039   438043          436198          438039          438043 0.899647  1772.99     0.00949164
   0.23     1931.29    -625.402    -595.711     126.153   436153   438039   438043          436153          438039          438043 0.900901  1773.03     0.00982789
  0.232     1907.92     -625.42    -595.458     126.304   436116   438039   438043          436116          438039          438043 0.900961  1773.06      0.0101762
  0.234     1884.96    -625.438    -595.206     126.461   436075   438039   438043          436075          438039          438043 0.901455   1773.1      0.0105372
  0.236     1862.39    -625.457    -594.953     126.624   436060   438039   438043          436060          438039          438043 0.89843  1773.14      0.0109118
  0.238     1840.19    -625.476    -594.699     126.793   435999   438039   438043          435999          438039          438043 0.901026  1773.17      0.0113006
   0.24     1818.37    -625.494    -594.445     126.969   435945   438039   438043          435945          438039          438043 0.902642  1773.22      0.0117044
  0.242     1796.91    -625.513    -594.191     127.152   435906   438039   438043          435906          438039          438043 0.902389  1773.26      0.0121241
  0.244      1775.8    -625.532    -593.937     127.343   435890   438039   438043          435890          438039          438043 0.899246   1773.3      0.0125607
  0.246     1755.04    -625.551    -593.682     127.542   435842   438039   438043          435842          438039          438043 0.899667  1773.35      0.0130149
  0.248     1734.61     -625.57    -593.427     127.749   435816   438039   438043          435816          438039          438043 0.897412  1773.39       0.013488
   0.25      1714.5    -625.589    -593.171     127.965   435773   438039   438043          435773          438039          438043 0.896877  1773.44      0.0139808
  0.252     1694.72    -625.609    -592.915      128.19   435732   438039   438043          435732          438039          438043 0.895978  1773.49      0.0144946
  0.254     1675.25    -625.628    -592.658     128.425   435696   438039   438043          435696          438039          438043 0.894367  1773.55      0.0150306
  0.256     1656.08    -625.648    -592.401     128.671   435657   438039   438043          435657          438039          438043 0.892923   1773.6      0.0155899
  0.258     1637.22    -625.668    -592.143     128.928   435582   438039   438043          435582          438039          438043 0.894884  1773.66      0.0161739
   0.26     1618.64    -625.688    -591.885     129.196   435520   438039   438043          435520          438039          438043 0.89541  1773.71      0.0167842
  0.262     1600.34    -625.708    -591.627     129.477   435475   438039   438043          435475          438039          438043 0.894181  1773.78      0.0174221
  0.264     1582.33    -625.728    -591.367     129.771   435443   438039   438043          435443          438039          438043 0.891509  1773.84      0.0180893
  0.266     1564.58    -625.749    -591.107     130.079   435393   438039   438043          435393          438039          438043 0.890322   1773.9      0.0187876
  0.268     1547.11    -625.769    -590.847     130.401   435272   438039   438043          435272          438039          438043 0.895248  1773.97      0.0195187
   0.27     1529.89     -625.79    -590.586     130.739   435195   438039   438043          435195          438039          438043 0.89615  1774.04      0.0202847
  0.272     1512.92    -625.811    -590.324     131.094   435128   438039   438043          435128          438039          438043 0.896021  1774.12      0.0210877
  0.274      1496.2    -625.832    -590.061     131.465   435060   438039   438043          435060          438039          438043 0.895793  1774.19      0.0219298
  0.276     1479.73    -625.853    -589.798     131.856   434968   438039   438043          434968          438039          438043 0.897335  1774.27      0.0228137
  0.278     1463.49    -625.874    -589.534     132.266   434927   438039   438043          434927          438039          438043 0.894636  1774.35      0.0237417
   0.28     1447.49    -625.896    -589.269     132.697   434873   438039   438043          434873          438039          438043 0.89272  1774.44      0.0247168
  0.282     1431.71    -625.917    -589.003      133.15   434841   438039   438043          434841          438039          438043 0.888883  1774.53      0.0257418
  0.284     1416.16    -625.939    -588.736     133.628   434773   438039   438043          434773          438039          438043 0.887508  1774.62      0.0268199
  0.286     1400.82    -625.961    -588.469      134.13   434716   438039   438043          434716          438039          438043 0.885053  1774.72      0.0279546
  0.288      1385.7    -625.984      -588.2     134.659   434620   438039   438043          434620          438039          438043 0.885033  1774.82      0.0291496
   0.29     1370.79    -626.006     -587.93     135.217   434523   438039   438043          434523          438039          438043 0.884796  1774.93      0.0304086
  0.292     1356.08    -626.029    -587.659     135.806   434417   438039   438043          434417          438039          438043 0.884872  1775.04      0.0317361
  0.294     1341.57    -626.052    -587.387     136.427   434307   438039   438043          434307          438039          438043 0.885032  1775.15      0.0331363
  0.296     1327.26    -626.075    -587.113     137.083   434168   438039   438043          434168          438039          438043 0.886531  1775.27      0.0346143
  0.298     1313.15    -626.098    -586.838     137.776   433963   438039   438043          433963          438039          438043 0.891762   1775.4      0.0361752
    0.3     1299.22    -626.122    -586.562      138.51   433770   438039   438043          433770          438039          438043 0.896229  1775.53      0.0378246
  0.302     1285.48    -626.146    -586.284     139.286   433605   438039   438043          433605          438039          438043 0.898749  1775.67      0.0395683
  0.304     1271.92     -626.17    -586.005     140.108   433537   438039   438043          433537          438039          438043 0.895601  1775.81      0.0414129
  0.306     1258.53    -626.194    -585.724     140.979   433457   438039   438043          433457          438039          438043 0.892748  1775.96      0.0433652
  0.308     1245.32    -626.219    -585.441     141.903   433272   438039   438043          433272          438039          438043 0.894937  1776.12      0.0454324
   0.31     1232.29    -626.244    -585.156     142.883   433145   438039   438043          433145          438039          438043 0.89392  1776.28      0.0476225
  0.312     1219.42    -626.269    -584.869     143.924   433018   438039   438043          433018          438039          438043 0.892643  1776.46      0.0499439
  0.314     1206.72    -626.295    -584.581      145.03   432837   438039   438043          432837          438039          438043 0.893521  1776.64      0.0524056
  0.316     1194.17     -626.32    -584.289     146.205   432630   438039   438043          432630          438039          438043 0.895315  1776.83      0.0550172
  0.318     1181.79    -626.347    -583.996     147.456   432411   438039   438043          432411          438039          438043 0.897266  1777.03      0.0577891
   0.32     1169.56    -626.373    -583.699     148.787   432171   438039   438043          432171          438039          438043 0.899637  1777.24      0.0607323
  0.322     1157.49      -626.4      -583.4     150.205   431870   438039   438043          431870          438039          438043 0.904385  1777.46      0.0638586
  0.324     1145.56    -626.427    -583.099     151.716   431579   438039   438043          431579          438039          438043 0.908354   1777.7      0.0671807
  0.326     1133.79    -626.455    -582.794     153.327   431384   438039   438043          431384          438039          438043 0.908195  1777.94       0.070712
  0.328     1122.16    -626.483    -582.485     155.045   431228   438039   438043          431228          438039          438043 0.906095   1778.2      0.0744672
   0.33     1110.67    -626.512    -582.173      156.88   430957   438039   438043          430957          438039          438043 0.907692  1778.47      0.0784617
  0.332     1099.32     -626.54    -581.858     158.839   430626   438039   438043          430626          438039          438043 0.910706  1778.76      0.0827121
  0.334      1088.1     -626.57    -581.538     160.932   430457   438039   438043          430457          438039          438043 0.908059  1779.06      0.0872362
  0.336     1077.03      -626.6    -581.214      163.17   430317   438029   438043          430317          438029          438043 0.903947  1779.38      0.0920532
  0.338     1066.08     -626.63    -580.885     165.562   430121   438029   438043          430121          438029          438043 0.901053  1779.71      0.0971836
   0.34     1055.27    -626.661    -580.551     168.121   429833   438029   438043          429833          438029          438043 0.900153  1780.07       0.102649
  0.342     1044.58    -626.693    -580.212     170.859   429438   438029   438043          429438          438029          438043 0.901618  1780.45       0.108474
  0.344     1034.02    -626.725    -579.868      173.79   428763   438029   438043          428763          438029          438043 0.910334  1780.84       0.114684
  0.346     1023.58    -626.758    -579.517     176.928   428017   438029   438043          428017          438029          438043 0.920454  1781.26       0.121306
  0.348     1013.27    -626.791     -579.16     180.289   427675   438029   438043          427675          438029          438043 0.92011  1781.71        0.12837
   0.35     1003.08    -626.825    -578.796     183.888   427234   438029   438043          427234          438029          438043 0.921402  1782.18       0.135908
  0.352     992.998     -626.86    -578.424     187.743   426813   438029   438043          426813          438029          438043 0.921683  1782.68       0.143955
  0.354     983.037    -626.895    -578.045     191.874   426371   438029   438043          426371          438029          438043 0.921753  1783.21        0.15255
  0.356     973.191    -626.932    -577.657       196.3   425910   438029   438043          425910          438029          438043 0.921623  1783.77       0.161732
  0.358     963.457    -626.969    -577.259     201.041   425110   438029   438043          425110          438029          438043 0.927518  1784.36       0.171546
   0.36     953.833    -627.007    -576.852     206.121   424273   438029   438043          424273          438029          438043 0.933259  1784.99       0.182041
  0.362     944.319    -627.046    -576.435     211.563   423511   438029   438043          423511          438029          438043 0.937124  1785.66       0.193268
  0.364     934.912    -627.087    -576.006      217.39   422864   438029   438043          422864          438029          438043 0.938662  1786.37       0.205285
  0.366      925.61    -627.128    -575.565      223.63   422087   438029   438043          422087          438029          438043 0.941489  1787.13       0.218152
  0.368     916.413     -627.17    -575.111     230.308   420956   438029   438043          420956          438029          438043 0.94816  1787.93       0.231935
   0.37     907.318    -627.214    -574.643     237.452   420366   438029   438043          420366          438029          438043 0.947564  1788.79       0.246704
  0.372     898.325    -627.258    -574.161      245.09   419424   438029   438043          419424          438029          438043 0.950718   1789.7       0.262536
  0.374     889.431    -627.305    -573.662     253.249   418270   438029   438043          418270          438029          438043 0.955959  1790.67       0.279511
  0.376     880.636    -627.352    -573.147     261.959   417604   438029   438043          417604          438029          438043 0.955226   1791.7       0.297714
  0.378     871.938    -627.401    -572.614     271.248   416926   438029   438043          416926          438029          438043 0.953618  1792.81       0.317236
   0.38     863.336    -627.452    -572.062     281.143   415845   438029   438043          415845          438029          438043 0.955046  1793.98       0.338173
  0.382     854.828    -627.504    -571.489      291.67   413932   438029   438043          413932          438029          438043 0.962455  1795.23       0.360625
  0.384     846.414    -627.559    -570.895     302.855   412156   438029   438043          412156          438029          438043 0.968282  1796.57       0.384697
  0.386     838.091    -627.615    -570.277     314.722   411054   438029   438043          411054          438029          438043 0.969219     1798       0.410502
  0.388      829.86    -627.673    -569.635     327.292   409503   436131   438043          409503          436131          438043 0.972321  1799.53       0.438156
   0.39     821.718    -627.733    -568.968     340.587   408157   431620   438043          408157          431620          438043 0.973756  1801.16       0.467784
  0.392     813.666    -627.796    -568.273     354.627   406782   431620   438043          406782          431620          438043 0.975382   1802.9       0.499521
  0.394     805.701     -627.86    -567.549     369.429   405347   428187   438043          405347          428187          438043 0.977295  1804.76       0.533513
  0.396     797.823    -627.928    -566.794     385.015   404239   428187   438043          404239          428187          438043 0.977192  1806.75       0.569922
  0.398     790.031    -627.998    -566.008     401.403   403150   428187   438043          403150          428187          438043 0.976674  1808.88       0.608927
    0.4     782.324    -628.071    -565.188     418.615   402043   428187   438043          402043          428187          438043 0.975566  1811.16       0.650726
  0.402     774.701    -628.147    -564.333     436.674   400661   424389   438043          400661          424389          438043 0.975365   1813.6       0.695544
  0.404     767.161    -628.226    -563.441     455.604   399440   423170   438043          399440          423170          438043 0.973832  1816.21       0.743624
  0.406     759.704    -628.308     -562.51     475.427   398073   423170   438043          398073          423170          438043 0.972465  1819.01       0.795234
  0.408     752.329    -628.394    -561.539     496.163   395433   420874   438043          395433          420874          438043 0.97563     1822        0.85065
   0.41     745.034    -628.484    -560.525     517.822   393923   420874   438043          393923          420874          438043 0.974698  1825.21       0.910148
  0.412      737.82    -628.577    -559.467     540.396   391273   418556   438043          391273          418556          438043 0.978161  1828.65       0.973984
  0.414     730.685    -628.675    -558.363     563.848   389700   418556   438043          389700          418556          438043 0.977508  1832.34        1.04236
  0.416     723.629    -628.777    -557.211     588.106   387924   418556   438043          387924          418556          438043 0.97746   1836.3         1.1154
  0.418     716.652    -628.883     -556.01     613.043   386351   418556   438043          386351          418556          438043 0.976393  1840.54         1.1931
   0.42     709.752    -628.994    -554.758     638.468   383180   412191   438043          383180          412191          438043 0.980614  1845.09        1.27528
  0.422     702.929     -629.11    -553.456     664.121   381479   412191   438043          381479          412191          438043 0.980538  1849.96        1.36159
  0.424     696.183    -629.231    -552.102     689.666   378749   412191   438043          378749          412191          438043 0.983751  1855.17        1.45144
  0.426     689.512    -629.358    -550.697     714.698   377811   411721   436558          377811          411721          436558 0.977361  1860.74        1.54402
  0.428     682.918     -629.49    -549.244     738.762   375797   405823   435033          375797          405823          435033 0.974405  1866.67        1.63835
   0.43     676.397    -629.628    -547.743     761.376   374131   405823   433788          374131          405823          433788 0.972095  1872.97         1.7333
  0.432     669.952    -629.772      -546.2     782.071   371791   405823   432461          371791          405823          432461 0.972341  1879.65        1.82772
  0.434     663.579    -629.922    -544.617     800.432   370355   405823   431639          370355          405823          431639 0.971464  1886.71        1.92054
  0.436      657.28    -630.078        -543     816.138   368448   405809   429644          368448          405809          429644 0.968665  1894.15        2.01088
  0.438     651.052    -630.241    -541.354         829   366217   405809   428988          366217          405809          428988 0.970961  1901.95        2.09817
   0.44     644.896     -630.41    -539.685     838.977   363442   391453   427991          363442          391453          427991 0.973469  1910.11        2.18223
  0.442     638.811    -630.586        -538     846.187   362173   391453   425860          362173          391453          425860 0.969452  1918.62        2.26327
  0.444     632.795    -630.768    -536.302     850.885   360353   391453   424581          360353          391453          424581 0.969444  1927.47        2.34189
  0.446     626.847    -630.957    -534.598     853.434   358450   391453   423191          358450          391453          423191 0.96954  1936.67        2.41895
  0.448     620.968    -631.152     -532.89     854.259   356435   381905   421320          356435          381905          421320 0.96885  1946.21        2.49547
   0.45     615.155    -631.354    -531.182     853.792   355115   381905   419370          355115          381905          419370 0.96615   1956.1        2.57243
  0.452     609.408    -631.562    -529.475      852.43   353264   381757   416747          353264          381757          416747 0.962973  1966.34        2.65059
  0.454     603.726    -631.777    -527.772     850.483   351503   381757   414973          351503          381757          414973 0.962799  1976.95        2.73034
  0.456     598.108    -631.999    -526.074     848.153   349852   378772   413356          349852          378772          413356 0.962443  1987.94        2.81155
  0.458     592.554    -632.226     -524.38     845.508   347945   378772   412071          347945          378772          412071 0.963808  1999.31         2.8935
   0.46     587.061    -632.461    -522.692     842.491   345111   378772   409977          345111          378772          409977 0.966261  2011.08        2.97485
  0.462     581.629    -632.701     -521.01     838.928   342922   378772   408227          342922          378772          408227 0.968958  2023.24        3.05366
  0.464     576.258    -632.948    -519.337     834.557   341355   378614   406870          341355          378614          406870 0.971446  2035.79        3.12755
  0.466     570.945      -633.2    -517.673     829.059   339762   378614   405197          339762          378614          405197 0.973388   2048.7        3.19381
  0.468     565.692    -633.459    -516.021     822.104   338782   371916   402183          338782          371916          402183 0.970407  2061.95        3.24966
   0.47     560.495    -633.724    -514.386     813.384   337873   371916   400862          337873          371916          400862 0.972501  2075.49        3.29242
  0.472     555.356    -633.995    -512.769     802.653   337309   363450   398620          337309          363450          398620 0.971188  2089.26         3.3198
  0.474     550.272    -634.271    -511.176     789.755   336370   363450   396450          336370          363450          396450 0.970951  2103.21        3.33002
  0.476     545.242    -634.554    -509.612     774.639   335560   363450   395557          335560          363450          395557 0.973753  2117.25        3.32202
  0.478     540.266    -634.841    -508.079     757.366   334957   363202   393878          334957          363202          393878 0.973458  2131.32        3.29549
   0.48     535.343    -635.134    -506.583     738.103   333980   359203   392468          333980          359203          392468 0.975047  2145.32        3.25085
  0.482     530.471    -635.432    -505.128     717.106   333332   355873   390969          333332          355873          390969 0.975273  2159.19        3.18926
  0.484      525.65    -635.736    -503.716       694.7   332561   355873   389355          332561          355873          389355 0.975774  2172.84        3.11242
  0.486     520.878    -636.043     -502.35     671.252   332166   355873   387533          332166          355873          387533 0.974637  2186.22        3.02247
  0.488     516.154    -636.356    -501.031     647.146   331710   345125   385266          331710          345125          385266 0.972454  2199.25        2.92179
   0.49     511.478    -636.673    -499.761     622.757   331483   345125   383981          331483          345125          383981 0.97222  2211.91        2.81289
  0.492     506.848    -636.993     -498.54     598.437   331148   345125   382432          331148          345125          382432 0.971137  2224.13         2.6982
  0.494     502.264    -637.318    -497.367     574.498   330971   342986   380388          330971          342986          380388 0.967567   2235.9        2.58003
  0.496     497.724    -637.647    -496.242     551.203   330613   342986   378919          330613          342986          378919 0.966654   2247.2        2.46046
  0.498     493.228    -637.978    -495.162     528.765   330078   342986   376012          330078          342986          376012 0.960993  2258.02         2.3413
    0.5     488.774    -638.314    -494.126     507.347   329688   342986   374268          329688          342986          374268 0.959475  2268.35        2.22403
  0.502     484.361    -638.652    -493.132     487.063   329431   342986   372935          329431          342986          372935 0.95881   2278.2        2.10988
  0.504      479.99    -638.993    -492.177     467.984   329035   342986   371608          329035          342986          371608 0.958627  2287.58        1.99977
  0.506     475.658    -639.337    -491.259     450.146   328689   342986   369373          328689          342986          369373 0.954183   2296.5        1.89438
  0.508     471.366    -639.684    -490.376     433.555   328307   342986   368022          328307          342986          368022 0.95395  2304.99        1.79417
   0.51     467.112    -640.033    -489.524      418.19   328052   340722   367044          328052          340722          367044 0.954751  2313.05        1.69941
  0.512     462.896    -640.384    -488.702     404.016   327738   340722   365502          327738          340722          365502 0.952812  2320.72         1.6102
  0.514     458.718    -640.738    -487.907     390.981   327541   340722   364415          327541          340722          364415 0.952301  2328.01        1.52656
  0.516     454.575    -641.093    -487.138     379.025   327296   340722   363632          327296          340722          363632 0.953241  2334.94        1.44837
  0.518     450.469    -641.451    -486.391     368.083   327019   340722   362392          327019          340722          362392 0.951444  2341.54        1.37547
   0.52     446.398    -641.811    -485.665     358.086   326672   340722   361581          326672          340722          361581 0.952394  2347.83        1.30764
  0.522     442.361    -642.172    -484.958     348.966   326351   340722   360555          326351          340722          360555 0.951835  2353.83        1.24463
  0.524     438.359    -642.535    -484.268     340.652   325887   340722   359938          325887          340722          359938 0.954286  2359.55        1.18615
  0.526      434.39      -642.9    -483.595      333.08   325684   340426   359278          325684          340426          359278 0.95483  2365.03        1.13193
  0.528     430.455    -643.267    -482.935     326.184   325385   339762   358256          325385          339762          358256 0.953618  2370.27        1.08167
   0.53     426.552    -643.635    -482.289     319.906   325209   339762   357805          325209          339762          357805 0.954964  2375.29         1.0351
  0.532     422.681    -644.004    -481.655     314.188   324935   339762   357034          324935          339762          357034 0.954752  2380.11       0.991942
  0.534     418.842    -644.376    -481.032     308.978   324511   339156   356538          324511          339156          356538 0.956888  2384.74       0.951929
  0.536     415.034    -644.748    -480.419     304.226   324403   339156   355930          324403          339156          355930 0.9564  2389.19       0.914814
  0.538     411.258    -645.122    -479.815     299.889   324178   338876   354869          324178          338876          354869 0.953791  2393.48       0.880362
   0.54     407.511    -645.497    -479.219     295.924   323900   338876   354365          323900          338876          354365 0.954798  2397.63       0.848355
  0.542     403.795    -645.874    -478.631     292.294   323563   338177   354091          323563          338177          354091 0.957274  2401.62       0.818589
  0.544     400.108    -646.251     -478.05     288.964   323243   337948   353612          323243          337948          353612 0.958352  2405.49       0.790875
  0.546     396.451     -646.63    -477.475     285.904   322978   337948   353061          322978          337948          353061 0.958506  2409.24       0.765041
  0.548     392.823     -647.01    -476.906     283.085   322657   337948   352518          322657          337948          352518 0.959039  2412.87       0.740927
   0.55     389.223    -647.392    -476.343     280.481   322446   334420   351944          322446          334420          351944 0.958646  2416.39       0.718387
  0.552     385.651    -647.774    -475.784      278.07   322133   334420   351548          322133          334420          351548 0.959772  2419.81       0.697288
  0.554     382.107    -648.158     -475.23     275.831   321860   334420   350865          321860          334420          350865 0.958981  2423.14       0.677509
  0.556     378.591    -648.543    -474.681     273.746   321566   334420   350488          321566          334420          350488 0.960056  2426.38       0.658941
  0.558     375.102    -648.929    -474.135     271.797   321345   332980   350117          321345          332980          350117 0.96063  2429.54       0.641482
   0.56     371.639    -649.316    -473.593     269.971   321158   332833   349492          321158          332833          349492 0.9593  2432.62       0.625043
  0.562     368.204    -649.704    -473.055     268.253   320946   332833   349158          320946          332833          349158 0.959905  2435.62       0.609541
  0.564     364.794    -650.093     -472.52     266.633   320705   332833   348769          320705          332833          348769 0.960236  2438.56       0.594902
  0.566     361.411    -650.484    -471.989     265.099   320434   332833   348282          320434          332833          348282 0.960217  2441.43       0.581059
  0.568     358.053    -650.875     -471.46     263.643   320255   332588   348095          320255          332588          348095 0.961344  2444.23        0.56795
   0.57      354.72    -651.267    -470.934     262.257   320068   332588   347616          320068          332588          347616 0.960576  2446.98       0.555521
  0.572     351.413     -651.66    -470.411     260.933   319830   332588   347314          319830          332588          347314 0.961222  2449.67       0.543723
  0.574      348.13    -652.054     -469.89     259.666   319620   332588   347051          319620          332588          347051 0.961843  2452.31        0.53251
  0.576     344.872     -652.45    -469.372     258.449   319242   332588   346834          319242          332588          346834 0.963782   2454.9       0.521842
  0.578     341.638    -652.846    -468.856     257.278   319092   332588   346524          319092          332588          346524 0.96364  2457.43       0.511681
   0.58     338.427    -653.243    -468.343     256.149   318882   332588   346264          318882          332588          346264 0.964108  2459.93       0.501995
  0.582     335.241    -653.641    -467.832     255.059   318570   332588   346064          318570          332588          346064 0.965569  2462.37       0.492753
  0.584     332.078     -654.04    -467.323     254.004   318350   332588   345748          318350          332588          345748 0.96568  2464.78       0.483928
  0.586     328.938     -654.44    -466.816     252.981   318105   329499   345560          318105          329499          345560 0.966777  2467.15       0.475494
  0.588     325.821    -654.841    -466.311     251.988   317992   329499   345286          317992          329499          345286 0.966394  2469.47       0.467428
   0.59     322.727    -655.242    -465.808     251.024   317773   329499   344937          317773          329499          344937 0.966157  2471.76        0.45971
  0.592     319.655    -655.645    -465.307     250.086   317454   329499   344756          317454          329499          344756 0.967688  2474.02        0.45232
  0.594     316.605    -656.048    -464.807     249.173   317365   329499   344455          317365          329499          344455 0.9669  2476.24       0.445241
  0.596     313.577    -656.453     -464.31     248.285   317215   329499   344100          317215          329499          344100 0.966148  2478.43       0.438455
  0.598     310.571    -656.858    -463.814     247.418   316964   329134   343885          316964          329134          343885 0.966938  2480.59       0.431949
    0.6     307.587    -657.264     -463.32     246.574   316709   328307   343629          316709          328307          343629 0.967488  2482.72       0.425707
  0.602     304.623    -657.671    -462.828     245.751   316576   328307   343372          316576          328307          343372 0.967205  2484.81       0.419717
  0.604     301.681    -658.079    -462.337     244.949   316475   328307   343102          316475          328307          343102 0.966604  2486.89       0.413967
  0.606     298.759    -658.487    -461.848     244.167   316312   328307   342895          316312          328307          342895 0.966753  2488.93       0.408446
  0.608     295.858    -658.897    -461.361     243.404   316140   328307   342630          316140          328307          342630 0.966566  2490.95       0.403142
   0.61     292.977    -659.307    -460.875      242.66   316003   327750   342263          316003          327750          342263 0.96545  2492.95       0.398047
  0.612     290.117    -659.718     -460.39     241.936   315906   327750   342068          315906          327750          342068 0.965185  2494.92        0.39315
  0.614     287.276     -660.13    -459.907      241.23   315777   327750   341869          315777          327750          341869 0.965042  2496.87       0.388443
  0.616     284.455    -660.542    -459.425     240.542   315631   327750   341584          315631          327750          341584 0.964364   2498.8       0.383918
  0.618     281.654    -660.956    -458.945     239.873   315263   325893   341383          315263          325893          341383 0.965785  2500.71       0.379567
   0.62     278.872     -661.37    -458.466     239.222   315088   325893   341029          315088          325893          341029 0.964936   2502.6       0.375383
  0.622     276.109    -661.785    -457.988     238.589   314942   325893   340872          314942          325893          340872 0.965193  2504.47       0.371359
  0.624     273.365      -662.2    -457.511     237.974   314817   325893   340673          314817          325893          340673 0.964941  2506.32       0.367489
  0.626      270.64    -662.617    -457.036     237.378   314467   325893   340403          314467          325893          340403 0.965787  2508.15       0.363766
  0.628     267.933    -663.034    -456.562     236.799   314289   325893   340034          314289          325893          340034 0.964796  2509.97       0.360185
   0.63     265.245    -663.452    -456.089     236.238   314210   325893   339882          314210          325893          339882 0.964607  2511.77        0.35674
  0.632     262.575    -663.871    -455.617     235.696   313975   325893   339604          313975          325893          339604 0.964589  2513.56       0.353427
  0.634     259.922     -664.29    -455.146     235.171   313832   325893   339365          313832          325893          339365 0.964201  2515.32       0.350241
  0.636     257.288     -664.71    -454.676     234.664   313737   325893   339164          313737          325893          339164 0.963713  2517.08       0.347178
  0.638     254.671    -665.131    -454.207     234.176   313505   325893   338904          313505          325893          338904 0.963772  2518.82       0.344233
   0.64     252.072    -665.552    -453.739     233.706   313327   325893   338679          313327          325893          338679 0.963702  2520.55       0.341402
  0.642      249.49    -665.975    -453.272     233.254   313098   325893   338392          313098          325893          338392 0.963546  2522.26       0.338682
  0.644     246.925    -666.398    -452.806     232.821   313002   325893   338230          313002          325893          338230 0.963304  2523.96        0.33607
  0.646     244.378    -666.821    -452.341     232.406   312750   324519   337993          312750          324519          337993 0.963583  2525.66       0.333562
  0.648     241.847    -667.246    -451.877      232.01   312556   324519   337512          312556          324519          337512 0.96184  2527.33       0.331156
   0.65     239.332    -667.671    -451.413     231.633   312254   324519   337221          312254          324519          337221 0.962188     2529       0.328849
  0.652     236.834    -668.097     -450.95     231.274   312162   324519   337045          312162          324519          337045 0.961933  2530.66       0.326637
  0.654     234.353    -668.523    -450.488     230.935   311988   324519   336906          311988          324519          336906 0.962428  2532.31        0.32452
  0.656     231.887     -668.95    -450.026     230.614   311658   324519   336696          311658          324519          336696 0.963475  2533.95       0.322495
  0.658     229.438    -669.378    -449.565     230.313   311519   323332   336513          311519          323332          336513 0.963406  2535.58       0.320559
   0.66     227.005    -669.806    -449.105     230.031   311226   321428   336320          311226          321428          336320 0.964303   2537.2       0.318711
  0.662     224.587    -670.236    -448.645     229.768   311142   321428   336097          311142          321428          336097 0.96356  2538.81       0.316949
  0.664     222.185    -670.665    -448.186     229.525   310964   321428   335921          310964          321428          335921 0.963741  2540.42       0.315272
  0.666     219.798    -671.096    -447.727     229.302   310829   321428   335638          310829          321428          335638 0.962832  2542.02       0.313677
  0.668     217.426    -671.527    -447.269     229.098   310700   321428   335429          310700          321428          335429 0.962392  2543.61       0.312163
   0.67      215.07    -671.959    -446.811     228.914   310407   321428   335185          310407          321428          335185 0.962848  2545.19       0.310729
  0.672     212.728    -672.391    -446.353     228.749   310170   321428   334882          310170          321428          334882 0.962556  2546.77       0.309373
  0.674     210.402    -672.824    -445.896     228.604   309966   321428   334754          309966          321428          334754 0.963256  2548.35       0.308094
  0.676      208.09    -673.258    -445.439     228.479   309792   321428   334617          309792          321428          334617 0.963667  2549.91       0.306891
  0.678     205.793    -673.692    -444.982     228.374   309570   321428   334512          309570          321428          334512 0.96462  2551.48       0.305762
   0.68      203.51    -674.127    -444.525     228.288   309424   320485   334338          309424          320485          334338 0.964481  2553.03       0.304706
  0.682     201.241    -674.563    -444.069     228.222   309278   320485   334088          309278          320485          334088 0.96379  2554.59       0.303722
  0.684     198.987    -674.999    -443.612     228.176   308988   320485   333868          308988          320485          333868 0.964352  2556.14       0.302808
  0.686     196.747    -675.436    -443.156     228.149   308852   320485   333691          308852          320485          333691 0.964143  2557.68       0.301964
  0.688      194.52    -675.873      -442.7     228.141   308732   320485   333536          308732          320485          333536 0.963915  2559.23       0.301187
   0.69     192.308    -676.312    -442.243     228.152   308655   320485   333298          308655          320485          333298 0.962754  2560.77       0.300477
  0.692     190.109     -676.75    -441.787     228.182   308519   320485   333138          308519          320485          333138 0.962534   2562.3       0.299832
  0.694     187.924     -677.19    -441.331     228.231   308366   319242   333024          308366          319242          333024 0.962707  2563.84        0.29925
  0.696     185.752     -677.63    -440.874     228.298   308283   319242   332871          308283          319242          332871 0.962024  2565.37       0.298731
  0.698     183.594     -678.07    -440.417     228.383   308175   319242   332660          308175          319242          332660 0.961051  2566.91       0.298273
    0.7     181.449    -678.512    -439.961     228.486   307803   319242   332433          307803          319242          332433 0.961902  2568.44       0.297873
  0.702     179.317    -678.953    -439.503     228.606   307671   319242   332177          307671          319242          332177 0.960843  2569.97       0.297532
  0.704     177.198    -679.396    -439.046     228.744   307474   319242   331957          307474          319242          331957 0.960518  2571.49       0.297246
  0.706     175.091    -679.839    -438.588     228.898   307172   318244   331770          307172          318244          331770 0.961265  2573.02       0.297014
  0.708     172.998    -680.283     -438.13     229.068   306915   318244   331564          306915          318244          331564 0.961535  2574.55       0.296834
   0.71     170.917    -680.727    -437.672     229.253   306620   318244   331304          306620          318244          331304 0.961766  2576.08       0.296705
  0.712     168.849    -681.172    -437.213     229.454   306460   318244   331054          306460          318244          331054 0.961095  2577.61       0.296625
  0.714     166.793    -681.618    -436.754      229.67   306225   317459   330879          306225          317459          330879 0.961582  2579.14       0.296592
  0.716      164.75    -682.064    -436.295     229.899   306093   317459   330667          306093          317459          330667 0.961001  2580.67       0.296603
  0.718     162.719    -682.511    -435.835     230.142   305888   317459   330474          305888          317459          330474 0.961121   2582.2       0.296657
   0.72     160.699    -682.958    -435.374     230.398   305832   317459   330360          305832          317459          330360 0.960669  2583.73       0.296752
  0.722     158.692    -683.406    -434.913     230.667   305576   317459   330260          305576          317459          330260 0.961778  2585.27       0.296885
  0.724     156.697    -683.855    -434.451     230.946   305469   317459   330115          305469          317459          330115 0.961405   2586.8       0.297055
  0.726     154.714    -684.304    -433.989     231.237   305311   317459   329939          305311          317459          329939 0.961139  2588.34       0.297258
  0.728     152.743    -684.754    -433.527     231.538   305149   317459   329850          305149          317459          329850 0.96153  2589.88       0.297494
   0.73     150.783    -685.205    -433.063     231.848   304936   317459   329719          304936          317459          329719 0.961947  2591.42        0.29776
  0.732     148.834    -685.656    -432.599     232.167   304646   317459   329605          304646          317459          329605 0.963106  2592.97       0.298054
  0.734     146.898    -686.107    -432.134     232.494   304459   317459   329349          304459          317459          329349 0.962437  2594.51       0.298373
  0.736     144.972     -686.56    -431.669     232.829   304266   317459   329205          304266          317459          329205 0.962668  2596.06       0.298715
  0.738     143.058    -687.013    -431.203      233.17   303954   317459   329141          303954          317459          329141 0.964392  2597.62       0.299078
   0.74     141.155    -687.466    -430.736     233.516   303827   317459   328978          303827          317459          328978 0.963999  2599.17       0.299459
  0.742     139.263     -687.92    -430.269     233.868   303677   317459   328808          303677          317459          328808 0.963707  2600.73       0.299858
  0.744     137.382    -688.375    -429.801     234.224   303504   317459   328699          303504          317459          328699 0.964022  2602.29        0.30027
  0.746     135.512    -688.831    -429.332     234.583   303307   316668   328539          303307          316668          328539 0.964095  2603.86       0.300694
  0.748     133.653    -689.287    -428.863     234.945   303207   316668   328436          303207          316668          328436 0.963865  2605.42       0.301129
   0.75     131.804    -689.743    -428.392     235.309   302817   316668   328307          302817          316668          328307 0.965559  2606.99       0.301571
  0.752     129.966      -690.2    -427.921     235.675   302592   316668   328125          302592          316668          328125 0.965748  2608.57       0.302019
  0.754     128.139    -690.658     -427.45      236.04   302341   316668   327979          302341          316668          327979 0.966384  2610.15       0.302471
  0.756     126.322    -691.117    -426.977     236.406   302160   316668   327874          302160          316668          327874 0.966802  2611.73       0.302925
  0.758     124.516    -691.576    -426.504      236.77   302087   316668   327751          302087          316668          327751 0.966305  2613.31       0.303379
   0.76      122.72    -692.036     -426.03     237.133   301844   316668   327607          301844          316668          327607 0.966835   2614.9       0.303831
  0.762     120.934    -692.496    -425.556     237.493   301664   316668   327383          301664          316668          327383 0.966409  2616.49        0.30428
  0.764     119.158    -692.957     -425.08      237.85   301539   316668   327241          301539          316668          327241 0.966129  2618.08       0.304723
  0.766     117.392    -693.418    -424.604     238.204   301415   314429   327071          301415          314429          327071 0.96564  2619.68       0.305159
  0.768     115.637    -693.881    -424.127     238.553   301253   314429   326908          301253          314429          326908 0.965431  2621.28       0.305587
   0.77     113.891    -694.343     -423.65     238.898   300926   314429   326780          300926          314429          326780 0.966575  2622.88       0.306005
  0.772     112.155    -694.807    -423.172     239.237   300701   314429   326650          300701          314429          326650 0.967045  2624.49       0.306412
  0.774     110.429    -695.271    -422.693      239.57   300571   314429   326535          300571          314429          326535 0.966958   2626.1       0.306807
  0.776     108.713    -695.735    -422.214     239.896   300376   314429   326402          300376          314429          326402 0.967171  2627.71       0.307187
  0.778     107.006    -696.201    -421.733     240.216   300073   314429   326239          300073          314429          326239 0.967914  2629.33       0.307553
   0.78     105.309    -696.667    -421.253     240.528   299901   314429   326110          299901          314429          326110 0.968032  2630.95       0.307903
  0.782     103.621    -697.133    -420.771     240.832   299597   314429   326040          299597          314429          326040 0.969366  2632.57       0.308237
  0.784     101.943      -697.6    -420.289     241.128   299405   314322   325937          299405          314322          325937 0.969788  2634.19       0.308553
  0.786     100.274    -698.068    -419.807     241.416   299241   314322   325786          299241          314322          325786 0.969694  2635.82        0.30885
  0.788     98.6138    -698.536    -419.324     241.694   299132   311233   325525          299132          311233          325525 0.968571  2637.45       0.309129
   0.79     96.9632    -699.005     -418.84     241.964   298939   311233   325446          298939          311233          325446 0.969151  2639.08       0.309388
  0.792     95.3217    -699.475    -418.356     242.224   298706   311233   325152          298706          311233          325152 0.968619  2640.72       0.309627
  0.794     93.6893    -699.945    -417.871     242.474   298453   311233   325010          298453          311233          325010 0.969228  2642.35       0.309846
  0.796     92.0658    -700.416    -417.386     242.714   298311   311233   324836          298311          311233          324836 0.96894  2643.99       0.310044
  0.798     90.4513    -700.887      -416.9     242.944   298068   309822   324677          298068          309822          324677 0.969441  2645.63       0.310221
    0.8     88.8456    -701.359    -416.414     243.164   297954   309658   324563          297954          309658          324563 0.969368  2647.27       0.310377
  0.802     87.2487    -701.832    -415.928     243.374   297874   309658   324263          297874          309658          324263 0.967862  2648.92       0.310512
  0.804     85.6605    -702.305    -415.441     243.574   297769   309658   324050          297769          309658          324050 0.967083  2650.56       0.310626
  0.806     84.0809    -702.779    -414.953     243.763   297470   309658   323874          297470          309658          323874 0.967848  2652.21       0.310719
  0.808     82.5099    -703.254    -414.466     243.941   297269   309658   323777          297269          309658          323777 0.96852  2653.86        0.31079
   0.81     80.9475    -703.729    -413.978      244.11   297032   309658   323607          297032          309658          323607 0.96895  2655.51       0.310841
  0.812     79.3934    -704.205    -413.489     244.267   296956   309658   323469          296956          309658          323469 0.968538  2657.16       0.310871
  0.814     77.8478    -704.681    -413.001     244.415   296832   309658   323382          296832          309658          323382 0.96874  2658.81        0.31088
  0.816     76.3105    -705.158    -412.512     244.552   296767   309658   323190          296767          309658          323190 0.967825  2660.47        0.31087
  0.818     74.7815    -705.635    -412.022     244.679   296583   309658   322987          296583          309658          322987 0.967635  2662.12        0.31084
   0.82     73.2606    -706.114    -411.533     244.796   296428   309658   322859          296428          309658          322859 0.967735  2663.78        0.31079
  0.822     71.7479    -706.592    -411.043     244.904   296324   309658   322736          296324          309658          322736 0.967503  2665.43       0.310722
  0.824     70.2433    -707.072    -410.553     245.001   296192   309658   322565          296192          309658          322565 0.967124  2667.09       0.310635
  0.826     68.7467    -707.552    -410.063     245.089   295900   308908   322392          295900          308908          322392 0.967807  2668.75       0.310531
  0.828     67.2581    -708.032    -409.573     245.168   295692   308908   322263          295692          308908          322263 0.968239  2670.41       0.310409
   0.83     65.7774    -708.514    -409.083     245.237   295623   308908   322142          295623          308908          322142 0.96781  2672.06       0.310271
  0.832     64.3045    -708.996    -408.592     245.298   295469   308908   322013          295469          308908          322013 0.967858  2673.72       0.310116
  0.834     62.8394    -709.478    -408.101     245.349   295282   308908   321888          295282          308908          321888 0.968117  2675.38       0.309946
  0.836      61.382    -709.961    -407.611     245.393   295092   308908   321746          295092          308908          321746 0.968313  2677.04       0.309761
  0.838     59.9323    -710.445     -407.12     245.428   294853   306246   321612          294853          306246          321612 0.96891   2678.7       0.309562
   0.84     58.4903    -710.929    -406.629     245.455   294706   306246   321458          294706          306246          321458 0.968771  2680.36       0.309349
  0.842     57.0557    -711.414    -406.138     245.475   294494   306246   321288          294494          306246          321288 0.968965  2682.01       0.309122
  0.844     55.6287    -711.899    -405.647     245.487   294257   306246   321092          294257          306246          321092 0.969195  2683.67       0.308884
  0.846     54.2092    -712.385    -405.156     245.492   294124   306246   320932          294124          306246          320932 0.968999  2685.33       0.308633
  0.848      52.797    -712.872    -404.665      245.49   294024   306246   320788          294024          306246          320788 0.968676  2686.99       0.308372
   0.85     51.3922    -713.359    -404.174     245.482   293882   306246   320653          293882          306246          320653 0.968671  2688.64         0.3081
  0.852     49.9946    -713.847    -403.683     245.467   293731   306246   320526          293731          306246          320526 0.968774   2690.3       0.307818
  0.854     48.6043    -714.335    -403.192     245.446   293568   306246   320345          293568          306246          320345 0.968604  2691.96       0.307527
  0.856     47.2212    -714.824    -402.701      245.42   293444   306246   320157          293444          306246          320157 0.968141  2693.61       0.307227
  0.858     45.8452    -715.314    -402.211     245.388   293333   306246   319979          293333          306246          319979 0.967651  2695.27       0.306919
   0.86     44.4763    -715.804     -401.72     245.351   293166   306246   319872          293166          306246          319872 0.968001  2696.92       0.306604
  0.862     43.1144    -716.294    -401.229     245.309   293050   306246   319691          293050          306246          319691 0.967512  2698.57       0.306282
  0.864     41.7595    -716.786    -400.739     245.262   292923   306246   319544          292923          306246          319544 0.967313  2700.23       0.305954
  0.866     40.4115    -717.278    -400.248     245.211   292791   306246   319418          292791          306246          319418 0.967266  2701.88        0.30562
  0.868     39.0704     -717.77    -399.758     245.156   292575   306246   319321          292575          306246          319321 0.96796  2703.53       0.305281
   0.87     37.7362    -718.263    -399.267     245.098   292295   306246   319207          292295          306246          319207 0.968966  2705.18       0.304937
  0.872     36.4087    -718.757    -398.777     245.035   292098   303959   319012          292098          303959          319012 0.96895  2706.83        0.30459
  0.874     35.0879    -719.251    -398.287      244.97   292055   303959   318804          292055          303959          318804 0.96783  2708.48       0.304239
  0.876     33.7739    -719.746    -397.797     244.901   291947   303959   318664          291947          303959          318664 0.967568  2710.12       0.303885
  0.878     32.4664    -720.241    -397.308      244.83   291885   303959   318565          291885          303959          318565 0.967231  2711.77       0.303528
   0.88     31.1656    -720.737    -396.818     244.756   291776   303959   318378          291776          303959          318378 0.9666  2713.42        0.30317
  0.882     29.8713    -721.233    -396.329     244.679   291626   303959   318269          291626          303959          318269 0.966746  2715.06       0.302809
  0.884     28.5835     -721.73    -395.839     244.601   291495   303959   318141          291495          303959          318141 0.966627  2716.71       0.302448
  0.886     27.3021    -722.228     -395.35     244.521   291356   303959   317876          291356          303959          317876 0.965663  2718.35       0.302086
  0.888     26.0272    -722.726    -394.861     244.439   291158   303959   317788          291158          303959          317788 0.966281  2719.99       0.301724
   0.89     24.7586    -723.225    -394.373     244.356   291010   303959   317617          291010          303959          317617 0.966004  2721.63       0.301362
  0.892     23.4963    -723.724    -393.884     244.271   290603   303959   317533          290603          303959          317533 0.968053  2723.27       0.301001
  0.894     22.2403    -724.224    -393.395     244.186   290446   303959   317259          290446          303959          317259 0.96723  2724.91       0.300641
  0.896     20.9905    -724.724    -392.907       244.1   290225   302351   317126          290225          302351          317126 0.967821  2726.55       0.300282
  0.898     19.7469    -725.225    -392.419     244.013   290063   302351   316984          290063          302351          316984 0.96796  2728.19       0.299925
    0.9     18.5095    -725.727    -391.931     243.925   289902   302351   316814          289902          302351          316814 0.967918  2729.82        0.29957
  0.902     17.2781    -726.229    -391.443     243.838   289784   302351   316727          289784          302351          316727 0.968144  2731.46       0.299217
  0.904     16.0528    -726.731    -390.956      243.75   289689   302351   316484          289689          302351          316484 0.967155  2733.09       0.298868
  0.906     14.8335    -727.235    -390.468     243.662   289501   302351   316254          289501          302351          316254 0.966914  2734.72       0.298521
  0.908     13.6202    -727.738    -389.981     243.575   289373   302351   316080          289373          302351          316080 0.966663  2736.36       0.298179
   0.91     12.4128    -728.242    -389.494     243.488   289179   302351   315817          289179          302351          315817 0.966291  2737.99       0.297839
  0.912     11.2113    -728.747    -389.007     243.402   289075   302351   315560          289075          302351          315560 0.965388  2739.62       0.297505
  0.914     10.0157    -729.253     -388.52     243.316   288877   302351   315439          288877          302351          315439 0.966028  2741.25       0.297174
  0.916     8.82586    -729.758    -388.034     243.232   288755   302351   315371          288755          302351          315371 0.96649  2742.88       0.296848
  0.918      7.6418    -730.265    -387.547     243.148   288566   302351   315287          288566          302351          315287 0.967278   2744.5       0.296528
   0.92     6.46348    -730.772    -387.061     243.066   288334   302351   315120          288334          302351          315120 0.967829  2746.13       0.296212
  0.922     5.29084    -731.279    -386.575     242.984   288276   302351   314992          288276          302351          314992 0.967467  2747.76       0.295903
  0.924     4.12386    -731.787    -386.089     242.905   288014   302351   314776          288014          302351          314776 0.967892  2749.38       0.295599
  0.926     2.96249    -732.296    -385.604     242.827   287829   302351   314695          287829          302351          314695 0.968727  2751.01       0.295301
  0.928      1.8067    -732.805    -385.118      242.75   287707   299420   314597          287707          299420          314597 0.969013  2752.63        0.29501
   0.93    0.656453    -733.314    -384.633     242.676   287671   299420   314484          287671          299420          314484 0.968614  2754.26       0.294726
  0.932   -0.488293    -733.824    -384.147     242.603   287581   299420   314323          287581          299420          314323 0.968219  2755.88       0.294449
  0.934    -1.62757    -734.335    -383.662     242.533   287447   299420   314079          287447          299420          314079 0.96759   2757.5       0.294179
  0.936    -2.76142    -734.846    -383.177     242.465   287341   299420   313873          287341          299420          313873 0.967015  2759.13       0.293916
  0.938    -3.88988    -735.358    -382.692     242.399   287264   298131   313658          287264          298131          313658 0.966196  2760.75       0.293661
   0.94    -5.01298     -735.87    -382.208     242.336   287195   298131   313529          287195          298131          313529 0.965865  2762.37       0.293415
  0.942    -6.13076    -736.383    -381.723     242.276   287136   298131   313403          287136          298131          313403 0.965453  2763.99       0.293177
  0.944    -7.24325    -736.896    -381.238     242.218   287035   298131   313137          287035          298131          313137 0.964383  2765.61       0.292947
  0.946    -8.35049     -737.41    -380.754     242.163   286844   298131   312890          286844          298131          312890 0.964036  2767.23       0.292726
  0.948    -9.45252    -737.924     -380.27     242.111   286623   298131   312799          286623          298131          312799 0.964982  2768.85       0.292514
   0.95    -10.5494    -738.439    -379.786     242.062   286524   298131   312605          286524          298131          312605 0.964402  2770.47       0.292312
  0.952    -11.6411    -738.954    -379.302     242.017   286448   298131   312432          286448          298131          312432 0.963791  2772.09       0.292119
  0.954    -12.7276     -739.47    -378.818     241.975   286284   298131   312337          286284          298131          312337 0.964309  2773.71       0.291936
  0.956    -13.8091    -739.986    -378.334     241.936   286176   298131   312254          286176          298131          312254 0.964503  2775.33       0.291764
  0.958    -14.8856    -740.503     -377.85     241.901   286091   298131   311999          286091          298131          311999 0.963341  2776.95       0.291602
   0.96     -15.957    -741.021    -377.366      241.87   285892   298131   311882          285892          298131          311882 0.963907  2778.57        0.29145
  0.962    -17.0235    -741.539    -376.882     241.843   285772   298131   311749          285772          298131          311749 0.963823  2780.19       0.291309
  0.964     -18.085    -742.057    -376.399      241.82   285637   297039   311635          285637          297039          311635 0.963953  2781.81        0.29118
  0.966    -19.1415    -742.576    -375.915       241.8   285558   297039   311460          285558          297039          311460 0.963264  2783.43       0.291062
  0.968    -20.1932    -743.095    -375.432     241.786   285406   297039   311337          285406          297039          311337 0.963417  2785.05       0.290956
   0.97    -21.2401    -743.615    -374.948     241.775   285254   297039   311239          285254          297039          311239 0.963739  2786.67       0.290862
  0.972    -22.2821    -744.135    -374.464      241.77   284957   297039   311052          284957          297039          311052 0.964492  2788.29        0.29078
  0.974    -23.3193    -744.656    -373.981     241.768   284836   297039   310839          284836          297039          310839 0.963864  2789.91       0.290711
  0.976    -24.3518    -745.178    -373.497     241.772   284717   297039   310654          284717          297039          310654 0.963411  2791.53       0.290655
  0.978    -25.3795      -745.7    -373.014     241.781   284600   297039   310540          284600          297039          310540 0.96344  2793.16       0.290612
   0.98    -26.4025    -746.222     -372.53     241.795   284399   297039   310455          284399          297039          310455 0.964231  2794.78       0.290583
  0.982    -27.4209    -746.745    -372.047     241.814   284295   297039   310320          284295          297039          310320  0.964  2796.41       0.290567
  0.984    -28.4346    -747.268    -371.563     241.838   284197   297039   310208          284197          297039          310208 0.963864  2798.03       0.290565
  0.986    -29.4437    -747.792    -371.079     241.868   284140   297039   310070          284140          297039          310070 0.963226  2799.66       0.290578
  0.988    -30.4482    -748.317    -370.595     241.904   284017   297039   309972          284017          297039          309972 0.963297  2801.29       0.290605
   0.99    -31.4481    -748.841    -370.112     241.946   283912   297039   309865          283912          297039          309865 0.963154  2802.91       0.290647
  0.992    -32.4435    -749.367    -369.628     241.993   283754   297039   309723          283754          297039          309723 0.963131  2804.54       0.290704
  0.994    -33.4344    -749.893    -369.144     242.047   283660   297039   309659          283660          297039          309659 0.963179  2806.18       0.290777
  0.996    -34.4209    -750.419    -368.659     242.107   283439   297039   309463          283439          297039          309463 0.96317  2807.81       0.290866
  0.998    -35.4029    -750.946    -368.175     242.174   283198   297039   309289          283198          297039          309289 0.963476  2809.44       0.290971
      1    -36.3805    -751.473    -367.691     242.247   282923   297039   309167          282923          297039          309167 0.964396  2811.08       0.291092
  1.002    -37.3537    -752.001    -367.206     242.326   282663   297039   309067          282663          297039          309067 0.965415  2812.72       0.291229
  1.004    -38.3225    -752.529    -366.721     242.413   282524   294258   309005          282524          294258          309005 0.96588  2814.35       0.291384
  1.006     -39.287    -753.058    -366.237     242.507   282462   294258   308758          282462          294258          308758 0.964548     2816       0.291556
  1.008    -40.2471    -753.587    -365.751     242.608   282356   294258   308479          282356          294258          308479 0.963315  2817.64       0.291746
   1.01     -41.203    -754.117    -365.266     242.716   282255   294258   308341          282255          294258          308341 0.963003  2819.28       0.291953
  1.012    -42.1547    -754.647    -364.781     242.831   282204   294258   308100          282204          294258          308100 0.961654  2820.93       0.292179
  1.014    -43.1021    -755.178    -364.295     242.954   282083   294258   307963          282083          294258          307963 0.961451  2822.58       0.292422
  1.016    -44.0453    -755.709    -363.809     243.085   281877   294258   307896          281877          294258          307896 0.962294  2824.23       0.292685
  1.018    -44.9843    -756.241    -363.322     243.224   281792   294258   307789          281792          294258          307789 0.962015  2825.89       0.292966
   1.02    -45.9192    -756.773    -362.836     243.371   281534   294258   307702          281534          294258          307702 0.963018  2827.54       0.293266
  1.022    -46.8499    -757.306    -362.349     243.526   281416   294258   307497          281416          294258          307497 0.962306   2829.2       0.293586
  1.024    -47.7765    -757.839    -361.862     243.689   281118   294258   307392          281118          294258          307392 0.963477  2830.87       0.293925
  1.026     -48.699    -758.373    -361.374     243.861   280999   294161   307285          280999          294161          307285 0.963462  2832.53       0.294284
  1.028    -49.6175    -758.907    -360.886     244.041   280893   294161   307201          280893          294161          307201 0.963477   2834.2       0.294663
   1.03    -50.5319    -759.441    -360.398     244.229   280823   294161   307043          280823          294161          307043 0.962719  2835.87       0.295062
  1.032    -51.4424    -759.976    -359.909     244.427   280743   294161   306967          280743          294161          306967 0.962559  2837.55       0.295482
  1.034    -52.3488    -760.512     -359.42     244.633   280536   294135   306851          280536          294135          306851 0.962954  2839.23       0.295922
  1.036    -53.2513    -761.048    -358.931     244.848   280291   294135   306758          280291          294135          306758 0.963784  2840.91       0.296382
  1.038    -54.1498    -761.584    -358.441     245.072   280145   294135   306697          280145          294135          306697 0.964147  2842.59       0.296864
   1.04    -55.0444    -762.122    -357.951     245.305   279846   294135   306582          279846          294135          306582 0.965179  2844.28       0.297366
  1.042    -55.9351    -762.659     -357.46     245.547   279732   294135   306479          279732          294135          306479 0.965054  2845.98       0.297889
  1.044     -56.822    -763.197    -356.968     245.798   279647   294135   306349          279647          294135          306349 0.964541  2847.68       0.298434
  1.046     -57.705    -763.735    -356.476     246.059   279454   292162   306257          279454          292162          306257 0.964994  2849.38       0.298999
  1.048    -58.5841    -764.274    -355.984     246.329   279344   292162   306096          279344          292162          306096 0.964427  2851.08       0.299586
   1.05    -59.4595    -764.814    -355.491     246.608   279286   292162   305985          279286          292162          305985 0.963821  2852.79       0.300194
  1.052     -60.331    -765.354    -354.998     246.897   279140   292162   305741          279140          292162          305741 0.962907  2854.51       0.300823
  1.054    -61.1988    -765.894    -354.504     247.195   279022   292162   305667          279022          292162          305667 0.962926  2856.23       0.301473
  1.056    -62.0629    -766.435    -354.009     247.502   278909   292162   305540          278909          292162          305540 0.962533  2857.95       0.302144
  1.058    -62.9232    -766.976    -353.514     247.819   278835   292162   305363          278835          292162          305363 0.961541  2859.68       0.302836
   1.06    -63.7799    -767.518    -353.018     248.145   278586   292162   305204          278586          292162          305204 0.961834  2861.42       0.303549
  1.062    -64.6328     -768.06    -352.521      248.48   278421   290230   305062          278421          290230          305062 0.961686  2863.16       0.304283
  1.064    -65.4821    -768.603    -352.024     248.825   278260   289928   304944          278260          289928          304944 0.961661   2864.9       0.305037
  1.066    -66.3277    -769.147    -351.526     249.179   278048   289928   304826          278048          289928          304826 0.96198  2866.65       0.305812
  1.068    -67.1698     -769.69    -351.027     249.542   277987   289928   304736          277987          289928          304736 0.961462  2868.41       0.306607
   1.07    -68.0082    -770.235    -350.527     249.914   277660   289928   304591          277660          289928          304591 0.962333  2870.17       0.307422
  1.072     -68.843    -770.779    -350.027     250.295   277400   289928   304468          277400          289928          304468 0.962936  2871.94       0.308256
  1.074    -69.6743    -771.325    -349.526     250.685   277188   289928   304295          277188          289928          304295 0.962906  2873.71       0.309109
  1.076     -70.502     -771.87    -349.025     251.083   277051   289928   304179          277051          289928          304179 0.9628  2875.49       0.309982
  1.078    -71.3262    -772.416    -348.522      251.49   276806   289928   304064          276806          289928          304064 0.963411  2877.28       0.310873
   1.08    -72.1469    -772.963    -348.019     251.906   276432   289928   303976          276432          289928          303976 0.965121  2879.07       0.311781
  1.082    -72.9642     -773.51    -347.514      252.33   276277   289928   303839          276277          289928          303839 0.965063  2880.87       0.312708
  1.084    -73.7779    -774.058    -347.009     252.762   276078   289928   303642          276078          289928          303642 0.964929  2882.67       0.313652
  1.086    -74.5882    -774.606    -346.503     253.202   276006   289928   303551          276006          289928          303551 0.964649  2884.48       0.314612
  1.088    -75.3951    -775.155    -345.996     253.649   275962   289928   303344          275962          289928          303344 0.963388   2886.3       0.315589
   1.09    -76.1986    -775.704    -345.489     254.104   275821   289928   303168          275821          289928          303168 0.962954  2888.13       0.316581
  1.092    -76.9986    -776.254     -344.98     254.567   275597   289928   303097          275597          289928          303097 0.963797  2889.96       0.317588
  1.094    -77.7953    -776.804     -344.47     255.036   275422   288354   302978          275422          288354          302978 0.963993   2891.8        0.31861
  1.096    -78.5887    -777.354     -343.96     255.512   275326   288354   302891          275326          288354          302891 0.963863  2893.65       0.319645
  1.098    -79.3787    -777.905    -343.448     255.994   275135   288354   302790          275135          288354          302790 0.964267   2895.5       0.320692
    1.1    -80.1653    -778.457    -342.936     256.483   275024   288354   302673          275024          288354          302673 0.964023  2897.36       0.321753
  1.102    -80.9487    -779.009    -342.422     256.977   274902   288354   302539          274902          288354          302539 0.963719  2899.23       0.322824
  1.104    -81.7288    -779.562    -341.908     257.477   274857   288354   302415          274857          288354          302415 0.962934   2901.1       0.323906
  1.106    -82.5056    -780.115    -341.393     257.981   274689   288354   302319          274689          288354          302319 0.96314  2902.99       0.324998
  1.108    -83.2792    -780.668    -340.876     258.491   274607   288354   302162          274607          288354          302162 0.962358  2904.88       0.326099
