# n_walkers  560  n_cull  1  simple log(alpha)  -0.001784121793501292
#   T     log_Z(T)      F(T)        U(T)       Cvp(T)    low_pct_i(T) mode_i(T) high_pct_i(T) low_pct_iter(T)  mode_iter(T)   high_pct_iter(T) Z_fract(T)   V(T)   thermal_exp(T)
   0.01     60618.9    -616.984    -615.738     121.013   601382   601464   601464          601382          601464          601464 0.919256  3041.89     -0.0347955
  0.012     50336.7    -616.993    -615.496      121.02   601376   601464   601464          601376          601464          601464 0.893917  3041.71     -0.0244819
  0.014     42992.2    -617.003    -615.254     121.032   601355   601464   601464          601355          601464          601464 0.904142  3041.58     -0.0180615
  0.016     37483.9    -617.013    -615.012     121.049   601331   601464   601464          601331          601464          601464 0.921919  3041.49     -0.0139829
  0.018     33199.6    -617.023    -614.769     121.069   601316   601464   601464          601316          601464          601464 0.922768  3041.41     -0.0112976
   0.02     29772.3    -617.034    -614.527     121.092   601304   601464   601464          601304          601464          601464 0.918689  3041.35    -0.00942932
  0.022     26968.1    -617.044    -614.285     121.118   601287   601464   601464          601287          601464          601464 0.920242   3041.3     -0.0080398
  0.024     24631.2    -617.055    -614.043     121.145   601277   601464   601464          601277          601464          601464 0.912989  3041.25    -0.00693787
  0.026     22653.9    -617.066      -613.8     121.174   601256   601464   601464          601256          601464          601464 0.918132  3041.21    -0.00601917
  0.028     20959.1    -617.078    -613.558     121.205   601239   601464   601464          601239          601464          601464 0.918729  3041.18    -0.00522844
   0.03     19490.2    -617.089    -613.316     121.237   601222   601464   601464          601222          601464          601464 0.918883  3041.15    -0.00453693
  0.032       18205    -617.101    -613.073     121.271   601211   601464   601464          601211          601464          601464 0.913345  3041.12    -0.00392941
  0.034       17071    -617.113    -612.831     121.307   601190   601464   601464          601190          601464          601464 0.916129   3041.1     -0.0033971
  0.036     16062.9    -617.125    -612.588     121.345   601176   601464   601464          601176          601464          601464 0.912867  3041.08    -0.00293385
  0.038       15161    -617.137    -612.345     121.385   601156   601464   601464          601156          601464          601464 0.91378  3041.06    -0.00253443
   0.04     14349.3    -617.149    -612.102     121.427   601131   601464   601464          601131          601464          601464 0.91812  3041.05    -0.00219372
  0.042     13614.9    -617.161    -611.859     121.471   601112   601464   601464          601112          601464          601464 0.918289  3041.04    -0.00190652
  0.044     12947.3    -617.174    -611.616     121.518   601102   601464   601464          601102          601464          601464 0.912346  3041.03    -0.00166756
  0.046     12337.7    -617.187    -611.373     121.566   601081   601464   601464          601081          601464          601464 0.912525  3041.02     -0.0014716
  0.048     11778.9    -617.199     -611.13     121.617   601058   601464   601464          601058          601464          601464 0.913565  3041.01    -0.00131354
   0.05     11264.8    -617.212    -610.887      121.67   601036   601464   601464          601036          601464          601464 0.914019     3041    -0.00118858
  0.052     10790.3    -617.225    -610.644     121.725   601013   601464   601464          601013          601464          601464 0.914399  3040.99    -0.00109223
  0.054     10350.9    -617.239      -610.4     121.782   600995   601464   601464          600995          601464          601464 0.912143  3040.99    -0.00102038
  0.056     9942.94    -617.252    -610.156     121.841   600975   601464   601464          600975          601464          601464 0.910436  3040.98   -0.000969342
  0.058     9563.09    -617.265    -609.913     121.902   600956   601464   601464          600956          601464          601464 0.907926  3040.97    -0.00093582
   0.06     9208.57    -617.279    -609.669     121.965   600922   601464   601464          600922          601464          601464 0.911444  3040.97    -0.00091692
  0.062     8876.92    -617.293    -609.425      122.03   600912   601464   601464          600912          601464          601464 0.905126  3040.96   -0.000910122
  0.064        8566    -617.307    -609.181     122.098   600884   601464   601464          600884          601464          601464 0.905576  3040.96   -0.000913252
  0.066     8273.93    -617.321    -608.936     122.167   600855   601464   601464          600855          601464          601464 0.905809  3040.95   -0.000924455
  0.068     7999.04    -617.335    -608.692     122.239   600824   601464   601464          600824          601464          601464 0.906444  3040.95   -0.000942166
   0.07     7739.86    -617.349    -608.447     122.314   600798   601464   601464          600798          601464          601464 0.905229  3040.94    -0.00096508
  0.072     7495.08    -617.363    -608.203     122.391   600776   601464   601464          600776          601464          601464 0.902434  3040.94   -0.000992122
  0.074     7263.53    -617.378    -607.958      122.47   600747   601464   601464          600747          601464          601464 0.901471  3040.93    -0.00102242
  0.076     7044.17    -617.393    -607.713     122.554   600731   601464   601464          600731          601464          601464 0.89616  3040.92    -0.00105528
  0.078     6836.06    -617.407    -607.468      122.64   600710   601464   601464          600710          601464          601464 0.892085  3040.92    -0.00109017
   0.08     6638.36    -617.422    -607.222      122.73   600663   601464   601464          600663          601464          601464 0.894618  3040.91    -0.00112668
  0.082     6450.31    -617.437    -606.977     122.824   600626   601464   601464          600626          601464          601464 0.894313   3040.9    -0.00116452
  0.084     6271.21    -617.453    -606.731     122.923   600579   601464   601464          600579          601464          601464 0.89645   3040.9     -0.0012035
  0.086     6100.44    -617.468    -606.485     123.026   600545   601464   601464          600545          601464          601464 0.895123  3040.89    -0.00124351
  0.088     5937.44    -617.483    -606.239     123.135   600479   601464   601464          600479          601464          601464 0.901096  3040.88     -0.0012845
   0.09     5781.68    -617.499    -605.993     123.249   600432   601464   601464          600432          601464          601464 0.902495  3040.87    -0.00132649
  0.092      5632.7    -617.515    -605.746     123.369   600390   601464   601464          600390          601464          601464 0.902523  3040.86    -0.00136953
  0.094     5490.06    -617.531    -605.499     123.496   600346   601464   601464          600346          601464          601464 0.902672  3040.86    -0.00141373
  0.096     5353.36    -617.547    -605.252      123.63   600290   601464   601464          600290          601464          601464 0.904947  3040.85    -0.00145921
  0.098     5222.25    -617.563    -605.005     123.771   600245   601464   601464          600245          601464          601464 0.904837  3040.84    -0.00150611
    0.1     5096.38    -617.579    -604.757     123.921   600192   601464   601464          600192          601464          601464 0.905908  3040.83    -0.00155461
  0.102     4975.45    -617.596    -604.509     124.081   600149   601464   601464          600149          601464          601464 0.904731  3040.82     -0.0016049
  0.104     4859.17    -617.613     -604.26      124.25   600094   601464   601464          600094          601464          601464 0.905329  3040.81    -0.00165717
  0.106     4747.28     -617.63    -604.012     124.429   600054   601464   601464          600054          601464          601464 0.903043   3040.8    -0.00171163
  0.108     4639.53    -617.647    -603.763      124.62   600000   601464   601464          600000          601464          601464 0.90259  3040.79    -0.00176853
   0.11     4535.71    -617.664    -603.513     124.824   599930   601464   601464          599930          601464          601464 0.904268  3040.78    -0.00182809
  0.112     4435.59    -617.681    -603.263      125.04   599880   601464   601464          599880          601464          601464 0.902577  3040.77    -0.00189058
  0.114     4338.99    -617.699    -603.013     125.271   599826   601464   601464          599826          601464          601464 0.901061  3040.75    -0.00195625
  0.116     4245.73    -617.716    -602.762     125.518   599753   601464   601464          599753          601464          601464 0.901746  3040.74     -0.0020254
  0.118     4155.62    -617.734    -602.511     125.781   599681   601464   601464          599681          601464          601464 0.901885  3040.73    -0.00209834
   0.12     4068.52    -617.752    -602.259     126.062   599594   601464   601464          599594          601464          601464 0.903442  3040.72     -0.0021754
  0.122     3984.28    -617.771    -602.007     126.363   599530   601464   601464          599530          601464          601464 0.901762   3040.7    -0.00225692
  0.124     3902.76    -617.789    -601.754     126.684   599473   601464   601464          599473          601464          601464 0.898736  3040.69     -0.0023433
  0.126     3823.82    -617.808      -601.5     127.028   599397   601464   601464          599397          601464          601464 0.897319  3040.67    -0.00243495
  0.128     3747.36    -617.827    -601.246     127.396   599321   601464   601464          599321          601464          601464 0.895462  3040.66    -0.00253231
   0.13     3673.25    -617.846     -600.99     127.791   599221   601464   601464          599221          601464          601464 0.895523  3040.64    -0.00263589
  0.132     3601.38    -617.866    -600.734     128.214   599155   601464   601464          599155          601464          601464 0.891613  3040.63    -0.00274621
  0.134     3531.67    -617.885    -600.478     128.667   599048   601464   601464          599048          601464          601464 0.891153  3040.61    -0.00286385
  0.136     3464.01    -617.905     -600.22     129.153   598919   601464   601464          598919          601464          601464 0.891933  3040.59    -0.00298947
  0.138      3398.3    -617.926    -599.961     129.675   598720   601464   601464          598720          601464          601464 0.898537  3040.57    -0.00312377
   0.14     3334.48    -617.946    -599.701     130.235   598642   601464   601464          598642          601464          601464 0.894183  3040.55    -0.00326752
  0.142     3272.46    -617.967     -599.44     130.837   598396   601464   601464          598396          601464          601464 0.903281  3040.53     -0.0034216
  0.144     3212.17    -617.988    -599.178     131.484   598272   601464   601464          598272          601464          601464 0.901962  3040.51    -0.00358696
  0.146     3153.52    -618.009    -598.914      132.18   598165   601464   601464          598165          601464          601464 0.898752  3040.49     -0.0037647
  0.148     3096.47    -618.031    -598.649     132.929   597953   601464   601464          597953          601464          601464 0.902199  3040.47      -0.003956
   0.15     3040.94    -618.053    -598.382     133.737   597741   601464   601464          597741          601464          601464 0.90512  3040.44    -0.00416225
  0.152     2986.87    -618.076    -598.114     134.608   597549   601464   601464          597549          601464          601464 0.905882  3040.42    -0.00438496
  0.154     2934.21    -618.099    -597.844     135.548   597399   601464   601464          597399          601464          601464 0.903359  3040.39    -0.00462587
  0.156      2882.9    -618.122    -597.572     136.564   597153   601464   601464          597153          601464          601464 0.905411  3040.36    -0.00488694
  0.158      2832.9    -618.145    -597.297     137.663   596876   601464   601464          596876          601464          601464 0.908252  3040.33    -0.00517039
   0.16     2784.14     -618.17    -597.021     138.855   596549   601388   601464          596549          601388          601464 0.91336   3040.3    -0.00547873
  0.162      2736.6    -618.194    -596.742     140.148   596288   601388   601464          596288          601388          601464 0.914201  3040.26     -0.0058148
  0.164     2690.21    -618.219     -596.46     141.553   595912   601388   601464          595912          601388          601464 0.919449  3040.23     -0.0061818
  0.166     2644.95    -618.245    -596.176     143.083   595592   601388   601464          595592          601388          601464 0.921874  3040.19    -0.00658332
  0.168     2600.77    -618.271    -595.888     144.751   595263   601388   601464          595263          601388          601464 0.923448  3040.15    -0.00702341
   0.17     2557.63    -618.298    -595.597     146.573   594902   601388   601464          594902          601388          601464 0.925924   3040.1    -0.00750656
  0.172      2515.5    -618.325    -595.301     148.567   594496   601388   601464          594496          601388          601464 0.928833  3040.05    -0.00803778
  0.174     2474.34    -618.353    -595.002     150.752   594029   601388   601464          594029          601388          601464 0.932948     3040    -0.00862261
  0.176     2434.12    -618.382    -594.698      153.15   593616   601388   601464          593616          601388          601464 0.934518  3039.95     -0.0092671
  0.178     2394.81    -618.412    -594.389     155.786   593247   601388   601464          593247          601388          601464 0.933459  3039.89    -0.00997787
   0.18     2356.37    -618.442    -594.075     158.686   592682   601388   601464          592682          601388          601464 0.936622  3039.83      -0.010762
  0.182     2318.79    -618.473    -593.754     161.878   592252   601331   601464          592252          601331          601464 0.935562  3039.76     -0.0116271
  0.184     2282.02    -618.505    -593.427     165.394   591700   601331   601464          591700          601331          601464 0.935717  3039.69      -0.012581
  0.186     2246.06    -618.538    -593.093     169.264   590795   601331   601464          590795          601331          601464 0.942422  3039.61      -0.013632
  0.188     2210.86    -618.572     -592.75      173.52   589895   601331   601464          589895          601331          601464 0.948219  3039.52     -0.0147881
   0.19     2176.41    -618.608    -592.398     178.193   589128   601331   601464          589128          601331          601464 0.950439  3039.43     -0.0160573
  0.192     2142.69    -618.644    -592.037     183.312   588191   601331   601464          588191          601331          601464 0.9545  3039.33     -0.0174469
  0.194     2109.67    -618.682    -591.665       188.9   587264   601331   601464          587264          601331          601464 0.957427  3039.21     -0.0189632
  0.196     2077.32    -618.721    -591.281     194.973   586503   601331   601464          586503          601331          601464 0.956537  3039.09      -0.020611
  0.198     2045.64    -618.762    -590.885     201.539   585163   601331   601464          585163          601331          601464 0.961375  3038.96     -0.0223931
    0.2     2014.61    -618.805    -590.474     208.592   583350   601331   601464          583350          601331          601464 0.970938  3038.82     -0.0243094
  0.202     1984.19    -618.849     -590.05     216.114   581951   601318   601464          581951          601318          601464 0.976535  3038.67     -0.0263568
  0.204     1954.38    -618.895     -589.61     224.068   581155   595708   601464          581155          595708          601464 0.976489   3038.5     -0.0285284
  0.206     1925.16    -618.943    -589.153     232.402   580365   595708   601464          580365          595708          601464 0.975521  3038.32     -0.0308133
  0.208     1896.51    -618.993     -588.68     241.047   579225   595067   601464          579225          595067          601464 0.976488  3038.13     -0.0331965
   0.21     1868.42    -619.046    -588.189      249.92   578183   595067   601464          578183          595067          601464 0.976527  3037.92     -0.0356593
  0.212     1840.87    -619.101     -587.68     258.928   576959   595067   601464          576959          595067          601464 0.977549  3037.69     -0.0381799
  0.214     1813.85    -619.159    -587.153     267.976   575713   594113   601464          575713          594113          601464 0.978278  3037.45     -0.0407341
  0.216     1787.34    -619.219    -586.608      276.97   573930   594113   601464          573930          594113          601464 0.982229   3037.2     -0.0432974
  0.218     1761.33    -619.283    -586.045     285.827   572914   589951   601464          572914          589951          601464 0.98187  3036.93     -0.0458459
   0.22     1735.81    -619.349    -585.465     294.482   571715   589951   601464          571715          589951          601464 0.98215  3036.64     -0.0483585
  0.222     1710.76    -619.419    -584.868     302.893   570457   587681   601464          570457          587681          601464 0.982454  3036.34     -0.0508184
  0.224     1686.17    -619.492    -584.254     311.041   569467   582871   601464          569467          582871          601464 0.981305  3036.02     -0.0532142
  0.226     1662.04    -619.568    -583.624     318.935   568347   582871   601464          568347          582871          601464 0.980853  3035.69     -0.0555409
  0.228     1638.34    -619.648    -582.978     326.605   567472   582871   601464          567472          582871          601464 0.978657  3035.35     -0.0577999
   0.23     1615.07    -619.732    -582.317     334.094   566290   582613   601422          566290          582613          601422 0.977425  3034.99     -0.0599988
  0.232     1592.22    -619.819    -581.642     341.457   564893   582613   600259          564893          582613          600259 0.972014  3034.62     -0.0621497
  0.234     1569.77     -619.91    -580.952     348.743   563719   581628   598925          563719          581628          598925 0.965692  3034.24     -0.0642677
  0.236     1547.72    -620.005    -580.247     355.995   561840   581626   598118          561840          581626          598118 0.967066  3033.84     -0.0663682
  0.238     1526.06    -620.104    -579.528     363.232   560496   581626   597251          560496          581626          597251 0.965602  3033.43     -0.0684644
   0.24     1504.78    -620.207    -578.794     370.452   558753   581626   596672          558753          581626          596672 0.968488  3033.01     -0.0705644
  0.242     1483.86    -620.314    -578.046     377.623   557230   574013   595842          557230          574013          595842 0.96902  3032.58     -0.0726693
  0.244     1463.31    -620.426    -577.284     384.684   555722   574013   594646          555722          574013          594646 0.967994  3032.13     -0.0747716
  0.246     1443.11    -620.541    -576.507     391.555   554649   574013   593290          554649          574013          593290 0.964458  3031.67     -0.0768546
  0.248     1423.25    -620.662    -575.718     398.134   553272   574013   591972          553272          574013          591972 0.963006   3031.2     -0.0788939
   0.25     1403.73    -620.786    -574.915     404.319   551660   574013   591113          551660          574013          591113 0.965175  3030.71     -0.0808597
  0.252     1384.53    -620.915    -574.101     410.009   550046   574013   590321          550046          574013          590321 0.967758  3030.22       -0.08272
  0.254     1365.66    -621.049    -573.275     415.123   548795   568779   589229          548795          568779          589229 0.967042  3029.71     -0.0844455
  0.256      1347.1    -621.188    -572.441     419.606   547268   568779   588104          547268          568779          588104 0.967547  3029.19     -0.0860132
  0.258     1328.84    -621.331    -571.597     423.437   546141   568779   586820          546141          568779          586820 0.965898  3028.67     -0.0874102
   0.26     1310.89    -621.479    -570.747     426.627   544317   568779   585819          544317          568779          585819 0.968381  3028.14     -0.0886354
  0.262     1293.22    -621.632    -569.891     429.219   543334   561842   584858          543334          561842          584858 0.967239   3027.6     -0.0896996
  0.264     1275.84    -621.789    -569.031     431.279   541509   560083   583978          541509          560083          583978 0.969395  3027.05     -0.0906242
  0.266     1258.74    -621.951    -568.166     432.885   539853   560083   583001          539853          560083          583001 0.971129   3026.5     -0.0914378
  0.268     1241.92    -622.118    -567.299      434.12   538637   559367   581767          538637          559367          581767 0.970374  3025.94     -0.0921722
   0.27     1225.36    -622.289     -566.43     435.057   537443   559367   579782          537443          559367          579782 0.966956  3025.38     -0.0928589
  0.272     1209.06    -622.465    -565.559     435.758   536483   555750   578589          536483          555750          578589 0.966117  3024.82     -0.0935252
  0.274     1193.01    -622.646    -564.687     436.268   535212   555750   577424          535212          555750          577424 0.966421  3024.25     -0.0941926
  0.276     1177.22    -622.831    -563.814     436.616   533907   555750   576040          533907          555750          576040 0.966049  3023.68      -0.094876
  0.278     1161.67    -623.021    -562.941     436.817   532725   551140   574951          532725          551140          574951 0.966481   3023.1     -0.0955846
   0.28     1146.35    -623.216    -562.067     436.881   531238   551140   574107          531238          551140          574107 0.968789  3022.52     -0.0963235
  0.282     1131.27    -623.415    -561.193     436.817   530090   551140   572449          530090          551140          572449 0.966578  3021.94     -0.0970967
  0.284     1116.42    -623.618     -560.32      436.64   529057   551140   571015          529057          551140          571015 0.964687  3021.35     -0.0979092
  0.286     1101.79    -623.826    -559.447     436.373   527793   546532   569956          527793          546532          569956 0.965407  3020.76     -0.0987693
  0.288     1087.38    -624.039    -558.575     436.051   526489   546532   568839          526489          546532          568839 0.965882  3020.16     -0.0996895
   0.29     1073.19    -624.255    -557.703     435.717   525141   546532   567229          525141          546532          567229 0.964734  3019.55      -0.100686
  0.292      1059.2    -624.477    -556.832     435.419   523740   546532   565987          523740          546532          565987 0.965384  3018.94      -0.101779
  0.294     1045.42    -624.702    -555.961     435.203   522815   539909   564728          522815          539909          564728 0.96371  3018.32      -0.102987
  0.296     1031.84    -624.932    -555.091     435.109   521244   539909   563290          521244          539909          563290 0.96418   3017.7      -0.104328
  0.298     1018.46    -625.166     -554.22     435.159   520177   539078   562100          520177          539078          562100 0.963631  3017.06      -0.105813
    0.3     1005.26    -625.404     -553.35     435.358   518969   539078   560723          518969          539078          560723 0.963043  3016.42      -0.107445
  0.302     992.261    -625.647    -552.479     435.688   518005   539078   559794          518005          539078          559794 0.963348  3015.77      -0.109216
  0.304     979.443    -625.893    -551.607      436.11   516721   539075   558777          516721          539075          558777 0.96458   3015.1      -0.111107
  0.306     966.806    -626.144    -550.735     436.564   515510   538773   557742          515510          538773          557742 0.965616  3014.43       -0.11309
  0.308     954.346    -626.399    -549.861     436.978   513998   538773   556563          513998          538773          556563 0.967417  3013.74      -0.115124
   0.31     942.061    -626.658    -548.987     437.275   513008   537160   555799          513008          537160          555799 0.968876  3013.04      -0.117165
  0.312     929.946    -626.921    -548.112     437.378   512082   532328   554607          512082          532328          554607 0.968144  3012.33      -0.119167
  0.314     917.999    -627.188    -547.237     437.227   511267   531097   553391          511267          531097          553391 0.966693   3011.6      -0.121085
  0.316     906.215     -627.46    -546.363     436.777   509692   531096   552251          509692          531096          552251 0.96867  3010.87      -0.122881
  0.318     894.593    -627.735     -545.49     436.013   508670   530322   551311          508670          530322          551311 0.969421  3010.12       -0.12453
   0.32     883.128    -628.014    -544.619     434.947   507739   530322   550256          507739          530322          550256 0.969226  3009.37      -0.126019
  0.322     871.818    -628.297    -543.751     433.624   506813   525625   548910          506813          525625          548910 0.967879  3008.61      -0.127353
  0.324     860.659    -628.584    -542.885     432.114   506078   525625   547884          506078          525625          547884 0.966749  3007.84      -0.128555
  0.326     849.649    -628.875    -542.022     430.513   505276   521314   546792          505276          521314          546792 0.965187  3007.06      -0.129663
  0.328     838.785     -629.17    -541.163     428.935   503805   521314   545250          503805          521314          545250 0.964537  3006.28      -0.130731
   0.33     828.064    -629.469    -540.307     427.504   503065   521314   544169          503065          521314          544169 0.962952  3005.49      -0.131825
  0.332     817.484    -629.771    -539.453     426.348   501978   521314   542690          501978          521314          542690 0.961301  3004.69      -0.133021
  0.334     807.041    -630.077    -538.601     425.592   501089   519143   541934          501089          519143          541934 0.9616  3003.89      -0.134402
  0.336     796.733    -630.386     -537.75     425.352   499835   519143   541021          499835          519143          541021 0.962469  3003.08      -0.136053
  0.338     786.559      -630.7    -536.899     425.732   498645   519143   540191          498645          519143          540191 0.963398  3002.25       -0.13806
   0.34     776.514    -631.016    -536.047      426.82   497557   519143   539352          497557          519143          539352 0.96361  3001.42      -0.140508
  0.342     766.598    -631.337    -535.191     428.687   496622   519143   538313          496622          519143          538313 0.961941  3000.57      -0.143475
  0.344     756.807    -631.661    -534.331     431.387   495453   515695   537210          495453          515695          537210 0.960844  2999.69      -0.147037
  0.346      747.14    -631.989    -533.465     434.958   493833   513806   535712          493833          513806          535712 0.960787   2998.8      -0.151261
  0.348     737.595     -632.32    -532.591     439.424   492833   513806   534764          492833          513806          534764 0.960491  2997.88      -0.156209
   0.35     728.169    -632.655    -531.707     444.798   491592   513699   533800          491592          513699          533800 0.960948  2996.93      -0.161933
  0.352     718.861    -632.994    -530.811     451.086   490632   513699   532677          490632          513699          532677 0.959146  2995.94      -0.168482
  0.354     709.669    -633.336    -529.902     458.289   489479   513699   531891          489479          513699          531891 0.959214   2994.9      -0.175898
  0.356      700.59    -633.682    -528.977     466.407   488194   509728   531248          488194          509728          531248 0.959963  2993.83      -0.184218
  0.358     691.624    -634.033    -528.036     475.444   486148   509551   530169          486148          509551          530169 0.961667   2992.7      -0.193477
   0.36     682.769    -634.387    -527.075     485.407   484863   509551   529062          484863          509551          529062 0.960466  2991.51       -0.20371
  0.362     674.023    -634.745    -526.093     496.314   483524   508435   528359          483524          508435          528359 0.960679  2990.26      -0.214958
  0.364     665.384    -635.107    -525.089     508.194   482056   508435   527287          482056          508435          527287 0.959461  2988.94      -0.227269
  0.366     656.851    -635.474     -524.06     521.093   479917   503666   526572          479917          503666          526572 0.962365  2987.54      -0.240713
  0.368     648.423    -635.845    -523.004     535.081   477398   502258   525707          477398          502258          525707 0.965875  2986.06      -0.255395
   0.37     640.099    -636.221    -521.919     550.275   475859   502258   524493          475859          502258          524493 0.964684  2984.48      -0.271484
  0.372     631.876    -636.601    -520.802     566.861   474158   502258   523755          474158          502258          523755 0.965814  2982.81      -0.289259
  0.374     623.754    -636.986     -519.65     585.151   472911   499968   522683          472911          499968          522683 0.963834  2981.03      -0.309183
  0.376     615.732    -637.376     -518.46      605.67   470411   499000   521930          470411          499000          521930 0.967009  2979.12       -0.33203
  0.378     607.808    -637.771    -517.226     629.296   468965   498734   521274          468965          498734          521274 0.966862  2977.06      -0.359091
   0.38     599.982    -638.171     -515.94     657.491   467728   494375   520088          467728          494375          520088 0.963065  2974.83      -0.392498
  0.382     592.253    -638.578    -514.591     692.638   466180   494375   519185          466180          494375          519185 0.960234  2972.37      -0.435741
  0.384      584.62     -638.99    -513.162     738.541   463693   493081   517953          463693          493081          517953 0.958016  2969.62      -0.494426
  0.386     577.082    -639.409    -511.626     801.088   462444   493081   516960          462444          493081          516960 0.950669  2966.45      -0.577359
  0.388     569.641    -639.834    -509.941     888.989   458221   493081   515956          458221          493081          515956 0.949995   2962.7      -0.697858
   0.39     562.296    -640.268    -508.045     1014.25   456327   493081   514917          456327          493081          514917 0.937949  2958.07       -0.87491
  0.392      555.05    -640.711    -505.849     1191.52   452473   486268   514046          452473          486268          514046 0.92615  2952.19       -1.13294
  0.394     547.905    -641.165    -503.235     1434.49   442294   486268   512626          442294          486268          512626 0.922909  2944.49       -1.49761
  0.396     540.867    -641.632    -500.064      1747.1   414711   476843   510702          414711          476843          510702 0.968296  2934.32       -1.98354
  0.398      533.94    -642.116    -496.213     2108.83   408063   476843   509569          408063          476843          509569 0.976814  2921.02       -2.57178
    0.4     527.133     -642.62    -491.634        2461   403885   476843   507880          403885          476843          507880 0.981156  2904.23       -3.18461
  0.402     520.451    -643.147    -486.436     2711.93   401418   476843   505548          401418          476843          505548 0.981687  2884.26       -3.68437
  0.404     513.899      -643.7    -480.913     2776.06   398871   416513   503805          398871          416513          503805 0.984276  2862.25       -3.92466
  0.406     507.476    -644.278    -475.476     2627.45   398452   416319   498938          398452          416319          498938 0.977496  2839.97       -3.83571
  0.408     501.176    -644.882    -470.511     2317.59   397145   416319   493147          397145          416319          493147 0.971287  2819.19       -3.46828
   0.41      494.99    -645.507    -466.251     1938.72   396165   416319   484753          396165          416319          484753 0.959548  2801.12       -2.95205
  0.412     488.907    -646.149    -462.747     1571.95   395396   416319   477445          395396          416319          477445 0.952422  2786.13       -2.41642
  0.414     482.917    -646.806    -459.925     1262.03   394442   415405   447672          394442          415405          447672 0.88254  2774.05       -1.94251
  0.416     477.011    -647.474    -457.653     1020.97   393678   415405   445768          393678          415405          445768 0.910147   2764.4       -1.56066
  0.418     471.183    -648.151    -455.799     842.428   393105   415405   441006          393105          415405          441006 0.918558  2756.62       -1.26927
   0.42     465.427    -648.834     -454.25     713.539   392723   410106   438236          392723          410106          438236 0.928103  2750.26       -1.05314
  0.422     459.739    -649.523     -452.92     621.399   392124   408732   436449          392124          408732          436449 0.93753  2744.93      -0.894554
  0.424     454.115    -650.218    -451.747     555.438   391481   408732   433668          391481          408732          433668 0.940123  2740.36      -0.777975
  0.426     448.555    -650.916    -450.687     507.776   390933   408732   431880          390933          408732          431880 0.944087  2736.35       -0.69136
  0.428     443.054    -651.617    -449.708     472.824   390485   408732   429763          390485          408732          429763 0.944998  2732.75      -0.625897
   0.43     437.613    -652.323    -448.789     446.708   390043   405933   428698          390043          405933          428698 0.949006  2729.48      -0.575339
  0.432     432.229    -653.031    -447.917     426.772   389670   405933   428083          389670          405933          428083 0.953417  2726.45      -0.535318
  0.434     426.901    -653.742    -447.079     411.198   389141   405933   427243          389141          405933          427243 0.956423  2723.63      -0.502795
  0.436     421.628    -654.455     -446.27     398.735   388772   405933   426153          388772          405933          426153 0.956752  2720.97      -0.475649
  0.438     416.409    -655.172    -445.483     388.514   388375   405933   424923          388375          405933          424923 0.956124  2718.44      -0.452394
   0.44     411.243     -655.89    -444.715     379.926   388155   404241   424172          388155          404241          424172 0.956542  2716.04      -0.431976
  0.442      406.13    -656.611    -443.963      372.54   387509   404241   423539          387509          404241          423539 0.959084  2713.75      -0.413649
  0.444     401.067    -657.335    -443.224     366.045   386905   404241   422973          386905          404241          422973 0.961542  2711.55      -0.396874
  0.446     396.055     -658.06    -442.498     360.218   386514   404131   422270          386514          404131          422270 0.962018  2709.44      -0.381265
  0.448     391.092    -658.788    -441.783     354.895   385733   404131   421088          385733          404131          421088 0.962284  2707.41      -0.366542
   0.45     386.179    -659.518    -441.078     349.956   385354   404131   420710          385354          404131          420710 0.964318  2705.47      -0.352505
  0.452     381.313     -660.25    -440.383     345.314   384886   404093   420132          384886          404093          420132 0.965585   2703.6      -0.339008
  0.454     376.494    -660.984    -439.697     340.904   384258   404093   419633          384258          404093          419633 0.967848   2701.8      -0.325952
  0.456     371.722    -661.719    -439.019     336.682   383818   396353   418906          383818          396353          418906 0.968094  2700.07      -0.313267
  0.458     366.996    -662.457     -438.35     332.613   383596   396353   418244          383596          396353          418244 0.967527  2698.42      -0.300907
   0.46     362.315    -663.197    -437.689     328.676   383254   396353   417626          383254          396353          417626 0.967628  2696.83      -0.288844
  0.462     357.679    -663.938    -437.035     324.856   382875   394897   417190          382875          394897          417190 0.968659   2695.3      -0.277063
  0.464     353.086    -664.681    -436.389     321.144   382549   394897   416649          382549          394897          416649 0.968849  2693.84      -0.265556
  0.466     348.536    -665.426     -435.75     317.534   382316   394897   416039          382316          394897          416039 0.967995  2692.44      -0.254324
  0.468     344.029    -666.173    -435.119     314.024   382097   393733   415218          382097          393733          415218 0.965896   2691.1      -0.243369
   0.47     339.564    -666.921    -434.494     310.615   381774   393733   413972          381774          393733          413972 0.962368  2689.82      -0.232699
  0.472      335.14    -667.671    -433.876     307.307   381446   393733   413571          381446          393733          413571 0.963605   2688.6      -0.222318
  0.474     330.757    -668.422    -433.265     304.102   381277   393733   412921          381277          393733          412921 0.962286  2687.43      -0.212235
  0.476     326.413    -669.175     -432.66     301.002   381011   393733   411921          381011          393733          411921 0.959511  2686.31      -0.202454
  0.478      322.11     -669.93    -432.061      298.01   380841   393733   411482          380841          393733          411482 0.95951  2685.25      -0.192979
   0.48     317.845    -670.686    -431.468     295.126   380464   393733   410879          380464          393733          410879 0.959704  2684.24      -0.183814
  0.482     313.619    -671.443     -430.88     292.353   380187   393733   410626          380187          393733          410626 0.961302  2683.28      -0.174959
  0.484      309.43    -672.202    -430.298      289.69   380050   393733   410250          380050          393733          410250 0.961008  2682.36      -0.166412
  0.486     305.279    -672.962    -429.721     287.138   379806   393733   409541          379806          393733          409541 0.959128  2681.49      -0.158171
  0.488     301.165    -673.724     -429.15     284.695   379598   393733   409180          379598          393733          409180 0.959236  2680.66       -0.15023
   0.49     297.087    -674.487    -428.583     282.361   379295   393733   408926          379295          393733          408926 0.96046  2679.88      -0.142584
  0.492     293.045    -675.251     -428.02     280.135   378865   393733   408379          378865          393733          408379 0.960551  2679.14      -0.135225
  0.494     289.039    -676.017    -427.462     278.012   378545   393733   408105          378545          393733          408105 0.961722  2678.43      -0.128143
  0.496     285.067    -676.784    -426.908     275.992   378159   390711   407663          378159          390711          407663 0.962147  2677.76      -0.121329
  0.498      281.13    -677.552    -426.358      274.07   377694   390711   407301          377694          390711          407301 0.963598  2677.13      -0.114772
    0.5     277.226    -678.322    -425.812     272.244   377253   390711   406807          377253          390711          406807 0.964188  2676.53      -0.108459
  0.502     273.357    -679.092    -425.269      270.51   376964   390711   406408          376964          390711          406408 0.964477  2675.97       -0.10238
  0.504      269.52    -679.864     -424.73     268.864   376740   390711   406084          376740          390711          406084 0.964743  2675.44     -0.0965227
  0.506     265.716    -680.637    -424.193     267.303   376463   390711   405628          376463          390711          405628 0.964493  2674.93     -0.0908744
  0.508     261.944    -681.411     -423.66     265.823   376278   390711   405254          376278          390711          405254 0.964152  2674.46     -0.0854234
   0.51     258.204    -682.187     -423.13      264.42   376101   390711   404887          376101          390711          404887 0.963688  2674.02     -0.0801578
  0.512     254.496    -682.963    -422.603     263.092   375719   390711   404494          375719          390711          404494 0.964255  2673.61     -0.0750661
  0.514     250.818    -683.741    -422.078     261.833   375410   389368   404252          375410          389368          404252 0.96529  2673.22     -0.0701372
  0.516     247.171    -684.519    -421.555     260.641   375108   389368   403766          375108          389368          403766 0.964767  2672.86     -0.0653604
  0.518     243.555    -685.299    -421.035     259.513   374711   385794   403101          374711          385794          403101 0.963848  2672.52     -0.0607256
   0.52     239.968     -686.08    -420.517     258.445   374521   385794   402614          374521          385794          402614 0.962867  2672.21      -0.056223
  0.522     236.411    -686.862    -420.001     257.435   374377   385794   402110          374377          385794          402110 0.96145  2671.92     -0.0518438
  0.524     232.883    -687.645    -419.487      256.48   374089   385794   401632          374089          385794          401632 0.961051  2671.65     -0.0475793
  0.526     229.384    -688.429    -418.975     255.577   373837   385794   401111          373837          385794          401111 0.960173  2671.41     -0.0434219
  0.528     225.913    -689.214    -418.465     254.724   373604   385794   400910          373604          385794          400910 0.961124  2671.19      -0.039364
   0.53      222.47        -690    -417.956     253.918   373447   385794   400567          373447          385794          400567 0.960539  2670.99     -0.0353992
  0.532     219.055    -690.787    -417.449     253.158   372965   384356   399933          372965          384356          399933 0.960321  2670.81     -0.0315212
  0.534     215.668    -691.575    -416.944      252.44   372860   384356   399618          372860          384356          399618 0.959718  2670.65     -0.0277245
  0.536     212.308    -692.364    -416.439     251.764   372513   384356   399359          372513          384356          399359 0.960978  2670.51     -0.0240041
  0.538     208.974    -693.154    -415.937     251.126   372021   383834   399108          372021          383834          399108 0.963241  2670.39     -0.0203553
   0.54     205.667    -693.945    -415.435     250.526   371853   383834   398852          371853          383834          398852 0.963326   2670.3     -0.0167742
  0.542     202.387    -694.737    -414.934     249.961   371659   383834   398313          371659          383834          398313 0.96171  2670.22     -0.0132571
  0.544     199.132     -695.53    -414.435      249.43   371545   383834   398092          371545          383834          398092 0.961613  2670.15     -0.0098007
  0.546     195.903    -696.324    -413.937     248.931   371416   382703   397831          371416          382703          397831 0.961202  2670.11    -0.00640231
  0.548     192.699    -697.119    -413.439     248.462   371099   382703   397589          371099          382703          397589 0.962182  2670.09    -0.00305941
   0.55      189.52    -697.915    -412.943     248.022   370980   382590   397332          370980          382590          397332 0.961591  2670.08    0.000230129
  0.552     186.365    -698.712    -412.447     247.608   370744   382590   397117          370744          382590          397117 0.961996  2670.09     0.00346815
  0.554     183.236    -699.509    -411.952      247.22   370254   382590   396843          370254          382590          396843 0.963842  2670.11     0.00665621
  0.556      180.13    -700.308    -411.458     246.856   370007   382590   396639          370007          382590          396639 0.964531  2670.16     0.00979565
  0.558     177.048    -701.107    -410.965     246.514   369845   382590   396448          369845          382590          396448 0.964619  2670.22      0.0128876
   0.56      173.99    -701.908    -410.472     246.193   369686   382590   396133          369686          382590          396133 0.963745   2670.3      0.0159328
  0.562     170.955    -702.709     -409.98     245.891   369442   382590   395847          369442          382590          395847 0.963698  2670.39      0.0189322
  0.564     167.944    -703.511    -409.489     245.607   369158   382590   395609          369158          382590          395609 0.964269   2670.5      0.0218863
  0.566     164.955    -704.314    -408.998     245.338   368989   382590   395379          368989          382590          395379 0.964064  2670.62      0.0247956
  0.568     161.989    -705.118    -408.507     245.085   368752   381497   395183          368752          381497          395183 0.964535  2670.76      0.0276603
   0.57     159.045    -705.923    -408.017     244.844   368566   381497   394993          368566          381497          394993 0.964648  2670.92      0.0304808
  0.572     156.123    -706.729    -407.528     244.616   368343   381497   394757          368343          381497          394757 0.9646  2671.09      0.0332573
  0.574     153.223    -707.535    -407.039     244.398   368006   381497   394570          368006          381497          394570 0.965729  2671.27      0.0359898
  0.576     150.345    -708.343     -406.55     244.189   367838   381497   394308          367838          381497          394308 0.965183  2671.47      0.0386785
  0.578     147.489    -709.151    -406.062     243.988   367513   381497   394125          367513          381497          394125 0.966278  2671.69      0.0413233
   0.58     144.653     -709.96    -405.574     243.794   367313   381497   393926          367313          381497          393926 0.966363  2671.91      0.0439244
  0.582     141.838     -710.77    -405.087     243.605   367027   381497   393752          367027          381497          393752 0.967172  2672.16      0.0464818
  0.584     139.045    -711.581      -404.6     243.421   366803   381497   393439          366803          381497          393439 0.966659  2672.41      0.0489954
  0.586     136.271    -712.393    -404.113     243.241   366618   381497   393157          366618          381497          393157 0.966113  2672.68      0.0514653
  0.588     133.518    -713.206    -403.627     243.063   366453   377092   392772          366453          377092          392772 0.964785  2672.96      0.0538916
   0.59     130.785    -714.019    -403.141     242.888   366103   377092   392434          366103          377092          392434 0.965036  2673.26      0.0562744
  0.592     128.072    -714.833    -402.655     242.713   365913   377092   392232          365913          377092          392232 0.96514  2673.56      0.0586137
  0.594     125.379    -715.648     -402.17     242.538   365698   377092   392018          365698          377092          392018 0.965263  2673.88      0.0609098
  0.596     122.705    -716.464    -401.685     242.363   365427   377092   391811          365427          377092          391811 0.965824  2674.21      0.0631627
  0.598      120.05    -717.281    -401.201     242.187   365268   377092   391551          365268          377092          391551 0.965232  2674.56      0.0653728
    0.6     117.414    -718.098    -400.717      242.01   364992   377092   391320          364992          377092          391320 0.965647  2674.91      0.0675403
  0.602     114.797    -718.917    -400.233     241.831   364797   377092   391064          364797          377092          391064 0.965373  2675.28      0.0696654
  0.604     112.199    -719.736    -399.749     241.649   364582   377092   390835          364582          377092          390835 0.965373  2675.66      0.0717486
  0.606      109.62    -720.556    -399.266     241.465   364375   377092   390555          364375          377092          390555 0.964955  2676.05      0.0737903
  0.608     107.058    -721.377    -398.783     241.278   364185   377092   390309          364185          377092          390309 0.964684  2676.45      0.0757908
   0.61     104.515    -722.198    -398.301     241.088   363917   377092   390057          363917          377092          390057 0.964925  2676.86      0.0777508
  0.612      101.99    -723.021    -397.819     240.895   363493   377092   389772          363493          377092          389772 0.966066  2677.28      0.0796706
  0.614      99.482    -723.844    -397.337     240.699   363362   377092   389575          363362          377092          389575 0.965876  2677.71      0.0815508
  0.616     96.9919    -724.668    -396.856     240.499   363021   377092   389411          363021          377092          389411 0.967329  2678.15      0.0833921
  0.618     94.5193    -725.492    -396.375     240.295   362864   376529   389224          362864          376529          389224 0.967382  2678.61       0.085195
   0.62     92.0638    -726.318    -395.895     240.088   362688   376529   388930          362688          376529          388930 0.966841  2679.07      0.0869602
  0.622     89.6254    -727.144    -395.415     239.878   362513   374713   388645          362513          374713          388645 0.966348  2679.54      0.0886884
  0.624     87.2039    -727.971    -394.936     239.664   362333   374713   388397          362333          374713          388397 0.966149  2680.02      0.0903803
  0.626      84.799    -728.799    -394.456     239.447   362204   374713   387993          362204          374713          387993 0.96461  2680.51      0.0920365
  0.628     82.4107    -729.627    -393.978     239.226   361818   372022   387778          361818          372022          387778 0.966086     2681      0.0936579
   0.63     80.0387    -730.457      -393.5     239.002   361662   372022   387639          361662          372022          387639 0.966525  2681.51      0.0952451
  0.632      77.683    -731.287    -393.022     238.775   361456   372022   387339          361456          372022          387339 0.966201  2682.03      0.0967989
  0.634     75.3433    -732.118    -392.544     238.545   361300   372022   387198          361300          372022          387198 0.966615  2682.55      0.0983201
  0.636     73.0195    -732.949    -392.068     238.313   361191   372022   386993          361191          372022          386993 0.966198  2683.08      0.0998095
  0.638     70.7114    -733.782    -391.591     238.077   361059   372022   386766          361059          372022          386766 0.965756  2683.62       0.101268
   0.64      68.419    -734.615    -391.115     237.839   360879   372022   386457          360879          372022          386457 0.965079  2684.17       0.102696
  0.642     66.1419    -735.449     -390.64     237.598   360680   372022   386283          360680          372022          386283 0.965467  2684.72       0.104094
  0.644     63.8801    -736.283    -390.165     237.354   360441   372022   386120          360441          372022          386120 0.966235  2685.29       0.105464
  0.646     61.6335    -737.118     -389.69     237.109   360218   372022   385948          360218          372022          385948 0.96685  2685.86       0.106806
  0.648     59.4019    -737.954    -389.216     236.861   360091   372022   385813          360091          372022          385813  0.967  2686.43        0.10812
   0.65      57.185    -738.791    -388.743     236.611   359939   372022   385563          359939          372022          385563 0.966512  2687.02       0.109408
  0.652     54.9829    -739.628     -388.27     236.359   359742   372022   385274          359742          372022          385274 0.966073  2687.61       0.110671
  0.654     52.7954    -740.467    -387.798     236.105   359608   372022   385062          359608          372022          385062 0.965742  2688.21       0.111908
  0.656     50.6223    -741.305    -387.326     235.849   359533   372022   384865          359533          372022          384865 0.965056  2688.81       0.113122
  0.658     48.4634    -742.145    -386.854     235.592   359373   372022   384648          359373          372022          384648 0.964813  2689.42       0.114312
   0.66     46.3187    -742.985    -386.383     235.333   359093   372022   384546          359093          372022          384546 0.96625  2690.04       0.115479
  0.662      44.188    -743.826    -385.913     235.073   358911   372022   384433          358911          372022          384433 0.966897  2690.67       0.116625
  0.664     42.0713    -744.668    -385.443     234.812   358623   372022   384235          358623          372022          384235 0.967696   2691.3       0.117749
  0.666     39.9682     -745.51    -384.974      234.55   358499   370025   384068          358499          370025          384068 0.967568  2691.93       0.118853
  0.668     37.8788    -746.353    -384.505     234.287   358372   370025   383908          358372          370025          383908 0.967471  2692.58       0.119938
   0.67     35.8029    -747.197    -384.036     234.023   358212   370025   383678          358212          370025          383678 0.967095  2693.23       0.121003
  0.672     33.7403    -748.041    -383.569     233.759   357937   370025   383472          357937          370025          383472 0.967753  2693.88       0.122051
  0.674      31.691    -748.886    -383.101     233.495   357858   370025   383299          357858          370025          383299 0.967246  2694.54       0.123081
  0.676     29.6548    -749.732    -382.635      233.23   357765   370025   383035          357765          370025          383035 0.966186  2695.21       0.124095
  0.678     27.6316    -750.579    -382.168     232.966   357471   370025   382916          357471          370025          382916 0.967562  2695.88       0.125093
   0.68     25.6213    -751.426    -381.703     232.702   357268   370025   382784          357268          370025          382784 0.968226  2696.56       0.126075
  0.682     23.6238    -752.273    -381.238     232.438   357113   370025   382638          357113          370025          382638 0.968442  2697.24       0.127044
  0.684     21.6389    -753.122    -380.773     232.176   356963   370025   382427          356963          370025          382427 0.968159  2697.93       0.127999
  0.686     19.6665    -753.971    -380.309     231.915   356812   370025   382148          356812          370025          382148 0.967437  2698.62       0.128941
  0.688     17.7066    -754.821    -379.845     231.655   356584   370025   382002          356584          370025          382002 0.9682  2699.32       0.129871
   0.69     15.7589    -755.671    -379.382     231.398   356472   370025   381870          356472          370025          381870 0.968228  2700.02        0.13079
  0.692     13.8235    -756.522     -378.92     231.142   356353   370025   381686          356353          370025          381686 0.967908  2700.73       0.131699
  0.694     11.9001    -757.374    -378.458      230.89   356267   367657   381530          356267          367657          381530 0.967523  2701.45       0.132597
  0.696     9.98867    -758.226    -377.996      230.64   356123   367657   381231          356123          367657          381231 0.966536  2702.16       0.133487
  0.698     8.08913    -759.079    -377.535     230.393   356019   367657   381055          356019          367657          381055 0.966114  2702.89       0.134369
    0.7     6.20135    -759.933    -377.075     230.151   355812   367657   380764          355812          367657          380764 0.965598  2703.62       0.135243
  0.702     4.32522    -760.787    -376.615     229.912   355725   367657   380615          355725          367657          380615 0.965231  2704.35       0.136111
  0.704     2.46064    -761.642    -376.155     229.678   355637   367657   380476          355637          367657          380476 0.964872  2705.09       0.136972
  0.706    0.607511    -762.497    -375.696     229.449   355442   367657   380228          355442          367657          380228 0.964488  2705.83       0.137828
  0.708    -1.23428    -763.353    -375.237     229.225   355294   367657   379940          355294          367657          379940 0.963521  2706.58        0.13868
   0.71    -3.06482     -764.21    -374.779     229.008   355022   365455   379643          355022          365455          379643 0.963381  2707.33       0.139528
  0.712    -4.88421    -765.067    -374.321     228.796   354752   365455   379444          354752          365455          379444 0.963954  2708.09       0.140372
  0.714    -6.69256    -765.925    -373.864     228.591   354698   365455   379209          354698          365455          379209 0.962794  2708.85       0.141214
  0.716    -8.48995    -766.783    -373.407     228.393   354471   365455   379026          354471          365455          379026 0.963133  2709.62       0.142054
  0.718    -10.2765    -767.643     -372.95     228.203   354326   365455   378891          354326          365455          378891 0.963238  2710.39       0.142893
   0.72    -12.0523    -768.502    -372.494      228.02   354114   364864   378693          354114          364864          378693 0.963365  2711.17       0.143731
  0.722    -13.8174    -769.363    -372.038     227.846   353835   364864   378454          353835          364864          378454 0.96364  2711.95       0.144569
  0.724    -15.5719    -770.224    -371.583      227.68   353677   364864   378291          353677          364864          378291 0.963688  2712.74       0.145407
  0.726    -17.3159    -771.085    -371.127     227.523   353541   363497   378135          353541          363497          378135 0.963563  2713.53       0.146245
  0.728    -19.0496    -771.947    -370.672     227.376   353445   363497   377996          353445          363497          377996 0.963239  2714.33       0.147085
   0.73    -20.7729     -772.81    -370.218     227.238   353289   363497   377815          353289          363497          377815 0.963019  2715.13       0.147926
  0.732     -22.486    -773.673    -369.764      227.11   353077   363497   377680          353077          363497          377680 0.963511  2715.93       0.148769
  0.734     -24.189    -774.537    -369.309     226.992   352922   363076   377547          352922          363076          377547 0.963596  2716.74       0.149615
  0.736     -25.882    -775.401    -368.856     226.884   352672   363076   377389          352672          363076          377389 0.964175  2717.56       0.150462
  0.738    -27.5649    -776.266    -368.402     226.788   352541   363076   377210          352541          363076          377210 0.963754  2718.38       0.151313
   0.74     -29.238    -777.132    -367.948     226.701   352407   363076   377039          352407          363076          377039 0.963387   2719.2       0.152166
  0.742    -30.9013    -777.998    -367.495     226.626   352233   363076   376852          352233          363076          376852 0.963174  2720.03       0.153022
  0.744    -32.5549    -778.865    -367.042     226.562   351841   363076   376636          351841          363076          376636 0.964437  2720.87       0.153881
  0.746    -34.1989    -779.732    -366.589     226.509   351769   363076   376331          351769          363076          376331 0.962706  2721.71       0.154743
  0.748    -35.8332      -780.6    -366.136     226.468   351568   363076   376036          351568          363076          376036 0.962068  2722.55       0.155608
   0.75    -37.4582    -781.469    -365.683     226.437   351420   363076   375905          351420          363076          375905 0.962277   2723.4       0.156475
  0.752    -39.0737    -782.338     -365.23     226.418   351313   363076   375737          351313          363076          375737 0.961866  2724.26       0.157346
  0.754    -40.6799    -783.207    -364.777     226.409   350977   363076   375579          350977          363076          375579 0.963281  2725.12       0.158219
  0.756    -42.2768    -784.078    -364.324     226.412   350875   363076   375473          350875          363076          375473 0.963322  2725.98       0.159094
  0.758    -43.8646    -784.948    -363.872     226.426   350787   363076   375270          350787          363076          375270 0.962514  2726.85       0.159971
   0.76    -45.4433     -785.82    -363.419     226.451   350430   363076   375124          350430          363076          375124 0.964167  2727.73        0.16085
  0.762     -47.013    -786.692    -362.966     226.486   350187   361467   374944          350187          361467          374944 0.964785  2728.61        0.16173
  0.764    -48.5737    -787.564    -362.513     226.532   350136   361467   374814          350136          361467          374814 0.964318  2729.49        0.16261
  0.766    -50.1255    -788.437     -362.06     226.587   350056   361467   374729          350056          361467          374729 0.964341  2730.38       0.163491
  0.768    -51.6686     -789.31    -361.606     226.653   349955   361467   374558          349955          361467          374558 0.963826  2731.28       0.164372
   0.77    -53.2029    -790.185    -361.153     226.728   349837   361467   374322          349837          361467          374322 0.962954  2732.18       0.165252
  0.772    -54.7285    -791.059    -360.699     226.813   349695   361467   374172          349695          361467          374172 0.962903  2733.09       0.166131
  0.774    -56.2455    -791.934    -360.246     226.906   349574   361467   374010          349574          361467          374010 0.962587     2734       0.167008
  0.776     -57.754     -792.81    -359.792     227.008   349297   361467   373873          349297          361467          373873 0.963613  2734.91       0.167883
  0.778     -59.254    -793.686    -359.338     227.117   349108   361467   373669          349108          361467          373669 0.963527  2735.83       0.168754
   0.78    -60.7457    -794.563    -358.883     227.235   349029   361467   373466          349029          361467          373466 0.962618  2736.76       0.169621
  0.782     -62.229    -795.441    -358.429     227.359   348934   361467   373368          348934          361467          373368 0.962603  2737.69       0.170484
  0.784     -63.704    -796.319    -357.974      227.49   348734   360238   373258          348734          360238          373258 0.963255  2738.63       0.171341
  0.786    -65.1708    -797.197    -357.519     227.627   348605   360238   373145          348605          360238          373145 0.963342  2739.57       0.172192
  0.788    -66.6295    -798.076    -357.063      227.77   348238   360238   372987          348238          360238          372987 0.964928  2740.51       0.173036
   0.79    -68.0801    -798.956    -356.608     227.918   347985   360238   372787          347985          360238          372787 0.965426  2741.46       0.173873
  0.792    -69.5227    -799.836    -356.152     228.071   347879   360238   372688          347879          360238          372688 0.965575  2742.42       0.174701
  0.794    -70.9573    -800.717    -355.695     228.227   347659   360238   372547          347659          360238          372547 0.966284  2743.38       0.175521
  0.796    -72.3841    -801.598    -355.239     228.388   347533   360238   372443          347533          360238          372443 0.966546  2744.34       0.176331
  0.798     -73.803     -802.48    -354.782     228.551   347351   360238   372280          347351          360238          372280 0.966783  2745.32        0.17713
    0.8    -75.2141    -803.362    -354.325     228.717   347206   360238   372182          347206          360238          372182 0.967235  2746.29       0.177918
  0.802    -76.6175    -804.245    -353.867     228.884   347078   360238   372101          347078          360238          372101 0.967659  2747.27       0.178695
  0.804    -78.0133    -805.128    -353.409     229.053   347005   360238   372023          347005          360238          372023 0.967667  2748.25       0.179459
  0.806    -79.4014    -806.012    -352.951     229.223   346939   360238   371832          346939          360238          371832 0.966753  2749.24        0.18021
  0.808    -80.7821    -806.897    -352.492     229.393   346712   360238   371715          346712          360238          371715 0.967574  2750.24       0.180947
   0.81    -82.1552    -807.782    -352.033     229.564   346576   360238   371384          346576          360238          371384 0.966208  2751.23       0.181671
  0.812    -83.5209    -808.667    -351.574     229.733   346433   360238   371298          346433          360238          371298 0.966694  2752.23        0.18238
  0.814    -84.8792    -809.553    -351.114     229.902   346343   360238   371197          346343          360238          371197 0.966654  2753.24       0.183074
  0.816    -86.2302     -810.44    -350.654     230.069   346247   358623   371028          346247          358623          371028 0.966128  2754.25       0.183753
  0.818    -87.5739    -811.327    -350.194     230.234   346164   358623   370814          346164          358623          370814 0.965208  2755.26       0.184417
   0.82    -88.9105    -812.215    -349.733     230.398   346065   358623   370691          346065          358623          370691 0.965015  2756.28       0.185064
  0.822    -90.2398    -813.103    -349.272     230.558   345954   358623   370610          345954          358623          370610 0.965159  2757.31       0.185695
  0.824    -91.5621    -813.992    -348.811     230.716   345909   357937   370484          345909          357937          370484 0.964479  2758.33        0.18631
  0.826    -92.8773    -814.881     -348.35      230.87   345756   357937   370373          345756          357937          370373 0.964611  2759.36       0.186909
  0.828    -94.1855    -815.771    -347.888     231.021   345644   357937   370289          345644          357937          370289 0.964629  2760.39       0.187491
   0.83    -95.4868    -816.662    -347.426     231.168   345550   357937   370149          345550          357937          370149 0.964088  2761.43       0.188058
  0.832    -96.7811    -817.553    -346.963     231.311   345344   357937   370038          345344          357937          370038 0.964522  2762.47       0.188607
  0.834    -98.0686    -818.444      -346.5      231.45   345225   357240   369856          345225          357240          369856 0.963864  2763.52       0.189141
  0.836    -99.3493    -819.336    -346.037     231.585   344833   357240   369631          344833          357240          369631 0.964878  2764.56       0.189659
  0.838    -100.623    -820.229    -345.574     231.716   344502   357240   369482          344502          357240          369482 0.966041  2765.61       0.190162
   0.84    -101.891    -821.122     -345.11     231.842   344387   357240   369385          344387          357240          369385 0.966087  2766.67       0.190649
  0.842    -103.151    -822.015    -344.647     231.963   344236   357240   369236          344236          357240          369236  0.966  2767.72       0.191121
  0.844    -104.405     -822.91    -344.183     232.081   344017   357240   369121          344017          357240          369121 0.966636  2768.78       0.191579
  0.846    -105.653    -823.804    -343.718     232.193   343860   357240   368931          343860          357240          368931 0.966339  2769.84       0.192024
  0.848    -106.893      -824.7    -343.254     232.301   343696   357240   368786          343696          357240          368786 0.966406  2770.91       0.192455
   0.85    -108.128    -825.595    -342.789     232.405   343589   357240   368669          343589          357240          368669 0.966269  2771.98       0.192873
  0.852    -109.356    -826.492    -342.324     232.505   343327   357240   368458          343327          357240          368458 0.966529  2773.05        0.19328
  0.854    -110.578    -827.388    -341.859     232.601   343181   356611   368362          343181          356611          368362 0.966833  2774.12       0.193675
  0.856    -111.793    -828.286    -341.394     232.693   342912   356611   368264          342912          356611          368264 0.967939   2775.2        0.19406
  0.858    -113.002    -829.184    -340.928     232.781   342807   356611   368151          342807          356611          368151 0.967856  2776.28       0.194436
   0.86    -114.205    -830.082    -340.463     232.866   342628   356611   368065          342628          356611          368065 0.968427  2777.36       0.194802
  0.862    -115.402    -830.981    -339.997     232.948   342494   356611   367959          342494          356611          367959 0.968552  2778.44       0.195161
  0.864    -116.592     -831.88    -339.531     233.026   342360   356611   367768          342360          356611          367768 0.968113  2779.52       0.195513
  0.866    -117.777     -832.78    -339.065     233.103   342097   356611   367708          342097          356611          367708 0.96937  2780.61       0.195859
  0.868    -118.955    -833.681    -338.598     233.177   341947   351853   367529          341947          351853          367529 0.969124   2781.7       0.196201
   0.87    -120.127    -834.582    -338.132     233.249   341847   351853   367324          341847          351853          367324 0.968389   2782.8       0.196538
  0.872    -121.294    -835.483    -337.665      233.32   341722   351853   367179          341722          351853          367179 0.968207  2783.89       0.196872
  0.874    -122.454    -836.385    -337.199     233.389   341585   351853   367040          341585          351853          367040 0.968147  2784.99       0.197204
  0.876    -123.608    -837.288    -336.732     233.458   341531   351853   366826          341531          351853          366826 0.967003  2786.09       0.197535
  0.878    -124.757    -838.191    -336.265     233.526   341409   351853   366606          341409          351853          366606 0.966265  2787.19       0.197866
   0.88      -125.9    -839.095    -335.798     233.595   341387   351853   366413          341387          351853          366413 0.965016  2788.29       0.198198
  0.882    -127.037    -839.999     -335.33     233.663   341248   351853   366304          341248          351853          366304 0.96512   2789.4       0.198533
  0.884    -128.168    -840.903    -334.863     233.733   341141   351853   366199          341141          351853          366199 0.965005  2790.51        0.19887
  0.886    -129.294    -841.808    -334.396     233.804   340997   351853   366051          340997          351853          366051 0.964824  2791.62       0.199212
  0.888    -130.414    -842.714    -333.928     233.876   340775   351853   365918          340775          351853          365918 0.965296  2792.73       0.199559
   0.89    -131.529     -843.62     -333.46     233.951   340607   351853   365729          340607          351853          365729 0.965022  2793.85       0.199911
  0.892    -132.637    -844.527    -332.992     234.028   340573   351853   365632          340573          351853          365632 0.964439  2794.97       0.200271
  0.894    -133.741    -845.434    -332.524     234.108   340416   351853   365542          340416          351853          365542 0.964744  2796.09       0.200638
  0.896    -134.839    -846.342    -332.056     234.191   340281   350227   365312          340281          350227          365312 0.963889  2797.21       0.201014
  0.898    -135.931     -847.25    -331.587     234.278   340169   350227   365194          340169          350227          365194 0.963662  2798.34         0.2014
    0.9    -137.018    -848.159    -331.119     234.369   340087   350227   365025          340087          350227          365025 0.962825  2799.47       0.201796
  0.902    -138.099    -849.068     -330.65     234.464   340034   350227   364921          340034          350227          364921 0.962207   2800.6       0.202203
  0.904    -139.176    -849.978    -330.181     234.564   339826   350227   364700          339826          350227          364700 0.961847  2801.73       0.202622
  0.906    -140.247    -850.888    -329.711     234.669   339689   350227   364559          339689          350227          364559 0.961589  2802.87       0.203054
  0.908    -141.312    -851.799    -329.242      234.78   339524   350227   364422          339524          350227          364422 0.961565  2804.01       0.203498
   0.91    -142.373     -852.71    -328.772     234.896   339350   350227   364259          339350          350227          364259 0.96142  2805.15       0.203956
  0.912    -143.428    -853.622    -328.302     235.018   339275   350227   364117          339275          350227          364117 0.960678   2806.3       0.204428
  0.914    -144.478    -854.534    -327.832     235.146   339151   350227   363997          339151          350227          363997 0.960435  2807.45       0.204915
  0.916    -145.523    -855.447    -327.362      235.28   339071   350227   363851          339071          350227          363851 0.959642   2808.6       0.205417
  0.918    -146.562     -856.36    -326.891     235.422   339034   350227   363747          339034          350227          363747 0.958793  2809.75       0.205934
   0.92    -147.597    -857.274     -326.42      235.57   338875   350227   363687          338875          350227          363687 0.959167  2810.91       0.206467
  0.922    -148.627    -858.188    -325.949     235.724   338651   350227   363567          338651          350227          363567 0.959571  2812.07       0.207016
  0.924    -149.651    -859.103    -325.477     235.886   338301   350227   363431          338301          350227          363431 0.960837  2813.24       0.207581
  0.926    -150.671    -860.018    -325.005     236.056   338122   350227   363287          338122          350227          363287 0.960774  2814.41       0.208162
  0.928    -151.686    -860.934    -324.533     236.232   337878   350227   363204          337878          350227          363204 0.961669  2815.58        0.20876
   0.93    -152.696     -861.85     -324.06     236.416   337791   350227   363096          337791          350227          363096 0.961207  2816.76       0.209373
  0.932    -153.701    -862.767    -323.587     236.607   337488   350227   362968          337488          350227          362968 0.962191  2817.94       0.210003
  0.934    -154.701    -863.684    -323.114     236.806   337240   350227   362782          337240          350227          362782 0.962413  2819.13       0.210649
  0.936    -155.696    -864.602     -322.64     237.012   337140   350227   362602          337140          350227          362602 0.961582  2820.32       0.211311
  0.938    -156.687     -865.52    -322.166     237.225   336848   350227   362478          336848          350227          362478 0.962616  2821.51       0.211988
   0.94    -157.673    -866.439    -321.691     237.446   336655   350227   362329          336655          350227          362329 0.962795  2822.71       0.212681
  0.942    -158.654    -867.359    -321.216     237.674   336459   350227   362160          336459          350227          362160 0.962863  2823.91       0.213389
  0.944     -159.63    -868.278     -320.74     237.909   336313   350227   362101          336313          350227          362101 0.963387  2825.12       0.214111
  0.946    -160.602    -869.199    -320.264      238.15   336248   350227   361996          336248          350227          361996 0.962919  2826.33       0.214848
  0.948    -161.569    -870.119    -319.788     238.399   335991   347718   361920          335991          347718          361920 0.96407  2827.55       0.215598
   0.95    -162.532    -871.041    -319.311     238.654   335812   347718   361804          335812          347718          361804 0.964377  2828.77       0.216362
  0.952     -163.49    -871.962    -318.833     238.915   335699   347718   361663          335699          347718          361663 0.964008     2830       0.217138
  0.954    -164.443    -872.885    -318.355     239.182   335600   347718   361539          335600          347718          361539 0.963654  2831.23       0.217925
  0.956    -165.392    -873.808    -317.877     239.456   335413   347718   361413          335413          347718          361413 0.963929  2832.47       0.218725
  0.958    -166.336    -874.731    -317.397     239.734   335307   347718   361262          335307          347718          361262 0.963432  2833.71       0.219534
   0.96    -167.276    -875.655    -316.918     240.018   335064   347688   361048          335064          347688          361048 0.963514  2834.95       0.220354
  0.962    -168.212    -876.579    -316.437     240.307   334931   347688   360956          334931          347688          360956 0.963705  2836.21       0.221182
  0.964    -169.143    -877.504    -315.956     240.601   334739   347688   360756          334739          347688          360756 0.96356  2837.46       0.222018
  0.966     -170.07    -878.429    -315.475     240.898   334605   347688   360666          334605          347688          360666 0.963797  2838.73       0.222862
  0.968    -170.992    -879.355    -314.993       241.2   334380   347688   360559          334380          347688          360559 0.964589  2839.99       0.223712
   0.97     -171.91    -880.281     -314.51     241.505   334314   347688   360467          334314          347688          360467 0.964308  2841.27       0.224568
  0.972    -172.824    -881.208    -314.027     241.813   334260   347688   360383          334260          347688          360383 0.963959  2842.55       0.225428
  0.974    -173.734    -882.135    -313.543     242.124   334098   347688   360274          334098          347688          360274 0.9642  2843.83       0.226292
  0.976    -174.639    -883.063    -313.058     242.437   334017   347688   360100          334017          347688          360100 0.963358  2845.12       0.227158
  0.978     -175.54    -883.991    -312.573     242.752   333911   347688   359992          333911          347688          359992 0.963173  2846.42       0.228026
   0.98    -176.437     -884.92    -312.087     243.068   333818   347688   359836          333818          347688          359836 0.962526  2847.72       0.228895
  0.982     -177.33    -885.849    -311.601     243.386   333673   347688   359699          333673          347688          359699 0.962385  2849.02       0.229763
  0.984    -178.218    -886.779    -311.114     243.703   333502   347688   359464          333502          347688          359464 0.961745  2850.34        0.23063
  0.986    -179.103    -887.709    -310.626     244.021   333384   347688   359338          333384          347688          359338 0.961533  2851.65       0.231495
  0.988    -179.983     -888.64    -310.138     244.339   333196   347688   359207          333196          347688          359207 0.961781  2852.98       0.232357
   0.99    -180.859    -889.572    -309.649     244.656   332995   347688   359154          332995          347688          359154 0.96267  2854.31       0.233214
  0.992    -181.732    -890.503    -309.159     244.972   332729   347302   359045          332729          347302          359045 0.963635  2855.64       0.234066
  0.994      -182.6    -891.436    -308.669     245.286   332324   347302   358923          332324          347302          358923 0.965546  2856.98       0.234912
  0.996    -183.464    -892.368    -308.178     245.598   332250   347302   358838          332250          347302          358838 0.965409  2858.32       0.235751
  0.998    -184.325    -893.302    -307.686     245.907   332119   347302   358791          332119          347302          358791 0.965895  2859.67       0.236582
      1    -185.181    -894.236    -307.194     246.214   331908   347302   358659          331908          347302          358659 0.966354  2861.03       0.237405
  1.002    -186.033     -895.17    -306.701     246.517   331537   347302   358524          331537          347302          358524 0.967926  2862.39       0.238217
  1.004    -186.882    -896.105    -306.208     246.816   331329   347302   358380          331329          347302          358380 0.968371  2863.76       0.239019
  1.006    -187.727     -897.04    -305.714     247.112   331192   347302   358323          331192          347302          358323 0.968943  2865.13        0.23981
  1.008    -188.567    -897.976     -305.22     247.402   331081   347302   358180          331081          347302          358180 0.968754  2866.51       0.240588
   1.01    -189.404    -898.912    -304.725     247.688   331016   347302   358112          331016          347302          358112 0.968731  2867.89       0.241354
  1.012    -190.237    -899.849    -304.229     247.969   330889   347211   358007          330889          347211          358007 0.968845  2869.27       0.242106
  1.014    -191.067    -900.787    -303.733     248.244   330792   347211   357944          330792          347211          357944 0.969023  2870.67       0.242844
  1.016    -191.892    -901.724    -303.236     248.514   330659   347211   357674          330659          347211          357674 0.968098  2872.06       0.243567
  1.018    -192.714    -902.663    -302.739     248.777   330584   347211   357616          330584          347211          357616 0.968161  2873.46       0.244275
   1.02    -193.532    -903.602    -302.241     249.034   330459   342912   357536          330459          342912          357536 0.96836  2874.87       0.244967
  1.022    -194.347    -904.541    -301.743     249.284   330342   342912   357418          330342          342912          357418 0.968249  2876.28       0.245642
  1.024    -195.158    -905.481    -301.244     249.528   330249   342912   357310          330249          342912          357310 0.968049   2877.7       0.246301
  1.026    -195.965    -906.421    -300.744     249.764   330069   342912   357144          330069          342912          357144 0.968013  2879.12       0.246943
  1.028    -196.768    -907.362    -300.245     249.993   329815   342912   357005          329815          342912          357005 0.96865  2880.54       0.247567
   1.03    -197.568    -908.304    -299.744     250.215   329723   342848   356841          329723          342848          356841 0.968128  2881.97       0.248173
  1.032    -198.365    -909.246    -299.244     250.429   329537   342848   356717          329537          342848          356717 0.968464   2883.4       0.248761
  1.034    -199.157    -910.188    -298.743     250.635   329449   342848   356611          329449          342848          356611 0.968279  2884.84       0.249331
  1.036    -199.946    -911.131    -298.241     250.834   329309   342848   356357          329309          342848          356357 0.967507  2886.28       0.249883
  1.038    -200.732    -912.074    -297.739     251.024   329186   342848   356090          329186          342848          356090 0.966558  2887.72       0.250416
   1.04    -201.514    -913.018    -297.237     251.207   329086   342848   355912          329086          342848          355912 0.966044  2889.17       0.250931
  1.042    -202.293    -913.963    -296.735     251.382   328973   341974   355838          328973          341974          355838 0.966252  2890.62       0.251427
  1.044    -203.068    -914.908    -296.232     251.549   328771   341634   355567          328771          341634          355567 0.965793  2892.08       0.251906
  1.046     -203.84    -915.853    -295.728     251.707   328705   341634   355362          328705          341634          355362 0.964913  2893.54       0.252365
  1.048    -204.608    -916.799    -295.225     251.858   328605   341634   355264          328605          341634          355264 0.964902     2895       0.252807
   1.05    -205.373    -917.746    -294.721     252.001   328456   341634   355188          328456          341634          355188 0.96531  2896.46       0.253232
  1.052    -206.135    -918.693    -294.217     252.137   328158   341634   355086          328158          341634          355086 0.966508  2897.93       0.253638
  1.054    -206.893     -919.64    -293.712     252.264   328029   341634   354991          328029          341634          354991 0.966696   2899.4       0.254027
  1.056    -207.648    -920.588    -293.208     252.385   327929   341634   354881          327929          341634          354881 0.96659  2900.88         0.2544
  1.058    -208.399    -921.537    -292.703     252.498   327770   341634   354809          327770          341634          354809 0.967066  2902.36       0.254756
   1.06    -209.147    -922.486    -292.198     252.603   327642   341634   354616          327642          341634          354616 0.966585  2903.84       0.255096
  1.062    -209.892    -923.435    -291.693     252.702   327548   341634   354539          327548          341634          354539 0.966614  2905.32        0.25542
  1.064    -210.634    -924.385    -291.187     252.794   327408   341634   354441          327408          341634          354441 0.966791   2906.8       0.255729
  1.066    -211.372    -925.335    -290.681     252.879   327298   341634   354335          327298          341634          354335 0.966707  2908.29       0.256024
  1.068    -212.107    -926.286    -290.176     252.958   327190   341634   354233          327190          341634          354233 0.966621  2909.78       0.256305
   1.07    -212.839    -927.238     -289.67     253.031   327095   341634   354138          327095          341634          354138 0.966468  2911.28       0.256572
  1.072    -213.568     -928.19    -289.163     253.098   326782   341634   353967          326782          341634          353967 0.967202  2912.77       0.256827
  1.074    -214.293    -929.142    -288.657      253.16   326567   341634   353914          326567          341634          353914 0.968083  2914.27       0.257069
  1.076    -215.016    -930.095    -288.151     253.216   326373   341634   353848          326373          341634          353848 0.968766  2915.77       0.257301
  1.078    -215.735    -931.049    -287.644     253.268   326045   341634   353781          326045          341634          353781 0.97027  2917.27       0.257521
   1.08    -216.451    -932.003    -287.138     253.314   325960   336695   353590          325960          336695          353590 0.969559  2918.77       0.257732
  1.082    -217.164    -932.957    -286.631     253.357   325894   336695   353426          325894          336695          353426 0.968889  2920.28       0.257933
  1.084    -217.874    -933.912    -286.124     253.396   325814   336695   353289          325814          336695          353289 0.968451  2921.79       0.258126
  1.086    -218.581    -934.867    -285.617     253.431   325624   336695   353172          325624          336695          353172 0.968807  2923.29       0.258311
  1.088    -219.285    -935.823    -285.111     253.463   325495   336695   353040          325495          336695          353040 0.968707  2924.81       0.258489
   1.09    -219.986     -936.78    -284.604     253.492   325396   336695   352852          325396          336695          352852 0.968069  2926.32        0.25866
  1.092    -220.683    -937.737    -284.097     253.518   325272   336695   352778          325272          336695          352778 0.968291  2927.83       0.258827
  1.094    -221.378    -938.694     -283.59     253.543   325146   336340   352681          325146          336340          352681 0.968373  2929.35       0.258988
  1.096     -222.07    -939.652    -283.082     253.565   325057   336340   352499          325057          336340          352499 0.967666  2930.87       0.259146
  1.098    -222.759     -940.61    -282.575     253.586   325026   336340   352312          325026          336340          352312 0.966544  2932.39       0.259301
    1.1    -223.445    -941.569    -282.068     253.606   324877   336340   352204          324877          336340          352204 0.966691  2933.91       0.259453
  1.102    -224.128    -942.529    -281.561     253.626   324675   336340   352127          324675          336340          352127 0.967388  2935.43       0.259604
  1.104    -224.808    -943.488    -281.054     253.645   324606   336340   351981          324606          336340          351981 0.966763  2936.96       0.259753
  1.106    -225.485    -944.449    -280.546     253.664   324477   336340   351924          324477          336340          351924 0.967081  2938.48       0.259903
  1.108    -226.159    -945.409    -280.039     253.683   324330   336340   351806          324330          336340          351806 0.96711  2940.01       0.260053
